ID	Name	Sex	Session	DistanceError	AngleError	PracMode	ExperMode	Background	Track	Direction	MoveMode	SpeedMode	Pause	PauseNum	Speed	InitSpeed	SpeedMin	SpeedMax	AccelerationMin	AccelerationMax	AngleSpeedMin	AngleSpeedMax	RotateAngleMin	RotateAngleMax	PracTime	ExperTime	PracTimes	ExperTimes	Pra_Test	Trial	PointNum	PointTime	ObjPointX	ObjPointY	PostPointX	PostPointY	ObjRotate	PostRotate	Distance	RotateError	Hit	ObjSpeedX	ObjSpeedY	PostSpeedX	PostSpeedY	ObjRotateSpeed	PostRotateSpeed
11	11	ÄÐ	0	10.00	10.00	0	1	0	0	0	0	0	0	-1	5.00	-1.00	-1.00	-1.00	-1.00	-1.00	-1.00	-1.00	-1.00	-1.00	60	60	1	1	1	1	1	6691505	876	360	576	360	0.00	0.00	300.00	0.00	0	-0.00	-5.00	0.00	0.00	0.00	0.00
11	11	ÄÐ	0	10.00	10.00	0	1	0	0	0	0	0	0	-1	5.00	-1.00	-1.00	-1.00	-1.00	-1.00	-1.00	-1.00	-1.00	-1.00	60	60	1	1	1	1	2	6691545	875	359	576	360	0.00	0.00	299.00	0.00	0	-0.00	-5.00	-200.00	-200.00	0.00	0.00
11	11	ÄÐ	0	10.00	10.00	0	1	0	0	0	0	0	0	-1	5.00	-1.00	-1.00	-1.00	-1.00	-1.00	-1.00	-1.00	-1.00	-1.00	60	60	1	1	1	1	3	6691586	875	359	567	351	0.00	0.00	308.10	0.00	0	-0.01	-5.00	-200.00	-200.00	0.00	0.00
11	11	ÄÐ	0	10.00	10.00	0	1	0	0	0	0	0	0	-1	5.00	-1.00	-1.00	-1.00	-1.00	-1.00	-1.00	-1.00	-1.00	-1.00	60	60	1	1	1	1	4	6691627	875	359	559	343	0.00	0.00	316.40	0.00	0	-0.01	-5.00	-200.00	-200.00	0.00	0.00
11	11	ÄÐ	0	10.00	10.00	0	1	0	0	0	0	0	0	-1	5.00	-1.00	-1.00	-1.00	-1.00	-1.00	-1.00	-1.00	-1.00	-1.00	60	60	1	1	1	1	5	6691668	875	359	551	335	0.00	0.00	324.89	0.00	0	-0.01	-5.00	-200.00	-200.00	0.00	0.00
11	11	ÄÐ	0	10.00	10.00	0	1	0	0	0	0	0	0	-1	5.00	-1.00	-1.00	-1.00	-1.00	-1.00	-1.00	-1.00	-1.00	-1.00	60	60	1	1	1	1	6	6691708	875	358	543	327	0.00	0.00	333.44	0.00	0	-0.02	-5.00	0.00	0.00	0.00	0.00
11	11	ÄÐ	0	10.00	10.00	0	1	0	0	0	0	0	0	-1	5.00	-1.00	-1.00	-1.00	-1.00	-1.00	-1.00	-1.00	-1.00	-1.00	60	60	1	1	1	1	7	6691748	875	358	543	327	0.00	0.00	333.44	0.00	0	-0.02	-5.00	0.00	0.00	0.00	0.00
11	11	ÄÐ	0	10.00	10.00	0	1	0	0	0	0	0	0	-1	5.00	-1.00	-1.00	-1.00	-1.00	-1.00	-1.00	-1.00	-1.00	-1.00	60	60	1	1	1	1	8	6691788	875	358	543	327	0.00	0.00	333.44	0.00	0	-0.02	-5.00	0.00	0.00	0.00	0.00
11	11	ÄÐ	0	10.00	10.00	0	1	0	0	0	0	0	0	-1	5.00	-1.00	-1.00	-1.00	-1.00	-1.00	-1.00	-1.00	-1.00	-1.00	60	60	1	1	1	1	9	6691828	875	358	543	327	0.00	0.00	333.44	0.00	0	-0.03	-5.00	-200.00	-200.00	0.00	0.00
11	11	ÄÐ	0	10.00	10.00	0	1	0	0	0	0	0	0	-1	5.00	-1.00	-1.00	-1.00	-1.00	-1.00	-1.00	-1.00	-1.00	-1.00	60	60	1	1	1	1	10	6691868	875	358	534	318	0.00	0.00	343.34	0.00	0	-0.03	-5.00	-200.00	-200.00	0.00	0.00
11	11	ÄÐ	0	10.00	10.00	0	1	0	0	0	0	0	0	-1	5.00	-1.00	-1.00	-1.00	-1.00	-1.00	-1.00	-1.00	-1.00	-1.00	60	60	1	1	1	1	11	6691909	875	357	526	310	0.00	0.00	352.15	0.00	0	-0.03	-5.00	-200.00	-200.00	0.00	0.00
11	11	ÄÐ	0	10.00	10.00	0	1	0	0	0	0	0	0	-1	5.00	-1.00	-1.00	-1.00	-1.00	-1.00	-1.00	-1.00	-1.00	-1.00	60	60	1	1	1	1	12	6691949	875	357	518	302	0.00	0.00	361.21	0.00	0	-0.04	-5.00	-200.00	-200.00	0.00	0.00
11	11	ÄÐ	0	10.00	10.00	0	1	0	0	0	0	0	0	-1	5.00	-1.00	-1.00	-1.00	-1.00	-1.00	-1.00	-1.00	-1.00	-1.00	60	60	1	1	1	1	13	6691989	875	357	510	294	0.00	0.00	370.40	0.00	0	-0.04	-5.00	-200.00	-200.00	0.00	0.00
11	11	ÄÐ	0	10.00	10.00	0	1	0	0	0	0	0	0	-1	5.00	-1.00	-1.00	-1.00	-1.00	-1.00	-1.00	-1.00	-1.00	-1.00	60	60	1	1	1	1	14	6692029	875	357	502	286	0.00	0.00	379.70	0.00	0	-0.04	-5.00	0.00	0.00	0.00	0.00
11	11	ÄÐ	0	10.00	10.00	0	1	0	0	0	0	0	0	-1	5.00	-1.00	-1.00	-1.00	-1.00	-1.00	-1.00	-1.00	-1.00	-1.00	60	60	1	1	1	1	15	6692069	875	357	502	286	0.00	0.00	379.70	0.00	0	-0.05	-5.00	0.00	0.00	0.00	0.00
11	11	ÄÐ	0	10.00	10.00	0	1	0	0	0	0	0	0	-1	5.00	-1.00	-1.00	-1.00	-1.00	-1.00	-1.00	-1.00	-1.00	-1.00	60	60	1	1	1	1	16	6692110	875	356	502	286	0.00	0.00	379.51	0.00	0	-0.05	-5.00	0.00	0.00	0.00	0.00
11	11	ÄÐ	0	10.00	10.00	0	1	0	0	0	0	0	0	-1	5.00	-1.00	-1.00	-1.00	-1.00	-1.00	-1.00	-1.00	-1.00	-1.00	60	60	1	1	1	1	17	6692150	875	356	502	286	0.00	0.00	379.51	0.00	0	-0.05	-5.00	0.00	0.00	0.00	0.00
11	11	ÄÐ	0	10.00	10.00	0	1	0	0	0	0	0	0	-1	5.00	-1.00	-1.00	-1.00	-1.00	-1.00	-1.00	-1.00	-1.00	-1.00	60	60	1	1	1	1	18	6692191	875	356	502	286	0.00	0.00	379.51	0.00	0	-0.06	-5.00	0.00	0.00	0.00	0.00
11	11	ÄÐ	0	10.00	10.00	0	1	0	0	0	0	0	0	-1	5.00	-1.00	-1.00	-1.00	-1.00	-1.00	-1.00	-1.00	-1.00	-1.00	60	60	1	1	1	1	19	6692231	875	356	502	286	0.00	0.00	379.51	0.00	0	-0.06	-5.00	0.00	0.00	0.00	0.00
11	11	ÄÐ	0	10.00	10.00	0	1	0	0	0	0	0	0	-1	5.00	-1.00	-1.00	-1.00	-1.00	-1.00	-1.00	-1.00	-1.00	-1.00	60	60	1	1	1	1	20	6692271	875	356	502	286	0.00	0.00	379.51	0.00	0	-0.06	-5.00	0.00	0.00	0.00	0.00
11	11	ÄÐ	0	10.00	10.00	0	1	0	0	0	0	0	0	-1	5.00	-1.00	-1.00	-1.00	-1.00	-1.00	-1.00	-1.00	-1.00	-1.00	60	60	1	1	1	1	21	6692311	875	355	502	286	0.00	0.00	379.33	0.00	0	-0.07	-5.00	0.00	0.00	0.00	0.00
11	11	ÄÐ	0	10.00	10.00	0	1	0	0	0	0	0	0	-1	5.00	-1.00	-1.00	-1.00	-1.00	-1.00	-1.00	-1.00	-1.00	-1.00	60	60	1	1	1	1	22	6692351	875	355	502	286	0.00	0.00	379.33	0.00	0	-0.07	-5.00	0.00	0.00	0.00	0.00
11	11	ÄÐ	0	10.00	10.00	0	1	0	0	0	0	0	0	-1	5.00	-1.00	-1.00	-1.00	-1.00	-1.00	-1.00	-1.00	-1.00	-1.00	60	60	1	1	1	1	23	6692391	875	355	502	286	0.00	0.00	379.33	0.00	0	-0.07	-5.00	0.00	0.00	0.00	0.00
11	11	ÄÐ	0	10.00	10.00	0	1	0	0	0	0	0	0	-1	5.00	-1.00	-1.00	-1.00	-1.00	-1.00	-1.00	-1.00	-1.00	-1.00	60	60	1	1	1	1	24	6692432	875	355	502	286	0.00	0.00	379.33	0.00	0	-0.08	-5.00	0.00	0.00	0.00	0.00
11	11	ÄÐ	0	10.00	10.00	0	1	0	0	0	0	0	0	-1	5.00	-1.00	-1.00	-1.00	-1.00	-1.00	-1.00	-1.00	-1.00	-1.00	60	60	1	1	1	1	25	6692472	875	355	502	286	0.00	0.00	379.33	0.00	0	-0.08	-5.00	0.00	0.00	0.00	0.00
11	11	ÄÐ	0	10.00	10.00	0	1	0	0	0	0	0	0	-1	5.00	-1.00	-1.00	-1.00	-1.00	-1.00	-1.00	-1.00	-1.00	-1.00	60	60	1	1	1	1	26	6692512	875	354	502	286	0.00	0.00	379.15	0.00	0	-0.08	-5.00	0.00	0.00	0.00	0.00
11	11	ÄÐ	0	10.00	10.00	0	1	0	0	0	0	0	0	-1	5.00	-1.00	-1.00	-1.00	-1.00	-1.00	-1.00	-1.00	-1.00	-1.00	60	60	1	1	1	1	27	6692552	875	354	502	286	0.00	0.00	379.15	0.00	0	-0.09	-5.00	0.00	0.00	0.00	0.00
11	11	ÄÐ	0	10.00	10.00	0	1	0	0	0	0	0	0	-1	5.00	-1.00	-1.00	-1.00	-1.00	-1.00	-1.00	-1.00	-1.00	-1.00	60	60	1	1	1	1	28	6692592	875	354	502	286	0.00	0.00	379.15	0.00	0	-0.09	-5.00	0.00	0.00	0.00	0.00
11	11	ÄÐ	0	10.00	10.00	0	1	0	0	0	0	0	0	-1	5.00	-1.00	-1.00	-1.00	-1.00	-1.00	-1.00	-1.00	-1.00	-1.00	60	60	1	1	1	1	29	6692632	875	354	502	286	0.00	0.00	379.15	0.00	0	-0.09	-5.00	0.00	0.00	0.00	0.00
11	11	ÄÐ	0	10.00	10.00	0	1	0	0	0	0	0	0	-1	5.00	-1.00	-1.00	-1.00	-1.00	-1.00	-1.00	-1.00	-1.00	-1.00	60	60	1	1	1	1	30	6692673	875	354	502	286	0.00	0.00	379.15	0.00	0	-0.10	-5.00	0.00	0.00	0.00	0.00
11	11	ÄÐ	0	10.00	10.00	0	1	0	0	0	0	0	0	-1	5.00	-1.00	-1.00	-1.00	-1.00	-1.00	-1.00	-1.00	-1.00	-1.00	60	60	1	1	1	1	31	6692713	875	353	502	286	0.00	0.00	378.97	0.00	0	-0.10	-5.00	0.00	0.00	0.00	0.00
11	11	ÄÐ	0	10.00	10.00	0	1	0	0	0	0	0	0	-1	5.00	-1.00	-1.00	-1.00	-1.00	-1.00	-1.00	-1.00	-1.00	-1.00	60	60	1	1	1	1	32	6692754	875	353	502	286	0.00	0.00	378.97	0.00	0	-0.11	-5.00	0.00	0.00	0.00	0.00
11	11	ÄÐ	0	10.00	10.00	0	1	0	0	0	0	0	0	-1	5.00	-1.00	-1.00	-1.00	-1.00	-1.00	-1.00	-1.00	-1.00	-1.00	60	60	1	1	1	1	33	6692794	875	353	502	286	0.00	0.00	378.97	0.00	0	-0.11	-5.00	0.00	0.00	0.00	0.00
11	11	ÄÐ	0	10.00	10.00	0	1	0	0	0	0	0	0	-1	5.00	-1.00	-1.00	-1.00	-1.00	-1.00	-1.00	-1.00	-1.00	-1.00	60	60	1	1	1	1	34	6692834	875	353	502	286	0.00	0.00	378.97	0.00	0	-0.11	-5.00	0.00	0.00	0.00	0.00
11	11	ÄÐ	0	10.00	10.00	0	1	0	0	0	0	0	0	-1	5.00	-1.00	-1.00	-1.00	-1.00	-1.00	-1.00	-1.00	-1.00	-1.00	60	60	1	1	1	1	35	6692874	875	353	502	286	0.00	0.00	378.97	0.00	0	-0.12	-5.00	0.00	0.00	0.00	0.00
11	11	ÄÐ	0	10.00	10.00	0	1	0	0	0	0	0	0	-1	5.00	-1.00	-1.00	-1.00	-1.00	-1.00	-1.00	-1.00	-1.00	-1.00	60	60	1	1	1	2	1	6699723	876	360	576	360	0.00	0.00	300.00	0.00	0	-0.00	-5.00	0.00	0.00	0.00	0.00
11	11	ÄÐ	0	10.00	10.00	0	1	0	0	0	0	0	0	-1	5.00	-1.00	-1.00	-1.00	-1.00	-1.00	-1.00	-1.00	-1.00	-1.00	60	60	1	1	1	2	2	6699763	875	359	576	360	0.00	0.00	299.00	0.00	0	-0.00	-5.00	0.00	-200.00	0.00	0.00
11	11	ÄÐ	0	10.00	10.00	0	1	0	0	0	0	0	0	-1	5.00	-1.00	-1.00	-1.00	-1.00	-1.00	-1.00	-1.00	-1.00	-1.00	60	60	1	1	1	2	3	6699803	875	359	576	351	0.00	0.00	299.11	0.00	0	-0.01	-5.00	200.00	-200.00	0.00	0.00
11	11	ÄÐ	0	10.00	10.00	0	1	0	0	0	0	0	0	-1	5.00	-1.00	-1.00	-1.00	-1.00	-1.00	-1.00	-1.00	-1.00	-1.00	60	60	1	1	1	2	4	6699843	875	359	584	343	0.00	0.00	291.44	0.00	0	-0.01	-5.00	200.00	-200.00	0.00	0.00
11	11	ÄÐ	0	10.00	10.00	0	1	0	0	0	0	0	0	-1	5.00	-1.00	-1.00	-1.00	-1.00	-1.00	-1.00	-1.00	-1.00	-1.00	60	60	1	1	1	2	5	6699883	875	359	592	335	0.00	0.00	284.02	0.00	0	-0.01	-5.00	200.00	-200.00	0.00	0.00
11	11	ÄÐ	0	10.00	10.00	0	1	0	0	0	0	0	0	-1	5.00	-1.00	-1.00	-1.00	-1.00	-1.00	-1.00	-1.00	-1.00	-1.00	60	60	1	1	1	2	6	6699923	875	358	600	327	0.00	0.00	276.74	0.00	0	-0.02	-5.00	0.00	0.00	0.00	0.00
11	11	ÄÐ	0	10.00	10.00	0	1	0	0	0	0	0	0	-1	5.00	-1.00	-1.00	-1.00	-1.00	-1.00	-1.00	-1.00	-1.00	-1.00	60	60	1	1	1	2	7	6699963	875	358	600	327	0.00	0.00	276.74	0.00	0	-0.02	-5.00	0.00	0.00	0.00	0.00
11	11	ÄÐ	0	10.00	10.00	0	1	0	0	0	0	0	0	-1	5.00	-1.00	-1.00	-1.00	-1.00	-1.00	-1.00	-1.00	-1.00	-1.00	60	60	1	1	1	2	8	6700003	875	358	600	327	0.00	0.00	276.74	0.00	0	-0.02	-5.00	0.00	0.00	0.00	0.00
11	11	ÄÐ	0	10.00	10.00	0	1	0	0	0	0	0	0	-1	5.00	-1.00	-1.00	-1.00	-1.00	-1.00	-1.00	-1.00	-1.00	-1.00	60	60	1	1	1	2	9	6700043	875	358	600	327	0.00	0.00	276.74	0.00	0	-0.03	-5.00	0.00	0.00	0.00	0.00
11	11	ÄÐ	0	10.00	10.00	0	1	0	0	0	0	0	0	-1	5.00	-1.00	-1.00	-1.00	-1.00	-1.00	-1.00	-1.00	-1.00	-1.00	60	60	1	1	1	2	10	6700084	875	358	600	327	0.00	0.00	276.74	0.00	0	-0.03	-5.00	0.00	0.00	0.00	0.00
11	11	ÄÐ	0	10.00	10.00	0	1	0	0	0	0	0	0	-1	5.00	-1.00	-1.00	-1.00	-1.00	-1.00	-1.00	-1.00	-1.00	-1.00	60	60	1	1	1	2	11	6700124	875	357	600	327	0.00	0.00	276.63	0.00	0	-0.03	-5.00	0.00	0.00	0.00	0.00
11	11	ÄÐ	0	10.00	10.00	0	1	0	0	0	0	0	0	-1	5.00	-1.00	-1.00	-1.00	-1.00	-1.00	-1.00	-1.00	-1.00	-1.00	60	60	1	1	1	2	12	6700164	875	357	600	327	0.00	0.00	276.63	0.00	0	-0.04	-5.00	0.00	0.00	0.00	0.00
11	11	ÄÐ	0	10.00	10.00	0	1	0	0	0	0	0	0	-1	5.00	-1.00	-1.00	-1.00	-1.00	-1.00	-1.00	-1.00	-1.00	-1.00	60	60	1	1	1	2	13	6700205	875	357	600	327	0.00	0.00	276.63	0.00	0	-0.04	-5.00	0.00	-200.00	0.00	0.00
11	11	ÄÐ	0	10.00	10.00	0	1	0	0	0	0	0	0	-1	5.00	-1.00	-1.00	-1.00	-1.00	-1.00	-1.00	-1.00	-1.00	-1.00	60	60	1	1	1	2	14	6700246	875	357	600	319	0.00	0.00	277.61	0.00	0	-0.04	-5.00	0.00	-200.00	0.00	0.00
11	11	ÄÐ	0	10.00	10.00	0	1	0	0	0	0	0	0	-1	5.00	-1.00	-1.00	-1.00	-1.00	-1.00	-1.00	-1.00	-1.00	-1.00	60	60	1	1	1	2	15	6700286	875	357	600	311	0.00	0.00	278.82	0.00	0	-0.05	-5.00	0.00	-200.00	0.00	0.00
11	11	ÄÐ	0	10.00	10.00	0	1	0	0	0	0	0	0	-1	5.00	-1.00	-1.00	-1.00	-1.00	-1.00	-1.00	-1.00	-1.00	-1.00	60	60	1	1	1	2	16	6700326	875	356	600	303	0.00	0.00	280.06	0.00	0	-0.05	-5.00	0.00	-200.00	0.00	0.00
11	11	ÄÐ	0	10.00	10.00	0	1	0	0	0	0	0	0	-1	5.00	-1.00	-1.00	-1.00	-1.00	-1.00	-1.00	-1.00	-1.00	-1.00	60	60	1	1	1	2	17	6700366	875	356	600	295	0.00	0.00	281.68	0.00	0	-0.05	-5.00	0.00	-200.00	0.00	0.00
11	11	ÄÐ	0	10.00	10.00	0	1	0	0	0	0	0	0	-1	5.00	-1.00	-1.00	-1.00	-1.00	-1.00	-1.00	-1.00	-1.00	-1.00	60	60	1	1	1	2	18	6700406	875	356	600	286	0.00	0.00	283.77	0.00	0	-0.06	-5.00	0.00	-200.00	0.00	0.00
11	11	ÄÐ	0	10.00	10.00	0	1	0	0	0	0	0	0	-1	5.00	-1.00	-1.00	-1.00	-1.00	-1.00	-1.00	-1.00	-1.00	-1.00	60	60	1	1	1	2	19	6700446	875	356	600	278	0.00	0.00	285.85	0.00	0	-0.06	-5.00	0.00	-200.00	0.00	0.00
11	11	ÄÐ	0	10.00	10.00	0	1	0	0	0	0	0	0	-1	5.00	-1.00	-1.00	-1.00	-1.00	-1.00	-1.00	-1.00	-1.00	-1.00	60	60	1	1	1	2	20	6700487	875	356	600	270	0.00	0.00	288.13	0.00	0	-0.06	-5.00	0.00	-200.00	0.00	0.00
11	11	ÄÐ	0	10.00	10.00	0	1	0	0	0	0	0	0	-1	5.00	-1.00	-1.00	-1.00	-1.00	-1.00	-1.00	-1.00	-1.00	-1.00	60	60	1	1	1	2	21	6700527	875	355	600	262	0.00	0.00	290.30	0.00	0	-0.07	-5.00	0.00	-200.00	0.00	0.00
11	11	ÄÐ	0	10.00	10.00	0	1	0	0	0	0	0	0	-1	5.00	-1.00	-1.00	-1.00	-1.00	-1.00	-1.00	-1.00	-1.00	-1.00	60	60	1	1	1	2	22	6700568	875	355	600	254	0.00	0.00	292.96	0.00	0	-0.07	-5.00	0.00	-200.00	0.00	0.00
11	11	ÄÐ	0	10.00	10.00	0	1	0	0	0	0	0	0	-1	5.00	-1.00	-1.00	-1.00	-1.00	-1.00	-1.00	-1.00	-1.00	-1.00	60	60	1	1	1	2	23	6700608	875	355	600	246	0.00	0.00	295.81	0.00	0	-0.07	-5.00	0.00	-200.00	0.00	0.00
11	11	ÄÐ	0	10.00	10.00	0	1	0	0	0	0	0	0	-1	5.00	-1.00	-1.00	-1.00	-1.00	-1.00	-1.00	-1.00	-1.00	-1.00	60	60	1	1	1	2	24	6700648	875	355	600	238	0.00	0.00	298.85	0.00	0	-0.08	-5.00	0.00	-200.00	0.00	0.00
11	11	ÄÐ	0	10.00	10.00	0	1	0	0	0	0	0	0	-1	5.00	-1.00	-1.00	-1.00	-1.00	-1.00	-1.00	-1.00	-1.00	-1.00	60	60	1	1	1	2	25	6700689	875	355	600	229	0.00	0.00	302.49	0.00	0	-0.08	-5.00	0.00	-200.00	0.00	0.00
11	11	ÄÐ	0	10.00	10.00	0	1	0	0	0	0	0	0	-1	5.00	-1.00	-1.00	-1.00	-1.00	-1.00	-1.00	-1.00	-1.00	-1.00	60	60	1	1	1	2	26	6700729	875	354	600	221	0.00	0.00	305.47	0.00	0	-0.08	-5.00	0.00	-200.00	0.00	0.00
11	11	ÄÐ	0	10.00	10.00	0	1	0	0	0	0	0	0	-1	5.00	-1.00	-1.00	-1.00	-1.00	-1.00	-1.00	-1.00	-1.00	-1.00	60	60	1	1	1	2	27	6700769	875	354	600	213	0.00	0.00	309.04	0.00	0	-0.09	-5.00	0.00	-200.00	0.00	0.00
11	11	ÄÐ	0	10.00	10.00	0	1	0	0	0	0	0	0	-1	5.00	-1.00	-1.00	-1.00	-1.00	-1.00	-1.00	-1.00	-1.00	-1.00	60	60	1	1	1	2	28	6700809	875	354	600	205	0.00	0.00	312.77	0.00	0	-0.09	-5.00	0.00	-200.00	0.00	0.00
11	11	ÄÐ	0	10.00	10.00	0	1	0	0	0	0	0	0	-1	5.00	-1.00	-1.00	-1.00	-1.00	-1.00	-1.00	-1.00	-1.00	-1.00	60	60	1	1	1	2	29	6700849	875	354	600	197	0.00	0.00	316.66	0.00	0	-0.09	-5.00	0.00	-200.00	0.00	0.00
11	11	ÄÐ	0	10.00	10.00	0	1	0	0	0	0	0	0	-1	5.00	-1.00	-1.00	-1.00	-1.00	-1.00	-1.00	-1.00	-1.00	-1.00	60	60	1	1	1	2	30	6700889	875	354	600	189	0.00	0.00	320.70	0.00	0	-0.10	-5.00	0.00	-200.00	0.00	0.00
11	11	ÄÐ	0	10.00	10.00	0	1	0	0	0	0	0	0	-1	5.00	-1.00	-1.00	-1.00	-1.00	-1.00	-1.00	-1.00	-1.00	-1.00	60	60	1	1	1	2	31	6700929	875	353	600	181	0.00	0.00	324.36	0.00	0	-0.10	-5.00	0.00	-200.00	0.00	0.00
11	11	ÄÐ	0	10.00	10.00	0	1	0	0	0	0	0	0	-1	5.00	-1.00	-1.00	-1.00	-1.00	-1.00	-1.00	-1.00	-1.00	-1.00	60	60	1	1	1	2	32	6700969	875	353	600	173	0.00	0.00	328.67	0.00	0	-0.10	-5.00	0.00	-200.00	0.00	0.00
11	11	ÄÐ	0	10.00	10.00	0	1	0	0	0	0	0	0	-1	5.00	-1.00	-1.00	-1.00	-1.00	-1.00	-1.00	-1.00	-1.00	-1.00	60	60	1	1	1	2	33	6701009	875	353	600	165	0.00	0.00	333.12	0.00	0	-0.11	-5.00	0.00	0.00	0.00	0.00
11	11	ÄÐ	0	10.00	10.00	0	1	0	0	0	0	0	0	-1	5.00	-1.00	-1.00	-1.00	-1.00	-1.00	-1.00	-1.00	-1.00	-1.00	60	60	1	1	1	2	34	6701049	875	353	600	165	0.00	0.00	333.12	0.00	0	-0.11	-5.00	0.00	0.00	0.00	0.00
11	11	ÄÐ	0	10.00	10.00	0	1	0	0	0	0	0	0	-1	5.00	-1.00	-1.00	-1.00	-1.00	-1.00	-1.00	-1.00	-1.00	-1.00	60	60	1	1	1	2	35	6701090	875	353	600	165	0.00	0.00	333.12	0.00	0	-0.12	-5.00	0.00	0.00	0.00	0.00
11	11	ÄÐ	0	10.00	10.00	0	1	0	0	0	0	0	0	-1	5.00	-1.00	-1.00	-1.00	-1.00	-1.00	-1.00	-1.00	-1.00	-1.00	60	60	1	1	1	2	36	6701130	875	352	600	165	0.00	0.00	332.56	0.00	0	-0.12	-5.00	0.00	0.00	0.00	0.00
11	11	ÄÐ	0	10.00	10.00	0	1	0	0	0	0	0	0	-1	5.00	-1.00	-1.00	-1.00	-1.00	-1.00	-1.00	-1.00	-1.00	-1.00	60	60	1	1	1	2	37	6701170	875	352	600	165	0.00	0.00	332.56	0.00	0	-0.12	-5.00	0.00	0.00	0.00	0.00
11	11	ÄÐ	0	10.00	10.00	0	1	0	0	0	0	0	0	-1	5.00	-1.00	-1.00	-1.00	-1.00	-1.00	-1.00	-1.00	-1.00	-1.00	60	60	1	1	1	2	38	6701210	875	352	600	165	0.00	0.00	332.56	0.00	0	-0.13	-5.00	0.00	0.00	0.00	0.00
11	11	ÄÐ	0	10.00	10.00	0	1	0	0	0	0	0	0	-1	5.00	-1.00	-1.00	-1.00	-1.00	-1.00	-1.00	-1.00	-1.00	-1.00	60	60	1	1	1	2	39	6701250	875	352	600	165	0.00	0.00	332.56	0.00	0	-0.13	-5.00	0.00	0.00	0.00	0.00
11	11	ÄÐ	0	10.00	10.00	0	1	0	0	0	0	0	0	-1	5.00	-1.00	-1.00	-1.00	-1.00	-1.00	-1.00	-1.00	-1.00	-1.00	60	60	1	1	1	2	40	6701291	875	352	600	165	0.00	0.00	332.56	0.00	0	-0.13	-5.00	0.00	0.00	0.00	0.00
11	11	ÄÐ	0	10.00	10.00	0	1	0	0	0	0	0	0	-1	5.00	-1.00	-1.00	-1.00	-1.00	-1.00	-1.00	-1.00	-1.00	-1.00	60	60	1	1	1	2	41	6701332	875	351	600	165	0.00	0.00	332.00	0.00	0	-0.14	-5.00	0.00	0.00	0.00	0.00
11	11	ÄÐ	0	10.00	10.00	0	1	0	0	0	0	0	0	-1	5.00	-1.00	-1.00	-1.00	-1.00	-1.00	-1.00	-1.00	-1.00	-1.00	60	60	1	1	1	2	42	6701372	875	351	600	165	0.00	0.00	332.00	0.00	0	-0.14	-5.00	0.00	0.00	0.00	0.00
11	11	ÄÐ	0	10.00	10.00	0	1	0	0	0	0	0	0	-1	5.00	-1.00	-1.00	-1.00	-1.00	-1.00	-1.00	-1.00	-1.00	-1.00	60	60	1	1	1	2	43	6701413	875	351	600	165	0.00	0.00	332.00	0.00	0	-0.14	-5.00	0.00	0.00	0.00	0.00
11	11	ÄÐ	0	10.00	10.00	0	1	0	0	0	0	0	0	-1	5.00	-1.00	-1.00	-1.00	-1.00	-1.00	-1.00	-1.00	-1.00	-1.00	60	60	1	1	1	2	44	6701453	875	351	600	165	0.00	0.00	332.00	0.00	0	-0.15	-5.00	0.00	0.00	0.00	0.00
11	11	ÄÐ	0	10.00	10.00	0	1	0	0	0	0	0	0	-1	5.00	-1.00	-1.00	-1.00	-1.00	-1.00	-1.00	-1.00	-1.00	-1.00	60	60	1	1	1	2	45	6701493	875	351	600	165	0.00	0.00	332.00	0.00	0	-0.15	-5.00	0.00	0.00	0.00	0.00
11	11	ÄÐ	0	10.00	10.00	0	1	0	0	0	0	0	0	-1	5.00	-1.00	-1.00	-1.00	-1.00	-1.00	-1.00	-1.00	-1.00	-1.00	60	60	1	1	1	2	46	6701533	875	350	600	165	0.00	0.00	331.44	0.00	0	-0.15	-5.00	0.00	0.00	0.00	0.00
11	11	ÄÐ	0	10.00	10.00	0	1	0	0	0	0	0	0	-1	5.00	-1.00	-1.00	-1.00	-1.00	-1.00	-1.00	-1.00	-1.00	-1.00	60	60	1	1	1	2	47	6701574	875	350	600	165	0.00	0.00	331.44	0.00	0	-0.16	-5.00	0.00	0.00	0.00	0.00
11	11	ÄÐ	0	10.00	10.00	0	1	0	0	0	0	0	0	-1	5.00	-1.00	-1.00	-1.00	-1.00	-1.00	-1.00	-1.00	-1.00	-1.00	60	60	1	1	1	2	48	6701614	875	350	600	165	0.00	0.00	331.44	0.00	0	-0.16	-5.00	0.00	0.00	0.00	0.00
11	11	ÄÐ	0	10.00	10.00	0	1	0	0	0	0	0	0	-1	5.00	-1.00	-1.00	-1.00	-1.00	-1.00	-1.00	-1.00	-1.00	-1.00	60	60	1	1	1	2	49	6701654	875	350	600	165	0.00	0.00	331.44	0.00	0	-0.16	-5.00	0.00	0.00	0.00	0.00
11	11	ÄÐ	0	10.00	10.00	0	1	0	0	0	0	0	0	-1	5.00	-1.00	-1.00	-1.00	-1.00	-1.00	-1.00	-1.00	-1.00	-1.00	60	60	1	1	1	2	50	6701694	875	350	600	165	0.00	0.00	331.44	0.00	0	-0.17	-5.00	0.00	0.00	0.00	0.00
11	11	ÄÐ	0	10.00	10.00	0	1	0	0	0	0	0	0	-1	5.00	-1.00	-1.00	-1.00	-1.00	-1.00	-1.00	-1.00	-1.00	-1.00	60	60	1	1	1	2	51	6701734	875	349	600	165	0.00	0.00	330.88	0.00	0	-0.17	-5.00	0.00	0.00	0.00	0.00
11	11	ÄÐ	0	10.00	10.00	0	1	0	0	0	0	0	0	-1	5.00	-1.00	-1.00	-1.00	-1.00	-1.00	-1.00	-1.00	-1.00	-1.00	60	60	1	1	1	2	52	6701775	875	349	600	165	0.00	0.00	330.88	0.00	0	-0.17	-5.00	0.00	0.00	0.00	0.00
11	11	ÄÐ	0	10.00	10.00	0	1	0	0	0	0	0	0	-1	5.00	-1.00	-1.00	-1.00	-1.00	-1.00	-1.00	-1.00	-1.00	-1.00	60	60	1	1	1	2	53	6701815	875	349	600	165	0.00	0.00	330.88	0.00	0	-0.18	-5.00	-200.00	0.00	0.00	0.00
11	11	ÄÐ	0	10.00	10.00	0	1	0	0	0	0	0	0	-1	5.00	-1.00	-1.00	-1.00	-1.00	-1.00	-1.00	-1.00	-1.00	-1.00	60	60	1	1	1	2	54	6701855	875	349	592	165	0.00	0.00	337.56	0.00	0	-0.18	-5.00	-200.00	0.00	0.00	0.00
11	11	ÄÐ	0	10.00	10.00	0	1	0	0	0	0	0	0	-1	5.00	-1.00	-1.00	-1.00	-1.00	-1.00	-1.00	-1.00	-1.00	-1.00	60	60	1	1	1	2	55	6701895	875	349	584	165	0.00	0.00	344.29	0.00	0	-0.18	-5.00	-200.00	0.00	0.00	0.00
11	11	ÄÐ	0	10.00	10.00	0	1	0	0	0	0	0	0	-1	5.00	-1.00	-1.00	-1.00	-1.00	-1.00	-1.00	-1.00	-1.00	-1.00	60	60	1	1	1	2	56	6701935	875	348	575	165	0.00	0.00	351.41	0.00	0	-0.19	-5.00	-200.00	0.00	0.00	0.00
11	11	ÄÐ	0	10.00	10.00	0	1	0	0	0	0	0	0	-1	5.00	-1.00	-1.00	-1.00	-1.00	-1.00	-1.00	-1.00	-1.00	-1.00	60	60	1	1	1	2	57	6701975	875	348	567	165	0.00	0.00	358.26	0.00	0	-0.19	-5.00	0.00	0.00	0.00	0.00
11	11	ÄÐ	0	10.00	10.00	0	1	0	0	0	0	0	0	-1	5.00	-1.00	-1.00	-1.00	-1.00	-1.00	-1.00	-1.00	-1.00	-1.00	60	60	1	1	1	2	58	6702015	875	348	567	165	0.00	0.00	358.26	0.00	0	-0.19	-5.00	0.00	0.00	0.00	0.00
11	11	ÄÐ	0	10.00	10.00	0	1	0	0	0	0	0	0	-1	5.00	-1.00	-1.00	-1.00	-1.00	-1.00	-1.00	-1.00	-1.00	-1.00	60	60	1	1	1	2	59	6702055	875	348	567	165	0.00	0.00	358.26	0.00	0	-0.20	-5.00	0.00	0.00	0.00	0.00
11	11	ÄÐ	0	10.00	10.00	0	1	0	0	0	0	0	0	-1	5.00	-1.00	-1.00	-1.00	-1.00	-1.00	-1.00	-1.00	-1.00	-1.00	60	60	1	1	1	2	60	6702095	875	348	567	165	0.00	0.00	358.26	0.00	0	-0.20	-5.00	0.00	0.00	0.00	0.00
11	11	ÄÐ	0	10.00	10.00	0	1	0	0	0	0	0	0	-1	5.00	-1.00	-1.00	-1.00	-1.00	-1.00	-1.00	-1.00	-1.00	-1.00	60	60	1	1	1	2	61	6702135	875	347	567	165	0.00	0.00	357.75	0.00	0	-0.20	-5.00	0.00	0.00	0.00	0.00
11	11	ÄÐ	0	10.00	10.00	0	1	0	0	0	0	0	0	-1	5.00	-1.00	-1.00	-1.00	-1.00	-1.00	-1.00	-1.00	-1.00	-1.00	60	60	1	1	1	2	62	6702175	875	347	567	165	0.00	0.00	357.75	0.00	0	-0.21	-5.00	0.00	0.00	0.00	0.00
11	11	ÄÐ	0	10.00	10.00	0	1	0	0	0	0	0	0	-1	5.00	-1.00	-1.00	-1.00	-1.00	-1.00	-1.00	-1.00	-1.00	-1.00	60	60	1	1	1	2	63	6702215	875	347	567	165	0.00	0.00	357.75	0.00	0	-0.21	-5.00	0.00	0.00	0.00	0.00
11	11	ÄÐ	0	10.00	10.00	0	1	0	0	0	0	0	0	-1	5.00	-1.00	-1.00	-1.00	-1.00	-1.00	-1.00	-1.00	-1.00	-1.00	60	60	1	1	1	2	64	6702255	875	347	567	165	0.00	0.00	357.75	0.00	0	-0.21	-5.00	0.00	0.00	0.00	0.00
11	11	ÄÐ	0	10.00	10.00	0	1	0	0	0	0	0	0	-1	5.00	-1.00	-1.00	-1.00	-1.00	-1.00	-1.00	-1.00	-1.00	-1.00	60	60	1	1	1	2	65	6702295	875	347	567	165	0.00	0.00	357.75	0.00	0	-0.22	-5.00	0.00	0.00	0.00	0.00
11	11	ÄÐ	0	10.00	10.00	0	1	0	0	0	0	0	0	-1	5.00	-1.00	-1.00	-1.00	-1.00	-1.00	-1.00	-1.00	-1.00	-1.00	60	60	1	1	1	2	66	6702335	875	346	567	165	0.00	0.00	357.25	0.00	0	-0.22	-5.00	0.00	0.00	0.00	0.00
11	11	ÄÐ	0	10.00	10.00	0	1	0	0	0	0	0	0	-1	5.00	-1.00	-1.00	-1.00	-1.00	-1.00	-1.00	-1.00	-1.00	-1.00	60	60	1	1	1	2	67	6702376	875	346	567	165	0.00	0.00	357.25	0.00	0	-0.22	-5.00	0.00	0.00	0.00	0.00
11	11	ÄÐ	0	10.00	10.00	0	1	0	0	0	0	0	0	-1	5.00	-1.00	-1.00	-1.00	-1.00	-1.00	-1.00	-1.00	-1.00	-1.00	60	60	1	1	1	2	68	6702416	875	346	567	165	0.00	0.00	357.25	0.00	0	-0.23	-4.99	0.00	0.00	0.00	0.00
11	11	ÄÐ	0	10.00	10.00	0	1	0	0	0	0	0	0	-1	5.00	-1.00	-1.00	-1.00	-1.00	-1.00	-1.00	-1.00	-1.00	-1.00	60	60	1	1	1	2	69	6702456	875	346	567	165	0.00	0.00	357.25	0.00	0	-0.23	-4.99	0.00	0.00	0.00	0.00
11	11	ÄÐ	0	10.00	10.00	0	1	0	0	0	0	0	0	-1	5.00	-1.00	-1.00	-1.00	-1.00	-1.00	-1.00	-1.00	-1.00	-1.00	60	60	1	1	1	2	70	6702496	875	345	567	165	0.00	0.00	356.74	0.00	0	-0.23	-4.99	0.00	0.00	0.00	0.00
11	11	ÄÐ	0	10.00	10.00	0	1	0	0	0	0	0	0	-1	5.00	-1.00	-1.00	-1.00	-1.00	-1.00	-1.00	-1.00	-1.00	-1.00	60	60	1	1	1	2	71	6702536	875	345	567	165	0.00	0.00	356.74	0.00	0	-0.24	-4.99	0.00	0.00	0.00	0.00
11	11	ÄÐ	0	10.00	10.00	0	1	0	0	0	0	0	0	-1	5.00	-1.00	-1.00	-1.00	-1.00	-1.00	-1.00	-1.00	-1.00	-1.00	60	60	1	1	1	2	72	6702576	875	345	567	165	0.00	0.00	356.74	0.00	0	-0.24	-4.99	0.00	0.00	0.00	0.00
11	11	ÄÐ	0	10.00	10.00	0	1	0	0	0	0	0	0	-1	5.00	-1.00	-1.00	-1.00	-1.00	-1.00	-1.00	-1.00	-1.00	-1.00	60	60	1	1	1	2	73	6702616	875	345	567	165	0.00	0.00	356.74	0.00	0	-0.24	-4.99	0.00	0.00	0.00	0.00
11	11	ÄÐ	0	10.00	10.00	0	1	0	0	0	0	0	0	-1	5.00	-1.00	-1.00	-1.00	-1.00	-1.00	-1.00	-1.00	-1.00	-1.00	60	60	1	1	1	2	74	6702656	875	345	567	165	0.00	0.00	356.74	0.00	0	-0.25	-4.99	0.00	0.00	0.00	0.00
11	11	ÄÐ	0	10.00	10.00	0	1	0	0	0	0	0	0	-1	5.00	-1.00	-1.00	-1.00	-1.00	-1.00	-1.00	-1.00	-1.00	-1.00	60	60	1	1	1	2	75	6702696	875	344	567	165	0.00	0.00	356.24	0.00	0	-0.25	-4.99	0.00	0.00	0.00	0.00
11	11	ÄÐ	0	10.00	10.00	0	1	0	0	0	0	0	0	-1	5.00	-1.00	-1.00	-1.00	-1.00	-1.00	-1.00	-1.00	-1.00	-1.00	60	60	1	1	1	2	76	6702737	875	344	567	165	0.00	0.00	356.24	0.00	0	-0.25	-4.99	0.00	0.00	0.00	0.00
11	11	ÄÐ	0	10.00	10.00	0	1	0	0	0	0	0	0	-1	5.00	-1.00	-1.00	-1.00	-1.00	-1.00	-1.00	-1.00	-1.00	-1.00	60	60	1	1	1	2	77	6702777	875	344	567	165	0.00	0.00	356.24	0.00	0	-0.26	-4.99	0.00	0.00	0.00	0.00
