ID	Name	Sex	Session	DistanceError	AngleError	PracMode	ExperMode	Background	Track	Direction	MoveMode	SpeedMode	Pause	PauseNum	Speed	InitSpeed	SpeedMin	SpeedMax	AccelerationMin	AccelerationMax	AngleSpeedMin	AngleSpeedMax	RotateAngleMin	RotateAngleMax	PracTime	ExperTime	PracTimes	ExperTimes	Pra_Test	Trial	PointNum	PointTime	ObjPointX	ObjPointY	PostPointX	PostPointY	ObjRotate	PostRotate	Distance	RotateError	Hit	ObjSpeedX	ObjSpeedY	PostSpeedX	PostSpeedY	ObjRotateSpeed	PostRotateSpeed
11	11	ÄÐ	0	10.00	10.00	0	1	0	0	0	0	0	0	-1	5.00	-1.00	-1.00	-1.00	-1.00	-1.00	-1.00	-1.00	-1.00	-1.00	60	60	1	1	1	1	1	77734639	938	371	638	371	0.00	0.00	300.00	0.00	0	-0.00	-5.00	0.00	0.00	0.00	0.00
11	11	ÄÐ	0	10.00	10.00	0	1	0	0	0	0	0	0	-1	5.00	-1.00	-1.00	-1.00	-1.00	-1.00	-1.00	-1.00	-1.00	-1.00	60	60	1	1	1	1	2	77734679	937	370	638	371	0.00	0.00	299.00	0.00	0	-0.00	-5.00	0.00	-200.00	0.00	0.00
11	11	ÄÐ	0	10.00	10.00	0	1	0	0	0	0	0	0	-1	5.00	-1.00	-1.00	-1.00	-1.00	-1.00	-1.00	-1.00	-1.00	-1.00	60	60	1	1	1	1	3	77734719	937	370	638	362	0.00	0.00	299.11	0.00	0	-0.01	-5.00	0.00	-200.00	0.00	0.00
11	11	ÄÐ	0	10.00	10.00	0	1	0	0	0	0	0	0	-1	5.00	-1.00	-1.00	-1.00	-1.00	-1.00	-1.00	-1.00	-1.00	-1.00	60	60	1	1	1	1	4	77734759	937	370	638	354	0.00	0.00	299.43	0.00	0	-0.01	-5.00	0.00	-200.00	0.00	0.00
11	11	ÄÐ	0	10.00	10.00	0	1	0	0	0	0	0	0	-1	5.00	-1.00	-1.00	-1.00	-1.00	-1.00	-1.00	-1.00	-1.00	-1.00	60	60	1	1	1	1	5	77734799	937	370	638	346	0.00	0.00	299.96	0.00	0	-0.01	-5.00	0.00	-200.00	0.00	0.00
11	11	ÄÐ	0	10.00	10.00	0	1	0	0	0	0	0	0	-1	5.00	-1.00	-1.00	-1.00	-1.00	-1.00	-1.00	-1.00	-1.00	-1.00	60	60	1	1	1	1	6	77734839	937	369	638	338	0.00	0.00	300.60	0.00	0	-0.02	-5.00	200.00	-200.00	0.00	0.00
11	11	ÄÐ	0	10.00	10.00	0	1	0	0	0	0	0	0	-1	5.00	-1.00	-1.00	-1.00	-1.00	-1.00	-1.00	-1.00	-1.00	-1.00	60	60	1	1	1	1	7	77734879	937	369	646	330	0.00	0.00	293.60	0.00	0	-0.02	-5.00	200.00	-200.00	0.00	0.00
11	11	ÄÐ	0	10.00	10.00	0	1	0	0	0	0	0	0	-1	5.00	-1.00	-1.00	-1.00	-1.00	-1.00	-1.00	-1.00	-1.00	-1.00	60	60	1	1	1	1	8	77734919	937	369	654	322	0.00	0.00	286.88	0.00	0	-0.02	-5.00	200.00	-200.00	0.00	0.00
11	11	ÄÐ	0	10.00	10.00	0	1	0	0	0	0	0	0	-1	5.00	-1.00	-1.00	-1.00	-1.00	-1.00	-1.00	-1.00	-1.00	-1.00	60	60	1	1	1	1	9	77734959	937	369	662	314	0.00	0.00	280.45	0.00	0	-0.03	-5.00	200.00	-200.00	0.00	0.00
11	11	ÄÐ	0	10.00	10.00	0	1	0	0	0	0	0	0	-1	5.00	-1.00	-1.00	-1.00	-1.00	-1.00	-1.00	-1.00	-1.00	-1.00	60	60	1	1	1	1	10	77734999	937	369	670	306	0.00	0.00	274.33	0.00	0	-0.03	-5.00	200.00	-200.00	0.00	0.00
11	11	ÄÐ	0	10.00	10.00	0	1	0	0	0	0	0	0	-1	5.00	-1.00	-1.00	-1.00	-1.00	-1.00	-1.00	-1.00	-1.00	-1.00	60	60	1	1	1	1	11	77735039	937	368	678	298	0.00	0.00	268.29	0.00	0	-0.03	-5.00	200.00	-200.00	0.00	0.00
11	11	ÄÐ	0	10.00	10.00	0	1	0	0	0	0	0	0	-1	5.00	-1.00	-1.00	-1.00	-1.00	-1.00	-1.00	-1.00	-1.00	-1.00	60	60	1	1	1	1	12	77735079	937	368	686	290	0.00	0.00	262.84	0.00	0	-0.04	-5.00	200.00	-200.00	0.00	0.00
11	11	ÄÐ	0	10.00	10.00	0	1	0	0	0	0	0	0	-1	5.00	-1.00	-1.00	-1.00	-1.00	-1.00	-1.00	-1.00	-1.00	-1.00	60	60	1	1	1	1	13	77735120	937	368	694	281	0.00	0.00	258.10	0.00	0	-0.04	-5.00	200.00	-200.00	0.00	0.00
11	11	ÄÐ	0	10.00	10.00	0	1	0	0	0	0	0	0	-1	5.00	-1.00	-1.00	-1.00	-1.00	-1.00	-1.00	-1.00	-1.00	-1.00	60	60	1	1	1	1	14	77735160	937	368	702	273	0.00	0.00	253.48	0.00	0	-0.04	-5.00	200.00	-200.00	0.00	0.00
11	11	ÄÐ	0	10.00	10.00	0	1	0	0	0	0	0	0	-1	5.00	-1.00	-1.00	-1.00	-1.00	-1.00	-1.00	-1.00	-1.00	-1.00	60	60	1	1	1	1	15	77735200	937	368	710	265	0.00	0.00	249.27	0.00	0	-0.05	-5.00	200.00	-200.00	0.00	0.00
11	11	ÄÐ	0	10.00	10.00	0	1	0	0	0	0	0	0	-1	5.00	-1.00	-1.00	-1.00	-1.00	-1.00	-1.00	-1.00	-1.00	-1.00	60	60	1	1	1	1	16	77735240	937	367	719	257	0.00	0.00	244.18	0.00	0	-0.05	-5.00	200.00	-200.00	0.00	0.00
11	11	ÄÐ	0	10.00	10.00	0	1	0	0	0	0	0	0	-1	5.00	-1.00	-1.00	-1.00	-1.00	-1.00	-1.00	-1.00	-1.00	-1.00	60	60	1	1	1	1	17	77735280	937	367	727	249	0.00	0.00	240.88	0.00	0	-0.05	-5.00	200.00	-200.00	0.00	0.00
11	11	ÄÐ	0	10.00	10.00	0	1	0	0	0	0	0	0	-1	5.00	-1.00	-1.00	-1.00	-1.00	-1.00	-1.00	-1.00	-1.00	-1.00	60	60	1	1	1	1	18	77735320	937	367	735	241	0.00	0.00	238.08	0.00	0	-0.06	-5.00	200.00	-200.00	0.00	0.00
11	11	ÄÐ	0	10.00	10.00	0	1	0	0	0	0	0	0	-1	5.00	-1.00	-1.00	-1.00	-1.00	-1.00	-1.00	-1.00	-1.00	-1.00	60	60	1	1	1	1	19	77735360	937	367	743	233	0.00	0.00	235.78	0.00	0	-0.06	-5.00	200.00	-200.00	0.00	0.00
11	11	ÄÐ	0	10.00	10.00	0	1	0	0	0	0	0	0	-1	5.00	-1.00	-1.00	-1.00	-1.00	-1.00	-1.00	-1.00	-1.00	-1.00	60	60	1	1	1	1	20	77735400	937	367	751	225	0.00	0.00	234.01	0.00	0	-0.06	-5.00	200.00	-200.00	0.00	0.00
11	11	ÄÐ	0	10.00	10.00	0	1	0	0	0	0	0	0	-1	5.00	-1.00	-1.00	-1.00	-1.00	-1.00	-1.00	-1.00	-1.00	-1.00	60	60	1	1	1	1	21	77735440	937	366	759	217	0.00	0.00	232.13	0.00	0	-0.07	-5.00	200.00	-200.00	0.00	0.00
11	11	ÄÐ	0	10.00	10.00	0	1	0	0	0	0	0	0	-1	5.00	-1.00	-1.00	-1.00	-1.00	-1.00	-1.00	-1.00	-1.00	-1.00	60	60	1	1	1	1	22	77735480	937	366	767	208	0.00	0.00	232.09	0.00	0	-0.07	-5.00	200.00	-200.00	0.00	0.00
11	11	ÄÐ	0	10.00	10.00	0	1	0	0	0	0	0	0	-1	5.00	-1.00	-1.00	-1.00	-1.00	-1.00	-1.00	-1.00	-1.00	-1.00	60	60	1	1	1	1	23	77735520	937	366	775	200	0.00	0.00	231.95	0.00	0	-0.07	-5.00	200.00	0.00	0.00	0.00
11	11	ÄÐ	0	10.00	10.00	0	1	0	0	0	0	0	0	-1	5.00	-1.00	-1.00	-1.00	-1.00	-1.00	-1.00	-1.00	-1.00	-1.00	60	60	1	1	1	1	24	77735560	937	366	783	200	0.00	0.00	226.43	0.00	0	-0.08	-5.00	0.00	0.00	0.00	0.00
11	11	ÄÐ	0	10.00	10.00	0	1	0	0	0	0	0	0	-1	5.00	-1.00	-1.00	-1.00	-1.00	-1.00	-1.00	-1.00	-1.00	-1.00	60	60	1	1	1	1	25	77735600	937	366	783	200	0.00	0.00	226.43	0.00	0	-0.08	-5.00	0.00	0.00	0.00	0.00
11	11	ÄÐ	0	10.00	10.00	0	1	0	0	0	0	0	0	-1	5.00	-1.00	-1.00	-1.00	-1.00	-1.00	-1.00	-1.00	-1.00	-1.00	60	60	1	1	1	1	26	77735640	937	365	783	200	0.00	0.00	225.70	0.00	0	-0.08	-5.00	0.00	0.00	0.00	0.00
11	11	ÄÐ	0	10.00	10.00	0	1	0	0	0	0	0	0	-1	5.00	-1.00	-1.00	-1.00	-1.00	-1.00	-1.00	-1.00	-1.00	-1.00	60	60	1	1	1	1	27	77735680	937	365	783	200	0.00	0.00	225.70	0.00	0	-0.09	-5.00	0.00	0.00	0.00	0.00
11	11	ÄÐ	0	10.00	10.00	0	1	0	0	0	0	0	0	-1	5.00	-1.00	-1.00	-1.00	-1.00	-1.00	-1.00	-1.00	-1.00	-1.00	60	60	1	1	1	1	28	77735720	937	365	783	200	0.00	0.00	225.70	0.00	0	-0.09	-5.00	0.00	0.00	0.00	0.00
11	11	ÄÐ	0	10.00	10.00	0	1	0	0	0	0	0	0	-1	5.00	-1.00	-1.00	-1.00	-1.00	-1.00	-1.00	-1.00	-1.00	-1.00	60	60	1	1	1	1	29	77735761	937	365	783	200	0.00	0.00	225.70	0.00	0	-0.09	-5.00	0.00	0.00	0.00	0.00
11	11	ÄÐ	0	10.00	10.00	0	1	0	0	0	0	0	0	-1	5.00	-1.00	-1.00	-1.00	-1.00	-1.00	-1.00	-1.00	-1.00	-1.00	60	60	1	1	1	1	30	77735801	937	365	783	200	0.00	0.00	225.70	0.00	0	-0.10	-5.00	0.00	0.00	0.00	0.00
11	11	ÄÐ	0	10.00	10.00	0	1	0	0	0	0	0	0	-1	5.00	-1.00	-1.00	-1.00	-1.00	-1.00	-1.00	-1.00	-1.00	-1.00	60	60	1	1	1	1	31	77735841	937	364	783	200	0.00	0.00	224.97	0.00	0	-0.10	-5.00	0.00	0.00	0.00	0.00
11	11	ÄÐ	0	10.00	10.00	0	1	0	0	0	0	0	0	-1	5.00	-1.00	-1.00	-1.00	-1.00	-1.00	-1.00	-1.00	-1.00	-1.00	60	60	1	1	1	1	32	77735881	937	364	783	200	0.00	0.00	224.97	0.00	0	-0.10	-5.00	0.00	0.00	0.00	0.00
11	11	ÄÐ	0	10.00	10.00	0	1	0	0	0	0	0	0	-1	5.00	-1.00	-1.00	-1.00	-1.00	-1.00	-1.00	-1.00	-1.00	-1.00	60	60	1	1	1	1	33	77735921	937	364	783	200	0.00	0.00	224.97	0.00	0	-0.11	-5.00	200.00	200.00	0.00	0.00
11	11	ÄÐ	0	10.00	10.00	0	1	0	0	0	0	0	0	-1	5.00	-1.00	-1.00	-1.00	-1.00	-1.00	-1.00	-1.00	-1.00	-1.00	60	60	1	1	1	1	34	77735961	937	364	792	208	0.00	0.00	212.98	0.00	0	-0.11	-5.00	200.00	200.00	0.00	0.00
11	11	ÄÐ	0	10.00	10.00	0	1	0	0	0	0	0	0	-1	5.00	-1.00	-1.00	-1.00	-1.00	-1.00	-1.00	-1.00	-1.00	-1.00	60	60	1	1	1	1	35	77736001	937	364	800	217	0.00	0.00	200.94	0.00	0	-0.11	-5.00	200.00	200.00	0.00	0.00
11	11	ÄÐ	0	10.00	10.00	0	1	0	0	0	0	0	0	-1	5.00	-1.00	-1.00	-1.00	-1.00	-1.00	-1.00	-1.00	-1.00	-1.00	60	60	1	1	1	1	36	77736041	937	363	808	225	0.00	0.00	188.90	0.00	0	-0.12	-5.00	200.00	200.00	0.00	0.00
11	11	ÄÐ	0	10.00	10.00	0	1	0	0	0	0	0	0	-1	5.00	-1.00	-1.00	-1.00	-1.00	-1.00	-1.00	-1.00	-1.00	-1.00	60	60	1	1	1	1	37	77736081	937	363	816	233	0.00	0.00	177.60	0.00	0	-0.12	-5.00	200.00	200.00	0.00	0.00
11	11	ÄÐ	0	10.00	10.00	0	1	0	0	0	0	0	0	-1	5.00	-1.00	-1.00	-1.00	-1.00	-1.00	-1.00	-1.00	-1.00	-1.00	60	60	1	1	1	1	38	77736121	937	363	824	241	0.00	0.00	166.29	0.00	0	-0.12	-5.00	200.00	200.00	0.00	0.00
11	11	ÄÐ	0	10.00	10.00	0	1	0	0	0	0	0	0	-1	5.00	-1.00	-1.00	-1.00	-1.00	-1.00	-1.00	-1.00	-1.00	-1.00	60	60	1	1	1	1	39	77736161	937	363	832	249	0.00	0.00	154.99	0.00	0	-0.13	-5.00	200.00	200.00	0.00	0.00
11	11	ÄÐ	0	10.00	10.00	0	1	0	0	0	0	0	0	-1	5.00	-1.00	-1.00	-1.00	-1.00	-1.00	-1.00	-1.00	-1.00	-1.00	60	60	1	1	1	1	40	77736201	937	363	840	257	0.00	0.00	143.68	0.00	0	-0.13	-5.00	200.00	200.00	0.00	0.00
11	11	ÄÐ	0	10.00	10.00	0	1	0	0	0	0	0	0	-1	5.00	-1.00	-1.00	-1.00	-1.00	-1.00	-1.00	-1.00	-1.00	-1.00	60	60	1	1	1	1	41	77736241	937	362	848	265	0.00	0.00	131.64	0.00	0	-0.13	-5.00	200.00	200.00	0.00	0.00
11	11	ÄÐ	0	10.00	10.00	0	1	0	0	0	0	0	0	-1	5.00	-1.00	-1.00	-1.00	-1.00	-1.00	-1.00	-1.00	-1.00	-1.00	60	60	1	1	1	1	42	77736281	937	362	857	273	0.00	0.00	119.67	0.00	0	-0.14	-5.00	200.00	200.00	0.00	0.00
11	11	ÄÐ	0	10.00	10.00	0	1	0	0	0	0	0	0	-1	5.00	-1.00	-1.00	-1.00	-1.00	-1.00	-1.00	-1.00	-1.00	-1.00	60	60	1	1	1	1	43	77736321	937	362	865	281	0.00	0.00	108.37	0.00	0	-0.14	-5.00	200.00	200.00	0.00	0.00
11	11	ÄÐ	0	10.00	10.00	0	1	0	0	0	0	0	0	-1	5.00	-1.00	-1.00	-1.00	-1.00	-1.00	-1.00	-1.00	-1.00	-1.00	60	60	1	1	1	1	44	77736361	937	362	873	290	0.00	0.00	96.33	0.00	0	-0.15	-5.00	200.00	200.00	0.00	0.00
11	11	ÄÐ	0	10.00	10.00	0	1	0	0	0	0	0	0	-1	5.00	-1.00	-1.00	-1.00	-1.00	-1.00	-1.00	-1.00	-1.00	-1.00	60	60	1	1	1	1	45	77736401	937	362	881	298	0.00	0.00	85.04	0.00	0	-0.15	-5.00	200.00	200.00	0.00	0.00
11	11	ÄÐ	0	10.00	10.00	0	1	0	0	0	0	0	0	-1	5.00	-1.00	-1.00	-1.00	-1.00	-1.00	-1.00	-1.00	-1.00	-1.00	60	60	1	1	1	1	46	77736441	937	361	889	306	0.00	0.00	73.00	0.00	0	-0.15	-5.00	200.00	200.00	0.00	0.00
11	11	ÄÐ	0	10.00	10.00	0	1	0	0	0	0	0	0	-1	5.00	-1.00	-1.00	-1.00	-1.00	-1.00	-1.00	-1.00	-1.00	-1.00	60	60	1	1	1	1	47	77736481	937	361	897	314	0.00	0.00	61.72	0.00	0	-0.16	-5.00	200.00	200.00	0.00	0.00
11	11	ÄÐ	0	10.00	10.00	0	1	0	0	0	0	0	0	-1	5.00	-1.00	-1.00	-1.00	-1.00	-1.00	-1.00	-1.00	-1.00	-1.00	60	60	1	1	1	1	48	77736521	937	361	905	322	0.00	0.00	50.45	0.00	0	-0.16	-5.00	200.00	200.00	0.00	0.00
11	11	ÄÐ	0	10.00	10.00	0	1	0	0	0	0	0	0	-1	5.00	-1.00	-1.00	-1.00	-1.00	-1.00	-1.00	-1.00	-1.00	-1.00	60	60	1	1	1	1	49	77736561	937	361	913	330	0.00	0.00	39.20	0.00	0	-0.16	-5.00	200.00	200.00	0.00	0.00
11	11	ÄÐ	0	10.00	10.00	0	1	0	0	0	0	0	0	-1	5.00	-1.00	-1.00	-1.00	-1.00	-1.00	-1.00	-1.00	-1.00	-1.00	60	60	1	1	1	1	50	77736601	937	361	921	338	0.00	0.00	28.02	0.00	0	-0.17	-5.00	200.00	200.00	0.00	0.00
11	11	ÄÐ	0	10.00	10.00	0	1	0	0	0	0	0	0	-1	5.00	-1.00	-1.00	-1.00	-1.00	-1.00	-1.00	-1.00	-1.00	-1.00	60	60	1	1	1	1	51	77736641	937	360	929	346	0.00	0.00	16.12	0.00	0	-0.17	-5.00	200.00	200.00	0.00	0.00
11	11	ÄÐ	0	10.00	10.00	0	1	0	0	0	0	0	0	-1	5.00	-1.00	-1.00	-1.00	-1.00	-1.00	-1.00	-1.00	-1.00	-1.00	60	60	1	1	1	1	52	77736682	937	360	937	354	0.00	0.00	6.00	0.00	1	-0.17	-5.00	200.00	200.00	0.00	0.00
11	11	ÄÐ	0	10.00	10.00	0	1	0	0	0	0	0	0	-1	5.00	-1.00	-1.00	-1.00	-1.00	-1.00	-1.00	-1.00	-1.00	-1.00	60	60	1	1	1	1	53	77736722	937	360	946	362	0.00	0.00	9.22	0.00	1	-0.18	-5.00	0.00	0.00	0.00	0.00
11	11	ÄÐ	0	10.00	10.00	0	1	0	0	0	0	0	0	-1	5.00	-1.00	-1.00	-1.00	-1.00	-1.00	-1.00	-1.00	-1.00	-1.00	60	60	1	1	1	1	54	77736762	937	360	946	362	0.00	0.00	9.22	0.00	1	-0.18	-5.00	0.00	0.00	0.00	0.00
11	11	ÄÐ	0	10.00	10.00	0	1	0	0	0	0	0	0	-1	5.00	-1.00	-1.00	-1.00	-1.00	-1.00	-1.00	-1.00	-1.00	-1.00	60	60	1	1	1	1	55	77736802	937	360	946	362	0.00	0.00	9.22	0.00	1	-0.18	-5.00	0.00	0.00	0.00	0.00
11	11	ÄÐ	0	10.00	10.00	0	1	0	0	0	0	0	0	-1	5.00	-1.00	-1.00	-1.00	-1.00	-1.00	-1.00	-1.00	-1.00	-1.00	60	60	1	1	1	1	56	77736842	937	359	946	362	0.00	0.00	9.49	0.00	1	-0.19	-5.00	0.00	0.00	0.00	0.00
11	11	ÄÐ	0	10.00	10.00	0	1	0	0	0	0	0	0	-1	5.00	-1.00	-1.00	-1.00	-1.00	-1.00	-1.00	-1.00	-1.00	-1.00	60	60	1	1	1	1	57	77736882	937	359	946	362	0.00	0.00	9.49	0.00	1	-0.19	-5.00	0.00	0.00	0.00	0.00
11	11	ÄÐ	0	10.00	10.00	0	1	0	0	0	0	0	0	-1	5.00	-1.00	-1.00	-1.00	-1.00	-1.00	-1.00	-1.00	-1.00	-1.00	60	60	1	1	1	1	58	77736922	937	359	946	362	0.00	0.00	9.49	0.00	1	-0.19	-5.00	0.00	0.00	0.00	0.00
11	11	ÄÐ	0	10.00	10.00	0	1	0	0	0	0	0	0	-1	5.00	-1.00	-1.00	-1.00	-1.00	-1.00	-1.00	-1.00	-1.00	-1.00	60	60	1	1	1	1	59	77736962	937	359	946	362	0.00	0.00	9.49	0.00	1	-0.20	-5.00	0.00	0.00	0.00	0.00
11	11	ÄÐ	0	10.00	10.00	0	1	0	0	0	0	0	0	-1	5.00	-1.00	-1.00	-1.00	-1.00	-1.00	-1.00	-1.00	-1.00	-1.00	60	60	1	1	1	1	60	77737002	937	359	946	362	0.00	0.00	9.49	0.00	1	-0.20	-5.00	0.00	0.00	0.00	0.00
11	11	ÄÐ	0	10.00	10.00	0	1	0	0	0	0	0	0	-1	5.00	-1.00	-1.00	-1.00	-1.00	-1.00	-1.00	-1.00	-1.00	-1.00	60	60	1	1	1	1	61	77737043	937	358	946	362	0.00	0.00	9.85	0.00	1	-0.20	-5.00	0.00	0.00	0.00	0.00
11	11	ÄÐ	0	10.00	10.00	0	1	0	0	0	0	0	0	-1	5.00	-1.00	-1.00	-1.00	-1.00	-1.00	-1.00	-1.00	-1.00	-1.00	60	60	1	1	1	1	62	77737084	937	358	946	362	0.00	0.00	9.85	0.00	1	-0.21	-5.00	0.00	0.00	0.00	0.00
11	11	ÄÐ	0	10.00	10.00	0	1	0	0	0	0	0	0	-1	5.00	-1.00	-1.00	-1.00	-1.00	-1.00	-1.00	-1.00	-1.00	-1.00	60	60	1	1	1	1	63	77737124	937	358	946	362	0.00	0.00	9.85	0.00	1	-0.21	-5.00	0.00	0.00	0.00	0.00
