ID	Name	Sex	Session	DistanceError	AngleError	PracMode	ExperMode	Background	Track	Direction	MoveMode	SpeedMode	Pause	PauseNum	Speed	InitSpeed	SpeedMin	SpeedMax	AccelerationMin	AccelerationMax	AngleSpeedMin	AngleSpeedMax	RotateAngleMin	RotateAngleMax	PracTime	ExperTime	PracTimes	ExperTimes	Pra_Test	Trial	PointNum	PointTime	ObjPointX	ObjPointY	PostPointX	PostPointY	ObjRotate	PostRotate	Distance	RotateError	Hit	ObjSpeedX	ObjSpeedY	PostSpeedX	PostSpeedY	ObjRotateSpeed	PostRotateSpeed
11	11	ÄÐ	0	50.00	360.00	0	1	0	0	0	0	0	0	-1	100.00	-1.00	-1.00	-1.00	-1.00	-1.00	-1.00	-1.00	-1.00	-1.00	60	60	1	1	1	1	1	193597619	914	384	614	384	0.00	0.00	300.00	0.00	0	-0.00	-100.00	0.00	0.00	0.00	0.00
11	11	ÄÐ	0	50.00	360.00	0	1	0	0	0	0	0	0	-1	100.00	-1.00	-1.00	-1.00	-1.00	-1.00	-1.00	-1.00	-1.00	-1.00	60	60	1	1	1	1	2	193597659	913	379	634	384	0.00	0.00	279.04	0.00	0	-1.36	-99.99	500.00	0.00	0.00	0.00
11	11	ÄÐ	0	50.00	360.00	0	1	0	0	0	0	0	0	-1	100.00	-1.00	-1.00	-1.00	-1.00	-1.00	-1.00	-1.00	-1.00	-1.00	60	60	1	1	1	1	3	193597700	913	375	655	384	0.00	0.00	258.16	0.00	0	-2.73	-99.96	500.00	0.00	0.00	0.00
11	11	ÄÐ	0	50.00	360.00	0	1	0	0	0	0	0	0	-1	100.00	-1.00	-1.00	-1.00	-1.00	-1.00	-1.00	-1.00	-1.00	-1.00	60	60	1	1	1	1	4	193597741	913	371	675	384	0.00	0.00	238.35	0.00	0	-4.13	-99.91	500.00	0.00	0.00	0.00
11	11	ÄÐ	0	50.00	360.00	0	1	0	0	0	0	0	0	-1	100.00	-1.00	-1.00	-1.00	-1.00	-1.00	-1.00	-1.00	-1.00	-1.00	60	60	1	1	1	1	5	193597782	913	367	696	384	0.00	0.00	217.66	0.00	0	-5.50	-99.85	500.00	0.00	0.00	0.00
11	11	ÄÐ	0	50.00	360.00	0	1	0	0	0	0	0	0	-1	100.00	-1.00	-1.00	-1.00	-1.00	-1.00	-1.00	-1.00	-1.00	-1.00	60	60	1	1	1	1	6	193597823	913	363	717	384	0.00	0.00	197.12	0.00	0	-6.89	-99.76	500.00	0.00	0.00	0.00
11	11	ÄÐ	0	50.00	360.00	0	1	0	0	0	0	0	0	-1	100.00	-1.00	-1.00	-1.00	-1.00	-1.00	-1.00	-1.00	-1.00	-1.00	60	60	1	1	1	1	7	193597863	912	359	737	375	0.00	0.00	175.73	0.00	0	-8.25	-99.66	500.00	-500.00	0.00	0.00
11	11	ÄÐ	0	50.00	360.00	0	1	0	0	0	0	0	0	-1	100.00	-1.00	-1.00	-1.00	-1.00	-1.00	-1.00	-1.00	-1.00	-1.00	60	60	1	1	1	1	8	193597903	912	355	758	363	0.00	0.00	154.21	0.00	0	-9.61	-99.54	500.00	-500.00	0.00	0.00
11	11	ÄÐ	0	50.00	360.00	0	1	0	0	0	0	0	0	-1	100.00	-1.00	-1.00	-1.00	-1.00	-1.00	-1.00	-1.00	-1.00	-1.00	60	60	1	1	1	1	9	193597943	912	351	778	343	0.00	0.00	134.24	0.00	0	-10.94	-99.40	500.00	-500.00	0.00	0.00
11	11	ÄÐ	0	50.00	360.00	0	1	0	0	0	0	0	0	-1	100.00	-1.00	-1.00	-1.00	-1.00	-1.00	-1.00	-1.00	-1.00	-1.00	60	60	1	1	1	1	10	193597984	911	347	799	322	0.00	0.00	114.76	0.00	0	-12.30	-99.24	500.00	-500.00	0.00	0.00
11	11	ÄÐ	0	50.00	360.00	0	1	0	0	0	0	0	0	-1	100.00	-1.00	-1.00	-1.00	-1.00	-1.00	-1.00	-1.00	-1.00	-1.00	60	60	1	1	1	1	11	193598024	911	343	819	302	0.00	0.00	100.72	0.00	0	-13.65	-99.06	500.00	-500.00	0.00	0.00
11	11	ÄÐ	0	50.00	360.00	0	1	0	0	0	0	0	0	-1	100.00	-1.00	-1.00	-1.00	-1.00	-1.00	-1.00	-1.00	-1.00	-1.00	60	60	1	1	1	1	12	193598065	910	338	833	281	0.00	0.00	95.80	0.00	0	-15.01	-98.87	500.00	-500.00	0.00	0.00
11	11	ÄÐ	0	50.00	360.00	0	1	0	0	0	0	0	0	-1	100.00	-1.00	-1.00	-1.00	-1.00	-1.00	-1.00	-1.00	-1.00	-1.00	60	60	1	1	1	1	13	193598105	909	334	840	261	0.00	0.00	100.45	0.00	0	-16.36	-98.65	500.00	-500.00	0.00	0.00
11	11	ÄÐ	0	50.00	360.00	0	1	0	0	0	0	0	0	-1	100.00	-1.00	-1.00	-1.00	-1.00	-1.00	-1.00	-1.00	-1.00	-1.00	60	60	1	1	1	1	14	193598147	909	330	840	240	0.00	0.00	113.41	0.00	0	-17.74	-98.41	0.00	-500.00	0.00	0.00
11	11	ÄÐ	0	50.00	360.00	0	1	0	0	0	0	0	0	-1	100.00	-1.00	-1.00	-1.00	-1.00	-1.00	-1.00	-1.00	-1.00	-1.00	60	60	1	1	1	1	15	193598187	908	326	840	220	0.00	0.00	125.94	0.00	0	-19.05	-98.17	0.00	-500.00	0.00	0.00
11	11	ÄÐ	0	50.00	360.00	0	1	0	0	0	0	0	0	-1	100.00	-1.00	-1.00	-1.00	-1.00	-1.00	-1.00	-1.00	-1.00	-1.00	60	60	1	1	1	1	16	193598227	907	322	840	200	0.00	0.00	139.19	0.00	0	-20.36	-97.91	0.00	-500.00	0.00	0.00
11	11	ÄÐ	0	50.00	360.00	0	1	0	0	0	0	0	0	-1	100.00	-1.00	-1.00	-1.00	-1.00	-1.00	-1.00	-1.00	-1.00	-1.00	60	60	1	1	1	1	17	193598267	906	319	840	180	0.00	0.00	153.87	0.00	0	-21.66	-97.63	0.00	-500.00	0.00	0.00
11	11	ÄÐ	0	50.00	360.00	0	1	0	0	0	0	0	0	-1	100.00	-1.00	-1.00	-1.00	-1.00	-1.00	-1.00	-1.00	-1.00	-1.00	60	60	1	1	1	1	18	193598307	905	315	840	160	0.00	0.00	168.08	0.00	0	-22.96	-97.33	0.00	-500.00	0.00	0.00
11	11	ÄÐ	0	50.00	360.00	0	1	0	0	0	0	0	0	-1	100.00	-1.00	-1.00	-1.00	-1.00	-1.00	-1.00	-1.00	-1.00	-1.00	60	60	1	1	1	1	19	193598347	905	311	840	155	0.00	0.00	169.00	0.00	0	-24.29	-97.01	0.00	-500.00	0.00	0.00
11	11	ÄÐ	0	50.00	360.00	0	1	0	0	0	0	0	0	-1	100.00	-1.00	-1.00	-1.00	-1.00	-1.00	-1.00	-1.00	-1.00	-1.00	60	60	1	1	1	1	20	193598388	903	307	840	155	0.00	0.00	164.54	0.00	0	-25.61	-96.66	0.00	0.00	0.00	0.00
11	11	ÄÐ	0	50.00	360.00	0	1	0	0	0	0	0	0	-1	100.00	-1.00	-1.00	-1.00	-1.00	-1.00	-1.00	-1.00	-1.00	-1.00	60	60	1	1	1	1	21	193598429	902	303	840	155	0.00	0.00	160.46	0.00	0	-26.96	-96.30	0.00	0.00	0.00	0.00
11	11	ÄÐ	0	50.00	360.00	0	1	0	0	0	0	0	0	-1	100.00	-1.00	-1.00	-1.00	-1.00	-1.00	-1.00	-1.00	-1.00	-1.00	60	60	1	1	1	1	22	193598469	901	299	840	155	0.00	0.00	156.39	0.00	0	-28.24	-95.93	0.00	0.00	0.00	0.00
11	11	ÄÐ	0	50.00	360.00	0	1	0	0	0	0	0	0	-1	100.00	-1.00	-1.00	-1.00	-1.00	-1.00	-1.00	-1.00	-1.00	-1.00	60	60	1	1	1	1	23	193598510	900	295	840	161	0.00	0.00	146.82	0.00	0	-29.55	-95.53	0.00	500.00	0.00	0.00
11	11	ÄÐ	0	50.00	360.00	0	1	0	0	0	0	0	0	-1	100.00	-1.00	-1.00	-1.00	-1.00	-1.00	-1.00	-1.00	-1.00	-1.00	60	60	1	1	1	1	24	193598550	899	291	840	182	0.00	0.00	123.94	0.00	0	-30.85	-95.12	0.00	500.00	0.00	0.00
11	11	ÄÐ	0	50.00	360.00	0	1	0	0	0	0	0	0	-1	100.00	-1.00	-1.00	-1.00	-1.00	-1.00	-1.00	-1.00	-1.00	-1.00	60	60	1	1	1	1	25	193598590	898	287	840	202	0.00	0.00	102.90	0.00	0	-32.12	-94.70	0.00	500.00	0.00	0.00
11	11	ÄÐ	0	50.00	360.00	0	1	0	0	0	0	0	0	-1	100.00	-1.00	-1.00	-1.00	-1.00	-1.00	-1.00	-1.00	-1.00	-1.00	60	60	1	1	1	1	26	193598631	896	283	840	222	0.00	0.00	82.81	0.00	0	-33.41	-94.25	0.00	500.00	0.00	0.00
11	11	ÄÐ	0	50.00	360.00	0	1	0	0	0	0	0	0	-1	100.00	-1.00	-1.00	-1.00	-1.00	-1.00	-1.00	-1.00	-1.00	-1.00	60	60	1	1	1	1	27	193598672	895	279	840	243	0.00	0.00	65.73	0.00	0	-34.72	-93.78	0.00	500.00	0.00	0.00
11	11	ÄÐ	0	50.00	360.00	0	1	0	0	0	0	0	0	-1	100.00	-1.00	-1.00	-1.00	-1.00	-1.00	-1.00	-1.00	-1.00	-1.00	60	60	1	1	1	1	28	193598713	893	275	833	264	0.00	0.00	61.00	0.00	0	-36.01	-93.29	-500.00	500.00	0.00	0.00
11	11	ÄÐ	0	50.00	360.00	0	1	0	0	0	0	0	0	-1	100.00	-1.00	-1.00	-1.00	-1.00	-1.00	-1.00	-1.00	-1.00	-1.00	60	60	1	1	1	1	29	193598753	892	272	813	284	0.00	0.00	79.91	0.00	0	-37.27	-92.79	-500.00	500.00	0.00	0.00
11	11	ÄÐ	0	50.00	360.00	0	1	0	0	0	0	0	0	-1	100.00	-1.00	-1.00	-1.00	-1.00	-1.00	-1.00	-1.00	-1.00	-1.00	60	60	1	1	1	1	30	193598794	890	268	792	305	0.00	0.00	104.75	0.00	0	-38.57	-92.26	-500.00	500.00	0.00	0.00
11	11	ÄÐ	0	50.00	360.00	0	1	0	0	0	0	0	0	-1	100.00	-1.00	-1.00	-1.00	-1.00	-1.00	-1.00	-1.00	-1.00	-1.00	60	60	1	1	1	1	31	193598834	889	264	772	325	0.00	0.00	131.95	0.00	0	-39.80	-91.74	-500.00	500.00	0.00	0.00
11	11	ÄÐ	0	50.00	360.00	0	1	0	0	0	0	0	0	-1	100.00	-1.00	-1.00	-1.00	-1.00	-1.00	-1.00	-1.00	-1.00	-1.00	60	60	1	1	1	1	32	193598874	887	260	751	346	0.00	0.00	160.91	0.00	0	-41.05	-91.19	-500.00	500.00	0.00	0.00
11	11	ÄÐ	0	50.00	360.00	0	1	0	0	0	0	0	0	-1	100.00	-1.00	-1.00	-1.00	-1.00	-1.00	-1.00	-1.00	-1.00	-1.00	60	60	1	1	1	1	33	193598914	885	257	731	366	0.00	0.00	188.67	0.00	0	-42.29	-90.62	-500.00	500.00	0.00	0.00
11	11	ÄÐ	0	50.00	360.00	0	1	0	0	0	0	0	0	-1	100.00	-1.00	-1.00	-1.00	-1.00	-1.00	-1.00	-1.00	-1.00	-1.00	60	60	1	1	1	1	34	193598955	884	253	710	381	0.00	0.00	216.01	0.00	0	-43.53	-90.03	-500.00	500.00	0.00	0.00
11	11	ÄÐ	0	50.00	360.00	0	1	0	0	0	0	0	0	-1	100.00	-1.00	-1.00	-1.00	-1.00	-1.00	-1.00	-1.00	-1.00	-1.00	60	60	1	1	1	1	35	193598996	882	249	689	381	0.00	0.00	233.82	0.00	0	-44.78	-89.41	-500.00	0.00	0.00	0.00
11	11	ÄÐ	0	50.00	360.00	0	1	0	0	0	0	0	0	-1	100.00	-1.00	-1.00	-1.00	-1.00	-1.00	-1.00	-1.00	-1.00	-1.00	60	60	1	1	1	1	36	193599037	880	245	689	381	0.00	0.00	234.47	0.00	0	-46.03	-88.78	0.00	0.00	0.00	0.00
11	11	ÄÐ	0	50.00	360.00	0	1	0	0	0	0	0	0	-1	100.00	-1.00	-1.00	-1.00	-1.00	-1.00	-1.00	-1.00	-1.00	-1.00	60	60	1	1	1	1	37	193599078	878	242	689	381	0.00	0.00	234.61	0.00	0	-47.24	-88.14	0.00	0.00	0.00	0.00
11	11	ÄÐ	0	50.00	360.00	0	1	0	0	0	0	0	0	-1	100.00	-1.00	-1.00	-1.00	-1.00	-1.00	-1.00	-1.00	-1.00	-1.00	60	60	1	1	1	1	38	193599119	876	238	689	381	0.00	0.00	235.41	0.00	0	-48.46	-87.47	0.00	0.00	0.00	0.00
11	11	ÄÐ	0	50.00	360.00	0	1	0	0	0	0	0	0	-1	100.00	-1.00	-1.00	-1.00	-1.00	-1.00	-1.00	-1.00	-1.00	-1.00	60	60	1	1	1	1	39	193599159	874	235	689	381	0.00	0.00	235.67	0.00	0	-49.65	-86.81	0.00	0.00	0.00	0.00
11	11	ÄÐ	0	50.00	360.00	0	1	0	0	0	0	0	0	-1	100.00	-1.00	-1.00	-1.00	-1.00	-1.00	-1.00	-1.00	-1.00	-1.00	60	60	1	1	1	1	40	193599199	872	231	689	381	0.00	0.00	236.62	0.00	0	-50.81	-86.13	0.00	0.00	0.00	0.00
11	11	ÄÐ	0	50.00	360.00	0	1	0	0	0	0	0	0	-1	100.00	-1.00	-1.00	-1.00	-1.00	-1.00	-1.00	-1.00	-1.00	-1.00	60	60	1	1	1	1	41	193599240	870	228	689	381	0.00	0.00	237.00	0.00	0	-51.99	-85.42	0.00	0.00	0.00	0.00
11	11	ÄÐ	0	50.00	360.00	0	1	0	0	0	0	0	0	-1	100.00	-1.00	-1.00	-1.00	-1.00	-1.00	-1.00	-1.00	-1.00	-1.00	60	60	1	1	1	1	42	193599280	868	224	689	381	0.00	0.00	238.10	0.00	0	-53.14	-84.71	0.00	0.00	0.00	0.00
11	11	ÄÐ	0	50.00	360.00	0	1	0	0	0	0	0	0	-1	100.00	-1.00	-1.00	-1.00	-1.00	-1.00	-1.00	-1.00	-1.00	-1.00	60	60	1	1	1	1	43	193599320	865	221	689	381	0.00	0.00	237.86	0.00	0	-54.27	-83.99	0.00	0.00	0.00	0.00
11	11	ÄÐ	0	50.00	360.00	0	1	0	0	0	0	0	0	-1	100.00	-1.00	-1.00	-1.00	-1.00	-1.00	-1.00	-1.00	-1.00	-1.00	60	60	1	1	1	1	44	193599361	863	217	689	381	0.00	0.00	239.11	0.00	0	-55.42	-83.24	0.00	0.00	0.00	0.00
11	11	ÄÐ	0	50.00	360.00	0	1	0	0	0	0	0	0	-1	100.00	-1.00	-1.00	-1.00	-1.00	-1.00	-1.00	-1.00	-1.00	-1.00	60	60	1	1	1	1	45	193599401	861	214	689	381	0.00	0.00	239.74	0.00	0	-56.55	-82.48	0.00	0.00	0.00	0.00
11	11	ÄÐ	0	50.00	360.00	0	1	0	0	0	0	0	0	-1	100.00	-1.00	-1.00	-1.00	-1.00	-1.00	-1.00	-1.00	-1.00	-1.00	60	60	1	1	1	1	46	193599442	859	210	689	381	0.00	0.00	241.12	0.00	0	-57.69	-81.68	0.00	0.00	0.00	0.00
11	11	ÄÐ	0	50.00	360.00	0	1	0	0	0	0	0	0	-1	100.00	-1.00	-1.00	-1.00	-1.00	-1.00	-1.00	-1.00	-1.00	-1.00	60	60	1	1	1	1	47	193599482	856	207	689	381	0.00	0.00	241.17	0.00	0	-58.78	-80.90	0.00	0.00	0.00	0.00
11	11	ÄÐ	0	50.00	360.00	0	1	0	0	0	0	0	0	-1	100.00	-1.00	-1.00	-1.00	-1.00	-1.00	-1.00	-1.00	-1.00	-1.00	60	60	1	1	1	1	48	193599522	854	204	689	381	0.00	0.00	241.98	0.00	0	-59.85	-80.11	0.00	0.00	0.00	0.00
11	11	ÄÐ	0	50.00	360.00	0	1	0	0	0	0	0	0	-1	100.00	-1.00	-1.00	-1.00	-1.00	-1.00	-1.00	-1.00	-1.00	-1.00	60	60	1	1	1	1	49	193599562	851	201	689	381	0.00	0.00	242.17	0.00	0	-60.94	-79.29	0.00	0.00	0.00	0.00
11	11	ÄÐ	0	50.00	360.00	0	1	0	0	0	0	0	0	-1	100.00	-1.00	-1.00	-1.00	-1.00	-1.00	-1.00	-1.00	-1.00	-1.00	60	60	1	1	1	1	50	193599603	849	197	689	381	0.00	0.00	243.84	0.00	0	-62.02	-78.44	0.00	0.00	0.00	0.00
11	11	ÄÐ	0	50.00	360.00	0	1	0	0	0	0	0	0	-1	100.00	-1.00	-1.00	-1.00	-1.00	-1.00	-1.00	-1.00	-1.00	-1.00	60	60	1	1	1	1	51	193599643	846	194	689	381	0.00	0.00	244.17	0.00	0	-63.08	-77.59	0.00	0.00	0.00	0.00
11	11	ÄÐ	0	50.00	360.00	0	1	0	0	0	0	0	0	-1	100.00	-1.00	-1.00	-1.00	-1.00	-1.00	-1.00	-1.00	-1.00	-1.00	60	60	1	1	1	1	52	193599684	844	191	689	381	0.00	0.00	245.20	0.00	0	-64.14	-76.72	0.00	0.00	0.00	0.00
11	11	ÄÐ	0	50.00	360.00	0	1	0	0	0	0	0	0	-1	100.00	-1.00	-1.00	-1.00	-1.00	-1.00	-1.00	-1.00	-1.00	-1.00	60	60	1	1	1	1	53	193599724	841	188	689	381	0.00	0.00	245.67	0.00	0	-65.16	-75.85	0.00	0.00	0.00	0.00
11	11	ÄÐ	0	50.00	360.00	0	1	0	0	0	0	0	0	-1	100.00	-1.00	-1.00	-1.00	-1.00	-1.00	-1.00	-1.00	-1.00	-1.00	60	60	1	1	1	1	54	193599764	838	185	689	381	0.00	0.00	246.21	0.00	0	-66.19	-74.96	0.00	0.00	0.00	0.00
11	11	ÄÐ	0	50.00	360.00	0	1	0	0	0	0	0	0	-1	100.00	-1.00	-1.00	-1.00	-1.00	-1.00	-1.00	-1.00	-1.00	-1.00	60	60	1	1	1	1	55	193599805	836	182	689	381	0.00	0.00	247.41	0.00	0	-67.23	-74.03	0.00	0.00	0.00	0.00
11	11	ÄÐ	0	50.00	360.00	0	1	0	0	0	0	0	0	-1	100.00	-1.00	-1.00	-1.00	-1.00	-1.00	-1.00	-1.00	-1.00	-1.00	60	60	1	1	1	1	56	193599845	833	179	689	381	0.00	0.00	248.07	0.00	0	-68.24	-73.10	0.00	0.00	0.00	0.00
11	11	ÄÐ	0	50.00	360.00	0	1	0	0	0	0	0	0	-1	100.00	-1.00	-1.00	-1.00	-1.00	-1.00	-1.00	-1.00	-1.00	-1.00	60	60	1	1	1	1	57	193599885	830	176	689	381	0.00	0.00	248.81	0.00	0	-69.21	-72.18	0.00	0.00	0.00	0.00
11	11	ÄÐ	0	50.00	360.00	0	1	0	0	0	0	0	0	-1	100.00	-1.00	-1.00	-1.00	-1.00	-1.00	-1.00	-1.00	-1.00	-1.00	60	60	1	1	1	1	58	193599926	827	173	689	381	0.00	0.00	249.62	0.00	0	-70.19	-71.23	0.00	0.00	0.00	0.00
11	11	ÄÐ	0	50.00	360.00	0	1	0	0	0	0	0	0	-1	100.00	-1.00	-1.00	-1.00	-1.00	-1.00	-1.00	-1.00	-1.00	-1.00	60	60	1	1	1	1	59	193599967	824	170	689	381	0.00	0.00	250.49	0.00	0	-71.16	-70.26	0.00	0.00	0.00	0.00
11	11	ÄÐ	0	50.00	360.00	0	1	0	0	0	0	0	0	-1	100.00	-1.00	-1.00	-1.00	-1.00	-1.00	-1.00	-1.00	-1.00	-1.00	60	60	1	1	1	1	60	193600008	821	167	689	381	0.00	0.00	251.44	0.00	0	-72.13	-69.27	0.00	0.00	0.00	0.00
11	11	ÄÐ	0	50.00	360.00	0	1	0	0	0	0	0	0	-1	100.00	-1.00	-1.00	-1.00	-1.00	-1.00	-1.00	-1.00	-1.00	-1.00	60	60	1	1	1	1	61	193600049	818	164	689	381	0.00	0.00	252.45	0.00	0	-73.07	-68.27	0.00	0.00	0.00	0.00
11	11	ÄÐ	0	50.00	360.00	0	1	0	0	0	0	0	0	-1	100.00	-1.00	-1.00	-1.00	-1.00	-1.00	-1.00	-1.00	-1.00	-1.00	60	60	1	1	1	1	62	193600090	815	161	689	381	0.00	0.00	253.53	0.00	0	-74.02	-67.24	0.00	0.00	0.00	0.00
11	11	ÄÐ	0	50.00	360.00	0	1	0	0	0	0	0	0	-1	100.00	-1.00	-1.00	-1.00	-1.00	-1.00	-1.00	-1.00	-1.00	-1.00	60	60	1	1	1	1	63	193600130	812	159	689	381	0.00	0.00	253.80	0.00	0	-74.91	-66.25	0.00	0.00	0.00	0.00
11	11	ÄÐ	0	50.00	360.00	0	1	0	0	0	0	0	0	-1	100.00	-1.00	-1.00	-1.00	-1.00	-1.00	-1.00	-1.00	-1.00	-1.00	60	60	1	1	1	1	64	193600170	809	156	689	381	0.00	0.00	255.00	0.00	0	-75.80	-65.22	0.00	0.00	0.00	0.00
11	11	ÄÐ	0	50.00	360.00	0	1	0	0	0	0	0	0	-1	100.00	-1.00	-1.00	-1.00	-1.00	-1.00	-1.00	-1.00	-1.00	-1.00	60	60	1	1	1	1	65	193600211	806	153	689	381	0.00	0.00	256.27	0.00	0	-76.69	-64.18	0.00	0.00	0.00	0.00
11	11	ÄÐ	0	50.00	360.00	0	1	0	0	0	0	0	0	-1	100.00	-1.00	-1.00	-1.00	-1.00	-1.00	-1.00	-1.00	-1.00	-1.00	60	60	1	1	1	1	66	193600252	803	151	689	381	0.00	0.00	256.70	0.00	0	-77.56	-63.12	0.00	0.00	0.00	0.00
11	11	ÄÐ	0	50.00	360.00	0	1	0	0	0	0	0	0	-1	100.00	-1.00	-1.00	-1.00	-1.00	-1.00	-1.00	-1.00	-1.00	-1.00	60	60	1	1	1	1	67	193600292	800	148	689	381	0.00	0.00	258.09	0.00	0	-78.41	-62.06	0.00	0.00	0.00	0.00
11	11	ÄÐ	0	50.00	360.00	0	1	0	0	0	0	0	0	-1	100.00	-1.00	-1.00	-1.00	-1.00	-1.00	-1.00	-1.00	-1.00	-1.00	60	60	1	1	1	1	68	193600333	796	146	689	381	0.00	0.00	258.21	0.00	0	-79.26	-60.98	0.00	0.00	0.00	0.00
11	11	ÄÐ	0	50.00	360.00	0	1	0	0	0	0	0	0	-1	100.00	-1.00	-1.00	-1.00	-1.00	-1.00	-1.00	-1.00	-1.00	-1.00	60	60	1	1	1	1	69	193600373	793	143	689	381	0.00	0.00	259.73	0.00	0	-80.06	-59.91	0.00	0.00	0.00	0.00
11	11	ÄÐ	0	50.00	360.00	0	1	0	0	0	0	0	0	-1	100.00	-1.00	-1.00	-1.00	-1.00	-1.00	-1.00	-1.00	-1.00	-1.00	60	60	1	1	1	1	70	193600413	790	141	689	381	0.00	0.00	260.39	0.00	0	-80.86	-58.84	0.00	0.00	0.00	0.00
11	11	ÄÐ	0	50.00	360.00	0	1	0	0	0	0	0	0	-1	100.00	-1.00	-1.00	-1.00	-1.00	-1.00	-1.00	-1.00	-1.00	-1.00	60	60	1	1	1	1	71	193600454	787	138	689	381	0.00	0.00	262.02	0.00	0	-81.67	-57.71	0.00	0.00	0.00	0.00
11	11	ÄÐ	0	50.00	360.00	0	1	0	0	0	0	0	0	-1	100.00	-1.00	-1.00	-1.00	-1.00	-1.00	-1.00	-1.00	-1.00	-1.00	60	60	1	1	1	1	72	193600495	783	136	689	381	0.00	0.00	262.41	0.00	0	-82.45	-56.58	0.00	0.00	0.00	0.00
11	11	ÄÐ	0	50.00	360.00	0	1	0	0	0	0	0	0	-1	100.00	-1.00	-1.00	-1.00	-1.00	-1.00	-1.00	-1.00	-1.00	-1.00	60	60	1	1	1	1	73	193600535	780	134	689	381	0.00	0.00	263.23	0.00	0	-83.20	-55.48	0.00	0.00	0.00	0.00
11	11	ÄÐ	0	50.00	360.00	0	1	0	0	0	0	0	0	-1	100.00	-1.00	-1.00	-1.00	-1.00	-1.00	-1.00	-1.00	-1.00	-1.00	60	60	1	1	1	1	74	193600575	777	132	689	381	0.00	0.00	264.09	0.00	0	-83.95	-54.34	0.00	0.00	0.00	0.00
11	11	ÄÐ	0	50.00	360.00	0	1	0	0	0	0	0	0	-1	100.00	-1.00	-1.00	-1.00	-1.00	-1.00	-1.00	-1.00	-1.00	-1.00	60	60	1	1	1	1	75	193600615	773	130	689	381	0.00	0.00	264.68	0.00	0	-84.67	-53.21	0.00	0.00	0.00	0.00
11	11	ÄÐ	0	50.00	360.00	0	1	0	0	0	0	0	0	-1	100.00	-1.00	-1.00	-1.00	-1.00	-1.00	-1.00	-1.00	-1.00	-1.00	60	60	1	1	1	1	76	193600656	770	127	689	381	0.00	0.00	266.60	0.00	0	-85.39	-52.05	0.00	0.00	0.00	0.00
11	11	ÄÐ	0	50.00	360.00	0	1	0	0	0	0	0	0	-1	100.00	-1.00	-1.00	-1.00	-1.00	-1.00	-1.00	-1.00	-1.00	-1.00	60	60	1	1	1	1	77	193600697	766	125	689	381	0.00	0.00	267.33	0.00	0	-86.10	-50.86	0.00	0.00	0.00	0.00
11	11	ÄÐ	0	50.00	360.00	0	1	0	0	0	0	0	0	-1	100.00	-1.00	-1.00	-1.00	-1.00	-1.00	-1.00	-1.00	-1.00	-1.00	60	60	1	1	1	1	78	193600737	763	123	689	381	0.00	0.00	268.40	0.00	0	-86.78	-49.69	0.00	0.00	0.00	0.00
11	11	ÄÐ	0	50.00	360.00	0	1	0	0	0	0	0	0	-1	100.00	-1.00	-1.00	-1.00	-1.00	-1.00	-1.00	-1.00	-1.00	-1.00	60	60	1	1	1	1	79	193600777	759	121	689	381	0.00	0.00	269.26	0.00	0	-87.45	-48.51	0.00	0.00	0.00	0.00
11	11	ÄÐ	0	50.00	360.00	0	1	0	0	0	0	0	0	-1	100.00	-1.00	-1.00	-1.00	-1.00	-1.00	-1.00	-1.00	-1.00	-1.00	60	60	1	1	1	1	80	193600817	756	119	689	381	0.00	0.00	270.43	0.00	0	-88.09	-47.34	0.00	0.00	0.00	0.00
11	11	ÄÐ	0	50.00	360.00	0	1	0	0	0	0	0	0	-1	100.00	-1.00	-1.00	-1.00	-1.00	-1.00	-1.00	-1.00	-1.00	-1.00	60	60	1	1	1	1	81	193600858	752	117	689	381	0.00	0.00	271.41	0.00	0	-88.74	-46.10	0.00	0.00	0.00	0.00
11	11	ÄÐ	0	50.00	360.00	0	1	0	0	0	0	0	0	-1	100.00	-1.00	-1.00	-1.00	-1.00	-1.00	-1.00	-1.00	-1.00	-1.00	60	60	1	1	1	1	82	193600898	748	115	689	381	0.00	0.00	272.46	0.00	0	-89.36	-44.89	0.00	0.00	0.00	0.00
11	11	ÄÐ	0	50.00	360.00	0	1	0	0	0	0	0	0	-1	100.00	-1.00	-1.00	-1.00	-1.00	-1.00	-1.00	-1.00	-1.00	-1.00	60	60	1	1	1	1	83	193600938	745	114	689	381	0.00	0.00	272.81	0.00	0	-89.96	-43.68	0.00	0.00	0.00	0.00
11	11	ÄÐ	0	50.00	360.00	0	1	0	0	0	0	0	0	-1	100.00	-1.00	-1.00	-1.00	-1.00	-1.00	-1.00	-1.00	-1.00	-1.00	60	60	1	1	1	1	84	193600978	741	112	689	381	0.00	0.00	273.98	0.00	0	-90.54	-42.45	0.00	0.00	0.00	0.00
11	11	ÄÐ	0	50.00	360.00	0	1	0	0	0	0	0	0	-1	100.00	-1.00	-1.00	-1.00	-1.00	-1.00	-1.00	-1.00	-1.00	-1.00	60	60	1	1	1	1	85	193601018	737	110	689	381	0.00	0.00	275.22	0.00	0	-91.11	-41.21	0.00	0.00	0.00	0.00
11	11	ÄÐ	0	50.00	360.00	0	1	0	0	0	0	0	0	-1	100.00	-1.00	-1.00	-1.00	-1.00	-1.00	-1.00	-1.00	-1.00	-1.00	60	60	1	1	1	1	86	193601058	733	108	689	381	0.00	0.00	276.52	0.00	0	-91.67	-39.97	0.00	0.00	0.00	0.00
11	11	ÄÐ	0	50.00	360.00	0	1	0	0	0	0	0	0	-1	100.00	-1.00	-1.00	-1.00	-1.00	-1.00	-1.00	-1.00	-1.00	-1.00	60	60	1	1	1	1	87	193601098	730	107	689	381	0.00	0.00	277.05	0.00	0	-92.20	-38.71	0.00	0.00	0.00	0.00
11	11	ÄÐ	0	50.00	360.00	0	1	0	0	0	0	0	0	-1	100.00	-1.00	-1.00	-1.00	-1.00	-1.00	-1.00	-1.00	-1.00	-1.00	60	60	1	1	1	1	88	193601139	726	105	689	381	0.00	0.00	278.47	0.00	0	-92.73	-37.44	0.00	0.00	0.00	0.00
11	11	ÄÐ	0	50.00	360.00	0	1	0	0	0	0	0	0	-1	100.00	-1.00	-1.00	-1.00	-1.00	-1.00	-1.00	-1.00	-1.00	-1.00	60	60	1	1	1	1	89	193601179	722	104	689	360	0.00	0.00	258.12	0.00	0	-93.23	-36.17	0.00	-500.00	0.00	0.00
11	11	ÄÐ	0	50.00	360.00	0	1	0	0	0	0	0	0	-1	100.00	-1.00	-1.00	-1.00	-1.00	-1.00	-1.00	-1.00	-1.00	-1.00	60	60	1	1	1	1	90	193601219	718	102	689	340	0.00	0.00	239.76	0.00	0	-93.71	-34.90	0.00	-500.00	0.00	0.00
11	11	ÄÐ	0	50.00	360.00	0	1	0	0	0	0	0	0	-1	100.00	-1.00	-1.00	-1.00	-1.00	-1.00	-1.00	-1.00	-1.00	-1.00	60	60	1	1	1	1	91	193601259	714	101	689	319	0.00	0.00	219.43	0.00	0	-94.18	-33.61	0.00	-500.00	0.00	0.00
11	11	ÄÐ	0	50.00	360.00	0	1	0	0	0	0	0	0	-1	100.00	-1.00	-1.00	-1.00	-1.00	-1.00	-1.00	-1.00	-1.00	-1.00	60	60	1	1	1	1	92	193601299	710	100	689	299	0.00	0.00	200.10	0.00	0	-94.63	-32.32	0.00	-500.00	0.00	0.00
11	11	ÄÐ	0	50.00	360.00	0	1	0	0	0	0	0	0	-1	100.00	-1.00	-1.00	-1.00	-1.00	-1.00	-1.00	-1.00	-1.00	-1.00	60	60	1	1	1	1	93	193601339	707	98	689	279	0.00	0.00	181.89	0.00	0	-95.06	-31.05	0.00	-500.00	0.00	0.00
11	11	ÄÐ	0	50.00	360.00	0	1	0	0	0	0	0	0	-1	100.00	-1.00	-1.00	-1.00	-1.00	-1.00	-1.00	-1.00	-1.00	-1.00	60	60	1	1	1	1	94	193601379	703	97	689	258	0.00	0.00	161.61	0.00	0	-95.46	-29.78	0.00	-500.00	0.00	0.00
11	11	ÄÐ	0	50.00	360.00	0	1	0	0	0	0	0	0	-1	100.00	-1.00	-1.00	-1.00	-1.00	-1.00	-1.00	-1.00	-1.00	-1.00	60	60	1	1	1	1	95	193601419	699	96	689	238	0.00	0.00	142.35	0.00	0	-95.86	-28.48	0.00	-500.00	0.00	0.00
11	11	ÄÐ	0	50.00	360.00	0	1	0	0	0	0	0	0	-1	100.00	-1.00	-1.00	-1.00	-1.00	-1.00	-1.00	-1.00	-1.00	-1.00	60	60	1	1	1	1	96	193601459	695	95	689	218	0.00	0.00	123.15	0.00	0	-96.24	-27.17	0.00	-500.00	0.00	0.00
11	11	ÄÐ	0	50.00	360.00	0	1	0	0	0	0	0	0	-1	100.00	-1.00	-1.00	-1.00	-1.00	-1.00	-1.00	-1.00	-1.00	-1.00	60	60	1	1	1	1	97	193601499	691	94	689	198	0.00	0.00	104.02	0.00	0	-96.59	-25.88	0.00	-500.00	0.00	0.00
11	11	ÄÐ	0	50.00	360.00	0	1	0	0	0	0	0	0	-1	100.00	-1.00	-1.00	-1.00	-1.00	-1.00	-1.00	-1.00	-1.00	-1.00	60	60	1	1	1	1	98	193601539	687	93	689	178	0.00	0.00	85.02	0.00	0	-96.93	-24.59	0.00	-500.00	0.00	0.00
11	11	ÄÐ	0	50.00	360.00	0	1	0	0	0	0	0	0	-1	100.00	-1.00	-1.00	-1.00	-1.00	-1.00	-1.00	-1.00	-1.00	-1.00	60	60	1	1	1	1	99	193601580	683	92	689	157	0.00	0.00	65.28	0.00	0	-97.26	-23.23	0.00	-500.00	0.00	0.00
11	11	ÄÐ	0	50.00	360.00	0	1	0	0	0	0	0	0	-1	100.00	-1.00	-1.00	-1.00	-1.00	-1.00	-1.00	-1.00	-1.00	-1.00	60	60	1	1	1	1	100	193601621	679	91	689	157	0.00	0.00	66.75	0.00	0	-97.57	-21.90	0.00	0.00	0.00	0.00
11	11	ÄÐ	0	50.00	360.00	0	1	0	0	0	0	0	0	-1	100.00	-1.00	-1.00	-1.00	-1.00	-1.00	-1.00	-1.00	-1.00	-1.00	60	60	1	1	1	1	101	193601661	675	90	689	157	0.00	0.00	68.45	0.00	0	-97.86	-20.56	0.00	0.00	0.00	0.00
11	11	ÄÐ	0	50.00	360.00	0	1	0	0	0	0	0	0	-1	100.00	-1.00	-1.00	-1.00	-1.00	-1.00	-1.00	-1.00	-1.00	-1.00	60	60	1	1	1	1	102	193601701	671	89	689	157	0.00	0.00	70.34	0.00	0	-98.13	-19.24	0.00	0.00	0.00	0.00
11	11	ÄÐ	0	50.00	360.00	0	1	0	0	0	0	0	0	-1	100.00	-1.00	-1.00	-1.00	-1.00	-1.00	-1.00	-1.00	-1.00	-1.00	60	60	1	1	1	1	103	193601741	667	88	689	157	0.00	0.00	72.42	0.00	0	-98.38	-17.92	0.00	0.00	0.00	0.00
11	11	ÄÐ	0	50.00	360.00	0	1	0	0	0	0	0	0	-1	100.00	-1.00	-1.00	-1.00	-1.00	-1.00	-1.00	-1.00	-1.00	-1.00	60	60	1	1	1	1	104	193601781	663	88	689	157	0.00	0.00	73.74	0.00	0	-98.61	-16.60	0.00	0.00	0.00	0.00
11	11	ÄÐ	0	50.00	360.00	0	1	0	0	0	0	0	0	-1	100.00	-1.00	-1.00	-1.00	-1.00	-1.00	-1.00	-1.00	-1.00	-1.00	60	60	1	1	1	1	105	193601821	659	87	689	157	0.00	0.00	76.16	0.00	0	-98.83	-15.25	0.00	0.00	0.00	0.00
11	11	ÄÐ	0	50.00	360.00	0	1	0	0	0	0	0	0	-1	100.00	-1.00	-1.00	-1.00	-1.00	-1.00	-1.00	-1.00	-1.00	-1.00	60	60	1	1	1	1	106	193601862	655	86	689	148	0.00	0.00	70.71	0.00	0	-99.03	-13.87	0.00	-500.00	0.00	0.00
11	11	ÄÐ	0	50.00	360.00	0	1	0	0	0	0	0	0	-1	100.00	-1.00	-1.00	-1.00	-1.00	-1.00	-1.00	-1.00	-1.00	-1.00	60	60	1	1	1	1	107	193601902	651	86	675	128	0.00	0.00	48.37	0.00	1	-99.21	-12.54	-500.00	-500.00	0.00	0.00
11	11	ÄÐ	0	50.00	360.00	0	1	0	0	0	0	0	0	-1	100.00	-1.00	-1.00	-1.00	-1.00	-1.00	-1.00	-1.00	-1.00	-1.00	60	60	1	1	1	1	108	193601942	647	85	656	108	0.00	0.00	24.70	0.00	1	-99.37	-11.19	-500.00	-500.00	0.00	0.00
11	11	ÄÐ	0	50.00	360.00	0	1	0	0	0	0	0	0	-1	100.00	-1.00	-1.00	-1.00	-1.00	-1.00	-1.00	-1.00	-1.00	-1.00	60	60	1	1	1	1	109	193601983	643	85	637	87	0.00	0.00	6.32	0.00	1	-99.52	-9.83	-500.00	-500.00	0.00	0.00
11	11	ÄÐ	0	50.00	360.00	0	1	0	0	0	0	0	0	-1	100.00	-1.00	-1.00	-1.00	-1.00	-1.00	-1.00	-1.00	-1.00	-1.00	60	60	1	1	1	1	110	193602023	639	85	619	67	0.00	0.00	26.91	0.00	1	-99.64	-8.50	-500.00	-500.00	0.00	0.00
11	11	ÄÐ	0	50.00	360.00	0	1	0	0	0	0	0	0	-1	100.00	-1.00	-1.00	-1.00	-1.00	-1.00	-1.00	-1.00	-1.00	-1.00	60	60	1	1	1	1	111	193602064	635	84	601	47	0.00	0.00	50.25	0.00	0	-99.75	-7.14	-500.00	-500.00	0.00	0.00
11	11	ÄÐ	0	50.00	360.00	0	1	0	0	0	0	0	0	-1	100.00	-1.00	-1.00	-1.00	-1.00	-1.00	-1.00	-1.00	-1.00	-1.00	60	60	1	1	1	1	112	193602104	631	84	601	47	0.00	0.00	47.63	0.00	1	-99.83	-5.80	0.00	0.00	0.00	0.00
11	11	ÄÐ	0	50.00	360.00	0	1	0	0	0	0	0	0	-1	100.00	-1.00	-1.00	-1.00	-1.00	-1.00	-1.00	-1.00	-1.00	-1.00	60	60	1	1	1	1	113	193602144	627	84	601	47	0.00	0.00	45.22	0.00	1	-99.90	-4.47	0.00	0.00	0.00	0.00
11	11	ÄÐ	0	50.00	360.00	0	1	0	0	0	0	0	0	-1	100.00	-1.00	-1.00	-1.00	-1.00	-1.00	-1.00	-1.00	-1.00	-1.00	60	60	1	1	1	1	114	193602185	623	84	601	47	0.00	0.00	43.05	0.00	1	-99.95	-3.08	0.00	0.00	0.00	0.00
11	11	ÄÐ	0	50.00	360.00	0	1	0	0	0	0	0	0	-1	100.00	-1.00	-1.00	-1.00	-1.00	-1.00	-1.00	-1.00	-1.00	-1.00	60	60	1	1	1	1	115	193602225	619	84	601	47	0.00	0.00	41.15	0.00	1	-99.98	-1.75	0.00	0.00	0.00	0.00
11	11	ÄÐ	0	50.00	360.00	0	1	0	0	0	0	0	0	-1	100.00	-1.00	-1.00	-1.00	-1.00	-1.00	-1.00	-1.00	-1.00	-1.00	60	60	1	1	1	1	116	193602265	615	84	601	47	0.00	0.00	39.56	0.00	1	-100.00	-0.41	0.00	0.00	0.00	0.00
11	11	ÄÐ	0	50.00	360.00	0	1	0	0	0	0	0	0	-1	100.00	-1.00	-1.00	-1.00	-1.00	-1.00	-1.00	-1.00	-1.00	-1.00	60	60	1	1	1	1	117	193602305	611	84	601	54	0.00	0.00	31.62	0.00	1	-100.00	0.95	0.00	500.00	0.00	0.00
11	11	ÄÐ	0	50.00	360.00	0	1	0	0	0	0	0	0	-1	100.00	-1.00	-1.00	-1.00	-1.00	-1.00	-1.00	-1.00	-1.00	-1.00	60	60	1	1	1	1	118	193602346	607	84	601	75	0.00	0.00	10.82	0.00	1	-99.97	2.32	0.00	500.00	0.00	0.00
11	11	ÄÐ	0	50.00	360.00	0	1	0	0	0	0	0	0	-1	100.00	-1.00	-1.00	-1.00	-1.00	-1.00	-1.00	-1.00	-1.00	-1.00	60	60	1	1	1	1	119	193602388	602	84	593	96	0.00	0.00	15.00	0.00	1	-99.93	3.73	-500.00	500.00	0.00	0.00
11	11	ÄÐ	0	50.00	360.00	0	1	0	0	0	0	0	0	-1	100.00	-1.00	-1.00	-1.00	-1.00	-1.00	-1.00	-1.00	-1.00	-1.00	60	60	1	1	1	1	120	193602428	598	84	585	117	0.00	0.00	35.47	0.00	1	-99.87	5.09	-500.00	500.00	0.00	0.00
11	11	ÄÐ	0	50.00	360.00	0	1	0	0	0	0	0	0	-1	100.00	-1.00	-1.00	-1.00	-1.00	-1.00	-1.00	-1.00	-1.00	-1.00	60	60	1	1	1	1	121	193602468	594	84	577	137	0.00	0.00	55.66	0.00	0	-99.79	6.42	-500.00	500.00	0.00	0.00
11	11	ÄÐ	0	50.00	360.00	0	1	0	0	0	0	0	0	-1	100.00	-1.00	-1.00	-1.00	-1.00	-1.00	-1.00	-1.00	-1.00	-1.00	60	60	1	1	1	1	122	193602508	590	84	577	155	0.00	0.00	72.18	0.00	0	-99.70	7.78	0.00	500.00	0.00	0.00
11	11	ÄÐ	0	50.00	360.00	0	1	0	0	0	0	0	0	-1	100.00	-1.00	-1.00	-1.00	-1.00	-1.00	-1.00	-1.00	-1.00	-1.00	60	60	1	1	1	1	123	193602549	586	85	577	155	0.00	0.00	70.58	0.00	0	-99.58	9.14	0.00	0.00	0.00	0.00
11	11	ÄÐ	0	50.00	360.00	0	1	0	0	0	0	0	0	-1	100.00	-1.00	-1.00	-1.00	-1.00	-1.00	-1.00	-1.00	-1.00	-1.00	60	60	1	1	1	1	124	193602589	582	85	577	155	0.00	0.00	70.18	0.00	0	-99.45	10.47	0.00	0.00	0.00	0.00
11	11	ÄÐ	0	50.00	360.00	0	1	0	0	0	0	0	0	-1	100.00	-1.00	-1.00	-1.00	-1.00	-1.00	-1.00	-1.00	-1.00	-1.00	60	60	1	1	1	1	125	193602629	578	86	577	155	0.00	0.00	69.01	0.00	0	-99.30	11.83	0.00	0.00	0.00	0.00
11	11	ÄÐ	0	50.00	360.00	0	1	0	0	0	0	0	0	-1	100.00	-1.00	-1.00	-1.00	-1.00	-1.00	-1.00	-1.00	-1.00	-1.00	60	60	1	1	1	1	126	193602670	574	86	577	155	0.00	0.00	69.07	0.00	0	-99.13	13.18	0.00	0.00	0.00	0.00
11	11	ÄÐ	0	50.00	360.00	0	1	0	0	0	0	0	0	-1	100.00	-1.00	-1.00	-1.00	-1.00	-1.00	-1.00	-1.00	-1.00	-1.00	60	60	1	1	1	1	127	193602711	570	87	577	155	0.00	0.00	68.36	0.00	0	-98.93	14.56	0.00	0.00	0.00	0.00
11	11	ÄÐ	0	50.00	360.00	0	1	0	0	0	0	0	0	-1	100.00	-1.00	-1.00	-1.00	-1.00	-1.00	-1.00	-1.00	-1.00	-1.00	60	60	1	1	1	1	128	193602752	566	87	577	145	0.00	0.00	59.03	0.00	0	-98.73	15.92	0.00	-500.00	0.00	0.00
11	11	ÄÐ	0	50.00	360.00	0	1	0	0	0	0	0	0	-1	100.00	-1.00	-1.00	-1.00	-1.00	-1.00	-1.00	-1.00	-1.00	-1.00	60	60	1	1	1	1	129	193602793	562	88	570	124	0.00	0.00	36.88	0.00	1	-98.50	17.27	-500.00	-500.00	0.00	0.00
11	11	ÄÐ	0	50.00	360.00	0	1	0	0	0	0	0	0	-1	100.00	-1.00	-1.00	-1.00	-1.00	-1.00	-1.00	-1.00	-1.00	-1.00	60	60	1	1	1	1	130	193602834	558	89	556	104	0.00	0.00	15.13	0.00	1	-98.25	18.61	-500.00	-500.00	0.00	0.00
11	11	ÄÐ	0	50.00	360.00	0	1	0	0	0	0	0	0	-1	100.00	-1.00	-1.00	-1.00	-1.00	-1.00	-1.00	-1.00	-1.00	-1.00	60	60	1	1	1	1	131	193602874	554	90	543	84	0.00	0.00	12.53	0.00	1	-98.00	19.92	-500.00	-500.00	0.00	0.00
11	11	ÄÐ	0	50.00	360.00	0	1	0	0	0	0	0	0	-1	100.00	-1.00	-1.00	-1.00	-1.00	-1.00	-1.00	-1.00	-1.00	-1.00	60	60	1	1	1	1	132	193602915	550	90	533	63	0.00	0.00	31.91	0.00	1	-97.71	21.29	-500.00	-500.00	0.00	0.00
11	11	ÄÐ	0	50.00	360.00	0	1	0	0	0	0	0	0	-1	100.00	-1.00	-1.00	-1.00	-1.00	-1.00	-1.00	-1.00	-1.00	-1.00	60	60	1	1	1	1	133	193602955	546	91	533	63	0.00	0.00	30.87	0.00	1	-97.41	22.59	0.00	0.00	0.00	0.00
11	11	ÄÐ	0	50.00	360.00	0	1	0	0	0	0	0	0	-1	100.00	-1.00	-1.00	-1.00	-1.00	-1.00	-1.00	-1.00	-1.00	-1.00	60	60	1	1	1	1	134	193602996	542	92	533	63	0.00	0.00	30.36	0.00	1	-97.09	23.95	0.00	0.00	0.00	0.00
11	11	ÄÐ	0	50.00	360.00	0	1	0	0	0	0	0	0	-1	100.00	-1.00	-1.00	-1.00	-1.00	-1.00	-1.00	-1.00	-1.00	-1.00	60	60	1	1	1	1	135	193603037	538	93	533	63	0.00	0.00	30.41	0.00	1	-96.74	25.31	0.00	0.00	0.00	0.00
11	11	ÄÐ	0	50.00	360.00	0	1	0	0	0	0	0	0	-1	100.00	-1.00	-1.00	-1.00	-1.00	-1.00	-1.00	-1.00	-1.00	-1.00	60	60	1	1	1	1	136	193603077	534	94	533	72	0.00	0.00	22.02	0.00	1	-96.39	26.63	0.00	500.00	0.00	0.00
11	11	ÄÐ	0	50.00	360.00	0	1	0	0	0	0	0	0	-1	100.00	-1.00	-1.00	-1.00	-1.00	-1.00	-1.00	-1.00	-1.00	-1.00	60	60	1	1	1	1	137	193603118	530	95	533	93	0.00	0.00	3.61	0.00	1	-96.01	27.95	0.00	500.00	0.00	0.00
11	11	ÄÐ	0	50.00	360.00	0	1	0	0	0	0	0	0	-1	100.00	-1.00	-1.00	-1.00	-1.00	-1.00	-1.00	-1.00	-1.00	-1.00	60	60	1	1	1	1	138	193603158	526	97	533	113	0.00	0.00	17.46	0.00	1	-95.63	29.25	0.00	500.00	0.00	0.00
11	11	ÄÐ	0	50.00	360.00	0	1	0	0	0	0	0	0	-1	100.00	-1.00	-1.00	-1.00	-1.00	-1.00	-1.00	-1.00	-1.00	-1.00	60	60	1	1	1	1	139	193603198	522	98	533	133	0.00	0.00	36.69	0.00	1	-95.23	30.53	0.00	500.00	0.00	0.00
11	11	ÄÐ	0	50.00	360.00	0	1	0	0	0	0	0	0	-1	100.00	-1.00	-1.00	-1.00	-1.00	-1.00	-1.00	-1.00	-1.00	-1.00	60	60	1	1	1	1	140	193603238	518	99	533	154	0.00	0.00	57.01	0.00	0	-94.80	31.82	0.00	500.00	0.00	0.00
11	11	ÄÐ	0	50.00	360.00	0	1	0	0	0	0	0	0	-1	100.00	-1.00	-1.00	-1.00	-1.00	-1.00	-1.00	-1.00	-1.00	-1.00	60	60	1	1	1	1	141	193603278	514	100	533	158	0.00	0.00	61.03	0.00	0	-94.36	33.12	0.00	500.00	0.00	0.00
11	11	ÄÐ	0	50.00	360.00	0	1	0	0	0	0	0	0	-1	100.00	-1.00	-1.00	-1.00	-1.00	-1.00	-1.00	-1.00	-1.00	-1.00	60	60	1	1	1	1	142	193603319	510	102	533	158	0.00	0.00	60.54	0.00	0	-93.90	34.40	0.00	0.00	0.00	0.00
11	11	ÄÐ	0	50.00	360.00	0	1	0	0	0	0	0	0	-1	100.00	-1.00	-1.00	-1.00	-1.00	-1.00	-1.00	-1.00	-1.00	-1.00	60	60	1	1	1	1	143	193603359	506	103	533	158	0.00	0.00	61.27	0.00	0	-93.42	35.68	0.00	0.00	0.00	0.00
11	11	ÄÐ	0	50.00	360.00	0	1	0	0	0	0	0	0	-1	100.00	-1.00	-1.00	-1.00	-1.00	-1.00	-1.00	-1.00	-1.00	-1.00	60	60	1	1	1	1	144	193603400	503	105	533	158	0.00	0.00	60.90	0.00	0	-92.91	36.98	0.00	0.00	0.00	0.00
11	11	ÄÐ	0	50.00	360.00	0	1	0	0	0	0	0	0	-1	100.00	-1.00	-1.00	-1.00	-1.00	-1.00	-1.00	-1.00	-1.00	-1.00	60	60	1	1	1	1	145	193603440	499	106	533	158	0.00	0.00	62.13	0.00	0	-92.40	38.23	0.00	0.00	0.00	0.00
11	11	ÄÐ	0	50.00	360.00	0	1	0	0	0	0	0	0	-1	100.00	-1.00	-1.00	-1.00	-1.00	-1.00	-1.00	-1.00	-1.00	-1.00	60	60	1	1	1	1	146	193603480	495	108	533	158	0.00	0.00	62.80	0.00	0	-91.88	39.48	0.00	0.00	0.00	0.00
11	11	ÄÐ	0	50.00	360.00	0	1	0	0	0	0	0	0	-1	100.00	-1.00	-1.00	-1.00	-1.00	-1.00	-1.00	-1.00	-1.00	-1.00	60	60	1	1	1	1	147	193603520	491	109	533	158	0.00	0.00	64.54	0.00	0	-91.34	40.71	0.00	0.00	0.00	0.00
11	11	ÄÐ	0	50.00	360.00	0	1	0	0	0	0	0	0	-1	100.00	-1.00	-1.00	-1.00	-1.00	-1.00	-1.00	-1.00	-1.00	-1.00	60	60	1	1	1	1	148	193603560	488	111	533	158	0.00	0.00	65.07	0.00	0	-90.79	41.92	0.00	0.00	0.00	0.00
11	11	ÄÐ	0	50.00	360.00	0	1	0	0	0	0	0	0	-1	100.00	-1.00	-1.00	-1.00	-1.00	-1.00	-1.00	-1.00	-1.00	-1.00	60	60	1	1	1	1	149	193603600	484	113	526	158	0.00	0.00	61.55	0.00	0	-90.21	43.16	-500.00	0.00	0.00	0.00
11	11	ÄÐ	0	50.00	360.00	0	1	0	0	0	0	0	0	-1	100.00	-1.00	-1.00	-1.00	-1.00	-1.00	-1.00	-1.00	-1.00	-1.00	60	60	1	1	1	1	150	193603640	480	115	506	158	0.00	0.00	50.25	0.00	0	-89.61	44.38	-500.00	0.00	0.00	0.00
11	11	ÄÐ	0	50.00	360.00	0	1	0	0	0	0	0	0	-1	100.00	-1.00	-1.00	-1.00	-1.00	-1.00	-1.00	-1.00	-1.00	-1.00	60	60	1	1	1	1	151	193603680	477	116	486	158	0.00	0.00	42.95	0.00	1	-89.01	45.57	-500.00	0.00	0.00	0.00
11	11	ÄÐ	0	50.00	360.00	0	1	0	0	0	0	0	0	-1	100.00	-1.00	-1.00	-1.00	-1.00	-1.00	-1.00	-1.00	-1.00	-1.00	60	60	1	1	1	1	152	193603720	473	118	465	158	0.00	0.00	40.79	0.00	1	-88.38	46.79	-500.00	0.00	0.00	0.00
11	11	ÄÐ	0	50.00	360.00	0	1	0	0	0	0	0	0	-1	100.00	-1.00	-1.00	-1.00	-1.00	-1.00	-1.00	-1.00	-1.00	-1.00	60	60	1	1	1	1	153	193603761	470	120	445	158	0.00	0.00	45.49	0.00	1	-87.73	47.99	-500.00	0.00	0.00	0.00
11	11	ÄÐ	0	50.00	360.00	0	1	0	0	0	0	0	0	-1	100.00	-1.00	-1.00	-1.00	-1.00	-1.00	-1.00	-1.00	-1.00	-1.00	60	60	1	1	1	1	154	193603801	466	122	445	158	0.00	0.00	41.68	0.00	1	-87.07	49.18	0.00	0.00	0.00	0.00
11	11	ÄÐ	0	50.00	360.00	0	1	0	0	0	0	0	0	-1	100.00	-1.00	-1.00	-1.00	-1.00	-1.00	-1.00	-1.00	-1.00	-1.00	60	60	1	1	1	1	155	193603841	462	124	445	158	0.00	0.00	38.01	0.00	1	-86.40	50.34	0.00	0.00	0.00	0.00
11	11	ÄÐ	0	50.00	360.00	0	1	0	0	0	0	0	0	-1	100.00	-1.00	-1.00	-1.00	-1.00	-1.00	-1.00	-1.00	-1.00	-1.00	60	60	1	1	1	1	156	193603881	459	126	445	158	0.00	0.00	34.93	0.00	1	-85.71	51.51	0.00	0.00	0.00	0.00
11	11	ÄÐ	0	50.00	360.00	0	1	0	0	0	0	0	0	-1	100.00	-1.00	-1.00	-1.00	-1.00	-1.00	-1.00	-1.00	-1.00	-1.00	60	60	1	1	1	1	157	193603921	456	128	445	158	0.00	0.00	31.95	0.00	1	-85.01	52.66	0.00	0.00	0.00	0.00
11	11	ÄÐ	0	50.00	360.00	0	1	0	0	0	0	0	0	-1	100.00	-1.00	-1.00	-1.00	-1.00	-1.00	-1.00	-1.00	-1.00	-1.00	60	60	1	1	1	1	158	193603961	452	131	445	158	0.00	0.00	27.89	0.00	1	-84.29	53.81	0.00	0.00	0.00	0.00
11	11	ÄÐ	0	50.00	360.00	0	1	0	0	0	0	0	0	-1	100.00	-1.00	-1.00	-1.00	-1.00	-1.00	-1.00	-1.00	-1.00	-1.00	60	60	1	1	1	1	159	193604002	449	133	445	158	0.00	0.00	25.32	0.00	1	-83.53	54.98	0.00	0.00	0.00	0.00
11	11	ÄÐ	0	50.00	360.00	0	1	0	0	0	0	0	0	-1	100.00	-1.00	-1.00	-1.00	-1.00	-1.00	-1.00	-1.00	-1.00	-1.00	60	60	1	1	1	1	160	193604042	445	135	445	148	0.00	0.00	13.00	0.00	1	-82.78	56.10	0.00	-500.00	0.00	0.00
11	11	ÄÐ	0	50.00	360.00	0	1	0	0	0	0	0	0	-1	100.00	-1.00	-1.00	-1.00	-1.00	-1.00	-1.00	-1.00	-1.00	-1.00	60	60	1	1	1	1	161	193604083	442	138	445	137	0.00	0.00	3.16	0.00	1	-81.99	57.25	0.00	-500.00	0.00	0.00
11	11	ÄÐ	0	50.00	360.00	0	1	0	0	0	0	0	0	-1	100.00	-1.00	-1.00	-1.00	-1.00	-1.00	-1.00	-1.00	-1.00	-1.00	60	60	1	1	1	1	162	193604124	438	140	445	137	0.00	0.00	7.62	0.00	1	-81.18	58.39	0.00	0.00	0.00	0.00
11	11	ÄÐ	0	50.00	360.00	0	1	0	0	0	0	0	0	-1	100.00	-1.00	-1.00	-1.00	-1.00	-1.00	-1.00	-1.00	-1.00	-1.00	60	60	1	1	1	1	163	193604164	435	142	445	137	0.00	0.00	11.18	0.00	1	-80.38	59.49	0.00	0.00	0.00	0.00
11	11	ÄÐ	0	50.00	360.00	0	1	0	0	0	0	0	0	-1	100.00	-1.00	-1.00	-1.00	-1.00	-1.00	-1.00	-1.00	-1.00	-1.00	60	60	1	1	1	1	164	193604205	432	145	445	137	0.00	0.00	15.26	0.00	1	-79.55	60.59	0.00	0.00	0.00	0.00
11	11	ÄÐ	0	50.00	360.00	0	1	0	0	0	0	0	0	-1	100.00	-1.00	-1.00	-1.00	-1.00	-1.00	-1.00	-1.00	-1.00	-1.00	60	60	1	1	1	1	165	193604246	428	147	445	137	0.00	0.00	19.72	0.00	1	-78.72	61.67	0.00	0.00	0.00	0.00
11	11	ÄÐ	0	50.00	360.00	0	1	0	0	0	0	0	0	-1	100.00	-1.00	-1.00	-1.00	-1.00	-1.00	-1.00	-1.00	-1.00	-1.00	60	60	1	1	1	1	166	193604287	425	150	445	137	0.00	0.00	23.85	0.00	1	-77.85	62.77	0.00	0.00	0.00	0.00
11	11	ÄÐ	0	50.00	360.00	0	1	0	0	0	0	0	0	-1	100.00	-1.00	-1.00	-1.00	-1.00	-1.00	-1.00	-1.00	-1.00	-1.00	60	60	1	1	1	1	167	193604329	422	153	445	137	0.00	0.00	28.02	0.00	1	-76.96	63.85	0.00	0.00	0.00	0.00
11	11	ÄÐ	0	50.00	360.00	0	1	0	0	0	0	0	0	-1	100.00	-1.00	-1.00	-1.00	-1.00	-1.00	-1.00	-1.00	-1.00	-1.00	60	60	1	1	1	1	168	193604369	419	155	445	137	0.00	0.00	31.62	0.00	1	-76.10	64.88	0.00	0.00	0.00	0.00
11	11	ÄÐ	0	50.00	360.00	0	1	0	0	0	0	0	0	-1	100.00	-1.00	-1.00	-1.00	-1.00	-1.00	-1.00	-1.00	-1.00	-1.00	60	60	1	1	1	1	169	193604409	416	158	445	137	0.00	0.00	35.81	0.00	1	-75.21	65.91	0.00	0.00	0.00	0.00
11	11	ÄÐ	0	50.00	360.00	0	1	0	0	0	0	0	0	-1	100.00	-1.00	-1.00	-1.00	-1.00	-1.00	-1.00	-1.00	-1.00	-1.00	60	60	1	1	1	1	170	193604449	413	161	445	137	0.00	0.00	40.00	0.00	1	-74.30	66.93	0.00	0.00	0.00	0.00
11	11	ÄÐ	0	50.00	360.00	0	1	0	0	0	0	0	0	-1	100.00	-1.00	-1.00	-1.00	-1.00	-1.00	-1.00	-1.00	-1.00	-1.00	60	60	1	1	1	1	171	193604490	410	163	445	137	0.00	0.00	43.60	0.00	1	-73.38	67.94	0.00	0.00	0.00	0.00
11	11	ÄÐ	0	50.00	360.00	0	1	0	0	0	0	0	0	-1	100.00	-1.00	-1.00	-1.00	-1.00	-1.00	-1.00	-1.00	-1.00	-1.00	60	60	1	1	1	1	172	193604530	407	166	445	137	0.00	0.00	47.80	0.00	1	-72.45	68.93	0.00	0.00	0.00	0.00
11	11	ÄÐ	0	50.00	360.00	0	1	0	0	0	0	0	0	-1	100.00	-1.00	-1.00	-1.00	-1.00	-1.00	-1.00	-1.00	-1.00	-1.00	60	60	1	1	1	1	173	193604570	404	169	429	147	0.00	0.00	33.30	0.00	1	-71.52	69.89	-500.00	500.00	0.00	0.00
11	11	ÄÐ	0	50.00	360.00	0	1	0	0	0	0	0	0	-1	100.00	-1.00	-1.00	-1.00	-1.00	-1.00	-1.00	-1.00	-1.00	-1.00	60	60	1	1	1	1	174	193604610	401	172	409	165	0.00	0.00	10.63	0.00	1	-70.56	70.86	-500.00	500.00	0.00	0.00
11	11	ÄÐ	0	50.00	360.00	0	1	0	0	0	0	0	0	-1	100.00	-1.00	-1.00	-1.00	-1.00	-1.00	-1.00	-1.00	-1.00	-1.00	60	60	1	1	1	1	175	193604650	398	175	389	184	0.00	0.00	12.73	0.00	1	-69.61	71.79	-500.00	500.00	0.00	0.00
11	11	ÄÐ	0	50.00	360.00	0	1	0	0	0	0	0	0	-1	100.00	-1.00	-1.00	-1.00	-1.00	-1.00	-1.00	-1.00	-1.00	-1.00	60	60	1	1	1	1	176	193604690	395	178	368	204	0.00	0.00	37.48	0.00	1	-68.64	72.72	-500.00	500.00	0.00	0.00
11	11	ÄÐ	0	50.00	360.00	0	1	0	0	0	0	0	0	-1	100.00	-1.00	-1.00	-1.00	-1.00	-1.00	-1.00	-1.00	-1.00	-1.00	60	60	1	1	1	1	177	193604731	392	181	348	221	0.00	0.00	59.46	0.00	0	-67.62	73.67	-500.00	500.00	0.00	0.00
11	11	ÄÐ	0	50.00	360.00	0	1	0	0	0	0	0	0	-1	100.00	-1.00	-1.00	-1.00	-1.00	-1.00	-1.00	-1.00	-1.00	-1.00	60	60	1	1	1	1	178	193604771	390	184	348	221	0.00	0.00	55.97	0.00	0	-66.61	74.59	0.00	0.00	0.00	0.00
11	11	ÄÐ	0	50.00	360.00	0	1	0	0	0	0	0	0	-1	100.00	-1.00	-1.00	-1.00	-1.00	-1.00	-1.00	-1.00	-1.00	-1.00	60	60	1	1	1	1	179	193604811	387	187	348	221	0.00	0.00	51.74	0.00	0	-65.60	75.47	0.00	0.00	0.00	0.00
11	11	ÄÐ	0	50.00	360.00	0	1	0	0	0	0	0	0	-1	100.00	-1.00	-1.00	-1.00	-1.00	-1.00	-1.00	-1.00	-1.00	-1.00	60	60	1	1	1	1	180	193604852	384	190	348	221	0.00	0.00	47.51	0.00	1	-64.56	76.36	0.00	0.00	0.00	0.00
11	11	ÄÐ	0	50.00	360.00	0	1	0	0	0	0	0	0	-1	100.00	-1.00	-1.00	-1.00	-1.00	-1.00	-1.00	-1.00	-1.00	-1.00	60	60	1	1	1	1	181	193604893	382	193	348	221	0.00	0.00	44.05	0.00	1	-63.49	77.26	0.00	0.00	0.00	0.00
11	11	ÄÐ	0	50.00	360.00	0	1	0	0	0	0	0	0	-1	100.00	-1.00	-1.00	-1.00	-1.00	-1.00	-1.00	-1.00	-1.00	-1.00	60	60	1	1	1	1	182	193604934	379	196	348	221	0.00	0.00	39.82	0.00	1	-62.43	78.12	0.00	0.00	0.00	0.00
11	11	ÄÐ	0	50.00	360.00	0	1	0	0	0	0	0	0	-1	100.00	-1.00	-1.00	-1.00	-1.00	-1.00	-1.00	-1.00	-1.00	-1.00	60	60	1	1	1	1	183	193604975	377	200	348	221	0.00	0.00	35.81	0.00	1	-61.33	78.98	0.00	0.00	0.00	0.00
11	11	ÄÐ	0	50.00	360.00	0	1	0	0	0	0	0	0	-1	100.00	-1.00	-1.00	-1.00	-1.00	-1.00	-1.00	-1.00	-1.00	-1.00	60	60	1	1	1	1	184	193605016	374	203	348	221	0.00	0.00	31.62	0.00	1	-60.24	79.82	0.00	0.00	0.00	0.00
11	11	ÄÐ	0	50.00	360.00	0	1	0	0	0	0	0	0	-1	100.00	-1.00	-1.00	-1.00	-1.00	-1.00	-1.00	-1.00	-1.00	-1.00	60	60	1	1	1	1	185	193605057	372	206	348	221	0.00	0.00	28.30	0.00	1	-59.13	80.65	0.00	0.00	0.00	0.00
11	11	ÄÐ	0	50.00	360.00	0	1	0	0	0	0	0	0	-1	100.00	-1.00	-1.00	-1.00	-1.00	-1.00	-1.00	-1.00	-1.00	-1.00	60	60	1	1	1	1	186	193605097	369	209	348	221	0.00	0.00	24.19	0.00	1	-58.02	81.45	0.00	0.00	0.00	0.00
11	11	ÄÐ	0	50.00	360.00	0	1	0	0	0	0	0	0	-1	100.00	-1.00	-1.00	-1.00	-1.00	-1.00	-1.00	-1.00	-1.00	-1.00	60	60	1	1	1	1	187	193605137	367	213	348	221	0.00	0.00	20.62	0.00	1	-56.92	82.22	0.00	0.00	0.00	0.00
11	11	ÄÐ	0	50.00	360.00	0	1	0	0	0	0	0	0	-1	100.00	-1.00	-1.00	-1.00	-1.00	-1.00	-1.00	-1.00	-1.00	-1.00	60	60	1	1	1	1	188	193605177	365	216	348	221	0.00	0.00	17.72	0.00	1	-55.80	82.99	0.00	0.00	0.00	0.00
11	11	ÄÐ	0	50.00	360.00	0	1	0	0	0	0	0	0	-1	100.00	-1.00	-1.00	-1.00	-1.00	-1.00	-1.00	-1.00	-1.00	-1.00	60	60	1	1	1	1	189	193605218	362	220	348	221	0.00	0.00	14.04	0.00	1	-54.66	83.74	0.00	0.00	0.00	0.00
11	11	ÄÐ	0	50.00	360.00	0	1	0	0	0	0	0	0	-1	100.00	-1.00	-1.00	-1.00	-1.00	-1.00	-1.00	-1.00	-1.00	-1.00	60	60	1	1	1	1	190	193605258	360	223	348	221	0.00	0.00	12.17	0.00	1	-53.53	84.46	0.00	0.00	0.00	0.00
11	11	ÄÐ	0	50.00	360.00	0	1	0	0	0	0	0	0	-1	100.00	-1.00	-1.00	-1.00	-1.00	-1.00	-1.00	-1.00	-1.00	-1.00	60	60	1	1	1	1	191	193605299	358	226	348	221	0.00	0.00	11.18	0.00	1	-52.35	85.20	0.00	0.00	0.00	0.00
11	11	ÄÐ	0	50.00	360.00	0	1	0	0	0	0	0	0	-1	100.00	-1.00	-1.00	-1.00	-1.00	-1.00	-1.00	-1.00	-1.00	-1.00	60	60	1	1	1	1	192	193605339	356	230	348	221	0.00	0.00	12.04	0.00	1	-51.20	85.90	0.00	0.00	0.00	0.00
11	11	ÄÐ	0	50.00	360.00	0	1	0	0	0	0	0	0	-1	100.00	-1.00	-1.00	-1.00	-1.00	-1.00	-1.00	-1.00	-1.00	-1.00	60	60	1	1	1	1	193	193605379	354	233	348	221	0.00	0.00	13.42	0.00	1	-50.03	86.59	0.00	0.00	0.00	0.00
11	11	ÄÐ	0	50.00	360.00	0	1	0	0	0	0	0	0	-1	100.00	-1.00	-1.00	-1.00	-1.00	-1.00	-1.00	-1.00	-1.00	-1.00	60	60	1	1	1	1	194	193605419	352	237	348	221	0.00	0.00	16.49	0.00	1	-48.87	87.25	0.00	0.00	0.00	0.00
11	11	ÄÐ	0	50.00	360.00	0	1	0	0	0	0	0	0	-1	100.00	-1.00	-1.00	-1.00	-1.00	-1.00	-1.00	-1.00	-1.00	-1.00	60	60	1	1	1	1	195	193605459	350	240	348	221	0.00	0.00	19.10	0.00	1	-47.67	87.90	0.00	0.00	0.00	0.00
11	11	ÄÐ	0	50.00	360.00	0	1	0	0	0	0	0	0	-1	100.00	-1.00	-1.00	-1.00	-1.00	-1.00	-1.00	-1.00	-1.00	-1.00	60	60	1	1	1	1	196	193605499	348	244	348	221	0.00	0.00	23.00	0.00	1	-46.49	88.54	0.00	0.00	0.00	0.00
11	11	ÄÐ	0	50.00	360.00	0	1	0	0	0	0	0	0	-1	100.00	-1.00	-1.00	-1.00	-1.00	-1.00	-1.00	-1.00	-1.00	-1.00	60	60	1	1	1	1	197	193605540	346	248	348	221	0.00	0.00	27.07	0.00	1	-45.28	89.16	0.00	0.00	0.00	0.00
11	11	ÄÐ	0	50.00	360.00	0	1	0	0	0	0	0	0	-1	100.00	-1.00	-1.00	-1.00	-1.00	-1.00	-1.00	-1.00	-1.00	-1.00	60	60	1	1	1	1	198	193605581	344	251	348	221	0.00	0.00	30.27	0.00	1	-44.03	89.79	0.00	0.00	0.00	0.00
11	11	ÄÐ	0	50.00	360.00	0	1	0	0	0	0	0	0	-1	100.00	-1.00	-1.00	-1.00	-1.00	-1.00	-1.00	-1.00	-1.00	-1.00	60	60	1	1	1	1	199	193605622	342	255	348	221	0.00	0.00	34.53	0.00	1	-42.77	90.39	0.00	0.00	0.00	0.00
11	11	ÄÐ	0	50.00	360.00	0	1	0	0	0	0	0	0	-1	100.00	-1.00	-1.00	-1.00	-1.00	-1.00	-1.00	-1.00	-1.00	-1.00	60	60	1	1	1	1	200	193605663	341	259	348	221	0.00	0.00	38.64	0.00	1	-41.53	90.97	0.00	0.00	0.00	0.00
11	11	ÄÐ	0	50.00	360.00	0	1	0	0	0	0	0	0	-1	100.00	-1.00	-1.00	-1.00	-1.00	-1.00	-1.00	-1.00	-1.00	-1.00	60	60	1	1	1	1	201	193605703	339	263	348	221	0.00	0.00	42.95	0.00	1	-40.28	91.53	0.00	0.00	0.00	0.00
11	11	ÄÐ	0	50.00	360.00	0	1	0	0	0	0	0	0	-1	100.00	-1.00	-1.00	-1.00	-1.00	-1.00	-1.00	-1.00	-1.00	-1.00	60	60	1	1	1	1	202	193605743	337	266	348	221	0.00	0.00	46.32	0.00	1	-39.06	92.06	0.00	0.00	0.00	0.00
11	11	ÄÐ	0	50.00	360.00	0	1	0	0	0	0	0	0	-1	100.00	-1.00	-1.00	-1.00	-1.00	-1.00	-1.00	-1.00	-1.00	-1.00	60	60	1	1	1	1	203	193605783	336	270	348	221	0.00	0.00	50.45	0.00	0	-37.82	92.57	0.00	0.00	0.00	0.00
11	11	ÄÐ	0	50.00	360.00	0	1	0	0	0	0	0	0	-1	100.00	-1.00	-1.00	-1.00	-1.00	-1.00	-1.00	-1.00	-1.00	-1.00	60	60	1	1	1	1	204	193605823	334	274	348	221	0.00	0.00	54.82	0.00	0	-36.56	93.08	0.00	0.00	0.00	0.00
11	11	ÄÐ	0	50.00	360.00	0	1	0	0	0	0	0	0	-1	100.00	-1.00	-1.00	-1.00	-1.00	-1.00	-1.00	-1.00	-1.00	-1.00	60	60	1	1	1	1	205	193605863	333	278	348	221	0.00	0.00	58.94	0.00	0	-35.28	93.57	0.00	0.00	0.00	0.00
11	11	ÄÐ	0	50.00	360.00	0	1	0	0	0	0	0	0	-1	100.00	-1.00	-1.00	-1.00	-1.00	-1.00	-1.00	-1.00	-1.00	-1.00	60	60	1	1	1	1	206	193605903	331	281	348	221	0.00	0.00	62.36	0.00	0	-34.03	94.03	0.00	0.00	0.00	0.00
11	11	ÄÐ	0	50.00	360.00	0	1	0	0	0	0	0	0	-1	100.00	-1.00	-1.00	-1.00	-1.00	-1.00	-1.00	-1.00	-1.00	-1.00	60	60	1	1	1	1	207	193605943	330	285	348	221	0.00	0.00	66.48	0.00	0	-32.75	94.49	0.00	0.00	0.00	0.00
11	11	ÄÐ	0	50.00	360.00	0	1	0	0	0	0	0	0	-1	100.00	-1.00	-1.00	-1.00	-1.00	-1.00	-1.00	-1.00	-1.00	-1.00	60	60	1	1	1	1	208	193605984	329	289	348	221	0.00	0.00	70.60	0.00	0	-31.45	94.93	0.00	0.00	0.00	0.00
11	11	ÄÐ	0	50.00	360.00	0	1	0	0	0	0	0	0	-1	100.00	-1.00	-1.00	-1.00	-1.00	-1.00	-1.00	-1.00	-1.00	-1.00	60	60	1	1	1	1	209	193606024	327	293	348	221	0.00	0.00	75.00	0.00	0	-30.15	95.35	0.00	0.00	0.00	0.00
11	11	ÄÐ	0	50.00	360.00	0	1	0	0	0	0	0	0	-1	100.00	-1.00	-1.00	-1.00	-1.00	-1.00	-1.00	-1.00	-1.00	-1.00	60	60	1	1	1	1	210	193606064	326	297	348	223	0.00	0.00	77.20	0.00	0	-28.87	95.74	0.00	500.00	0.00	0.00
11	11	ÄÐ	0	50.00	360.00	0	1	0	0	0	0	0	0	-1	100.00	-1.00	-1.00	-1.00	-1.00	-1.00	-1.00	-1.00	-1.00	-1.00	60	60	1	1	1	1	211	193606105	325	301	348	244	0.00	0.00	61.47	0.00	0	-27.54	96.13	0.00	500.00	0.00	0.00
11	11	ÄÐ	0	50.00	360.00	0	1	0	0	0	0	0	0	-1	100.00	-1.00	-1.00	-1.00	-1.00	-1.00	-1.00	-1.00	-1.00	-1.00	60	60	1	1	1	1	212	193606146	324	305	348	265	0.00	0.00	46.65	0.00	1	-26.21	96.50	0.00	500.00	0.00	0.00
11	11	ÄÐ	0	50.00	360.00	0	1	0	0	0	0	0	0	-1	100.00	-1.00	-1.00	-1.00	-1.00	-1.00	-1.00	-1.00	-1.00	-1.00	60	60	1	1	1	1	213	193606186	323	309	348	285	0.00	0.00	34.66	0.00	1	-24.92	96.84	0.00	500.00	0.00	0.00
11	11	ÄÐ	0	50.00	360.00	0	1	0	0	0	0	0	0	-1	100.00	-1.00	-1.00	-1.00	-1.00	-1.00	-1.00	-1.00	-1.00	-1.00	60	60	1	1	1	1	214	193606227	322	313	348	305	0.00	0.00	27.20	0.00	1	-23.60	97.18	0.00	500.00	0.00	0.00
11	11	ÄÐ	0	50.00	360.00	0	1	0	0	0	0	0	0	-1	100.00	-1.00	-1.00	-1.00	-1.00	-1.00	-1.00	-1.00	-1.00	-1.00	60	60	1	1	1	1	215	193606267	321	317	348	326	0.00	0.00	28.46	0.00	1	-22.27	97.49	0.00	500.00	0.00	0.00
11	11	ÄÐ	0	50.00	360.00	0	1	0	0	0	0	0	0	-1	100.00	-1.00	-1.00	-1.00	-1.00	-1.00	-1.00	-1.00	-1.00	-1.00	60	60	1	1	1	1	216	193606307	320	321	348	338	0.00	0.00	32.76	0.00	1	-20.96	97.78	0.00	500.00	0.00	0.00
11	11	ÄÐ	0	50.00	360.00	0	1	0	0	0	0	0	0	-1	100.00	-1.00	-1.00	-1.00	-1.00	-1.00	-1.00	-1.00	-1.00	-1.00	60	60	1	1	1	1	217	193606349	319	325	348	338	0.00	0.00	31.78	0.00	1	-19.57	98.07	0.00	0.00	0.00	0.00
11	11	ÄÐ	0	50.00	360.00	0	1	0	0	0	0	0	0	-1	100.00	-1.00	-1.00	-1.00	-1.00	-1.00	-1.00	-1.00	-1.00	-1.00	60	60	1	1	1	1	218	193606390	319	329	348	338	0.00	0.00	30.36	0.00	1	-18.22	98.33	0.00	0.00	0.00	0.00
11	11	ÄÐ	0	50.00	360.00	0	1	0	0	0	0	0	0	-1	100.00	-1.00	-1.00	-1.00	-1.00	-1.00	-1.00	-1.00	-1.00	-1.00	60	60	1	1	1	1	219	193606430	318	333	348	338	0.00	0.00	30.41	0.00	1	-16.88	98.57	0.00	0.00	0.00	0.00
11	11	ÄÐ	0	50.00	360.00	0	1	0	0	0	0	0	0	-1	100.00	-1.00	-1.00	-1.00	-1.00	-1.00	-1.00	-1.00	-1.00	-1.00	60	60	1	1	1	1	220	193606470	317	337	348	342	0.00	0.00	31.40	0.00	1	-15.53	98.79	0.00	500.00	0.00	0.00
11	11	ÄÐ	0	50.00	360.00	0	1	0	0	0	0	0	0	-1	100.00	-1.00	-1.00	-1.00	-1.00	-1.00	-1.00	-1.00	-1.00	-1.00	60	60	1	1	1	1	221	193606510	317	341	327	363	0.00	0.00	24.17	0.00	1	-14.21	98.99	-500.00	500.00	0.00	0.00
11	11	ÄÐ	0	50.00	360.00	0	1	0	0	0	0	0	0	-1	100.00	-1.00	-1.00	-1.00	-1.00	-1.00	-1.00	-1.00	-1.00	-1.00	60	60	1	1	1	1	222	193606550	316	345	307	383	0.00	0.00	39.05	0.00	1	-12.86	99.17	-500.00	500.00	0.00	0.00
11	11	ÄÐ	0	50.00	360.00	0	1	0	0	0	0	0	0	-1	100.00	-1.00	-1.00	-1.00	-1.00	-1.00	-1.00	-1.00	-1.00	-1.00	60	60	1	1	1	1	223	193606590	315	349	287	403	0.00	0.00	60.83	0.00	0	-11.50	99.34	-500.00	500.00	0.00	0.00
11	11	ÄÐ	0	50.00	360.00	0	1	0	0	0	0	0	0	-1	100.00	-1.00	-1.00	-1.00	-1.00	-1.00	-1.00	-1.00	-1.00	-1.00	60	60	1	1	1	1	224	193606630	315	353	280	414	0.00	0.00	70.33	0.00	0	-10.15	99.48	-500.00	500.00	0.00	0.00
11	11	ÄÐ	0	50.00	360.00	0	1	0	0	0	0	0	0	-1	100.00	-1.00	-1.00	-1.00	-1.00	-1.00	-1.00	-1.00	-1.00	-1.00	60	60	1	1	1	1	225	193606670	315	357	280	414	0.00	0.00	66.89	0.00	0	-8.82	99.61	0.00	0.00	0.00	0.00
11	11	ÄÐ	0	50.00	360.00	0	1	0	0	0	0	0	0	-1	100.00	-1.00	-1.00	-1.00	-1.00	-1.00	-1.00	-1.00	-1.00	-1.00	60	60	1	1	1	1	226	193606711	314	361	280	414	0.00	0.00	62.97	0.00	0	-7.45	99.72	0.00	0.00	0.00	0.00
11	11	ÄÐ	0	50.00	360.00	0	1	0	0	0	0	0	0	-1	100.00	-1.00	-1.00	-1.00	-1.00	-1.00	-1.00	-1.00	-1.00	-1.00	60	60	1	1	1	1	227	193606751	314	365	280	414	0.00	0.00	59.64	0.00	0	-6.09	99.81	0.00	0.00	0.00	0.00
11	11	ÄÐ	0	50.00	360.00	0	1	0	0	0	0	0	0	-1	100.00	-1.00	-1.00	-1.00	-1.00	-1.00	-1.00	-1.00	-1.00	-1.00	60	60	1	1	1	1	228	193606792	314	369	280	434	0.00	0.00	73.36	0.00	0	-4.72	99.89	0.00	500.00	0.00	0.00
11	11	ÄÐ	0	50.00	360.00	0	1	0	0	0	0	0	0	-1	100.00	-1.00	-1.00	-1.00	-1.00	-1.00	-1.00	-1.00	-1.00	-1.00	60	60	1	1	1	1	229	193606833	314	373	275	455	0.00	0.00	90.80	0.00	0	-3.35	99.94	-500.00	500.00	0.00	0.00
11	11	ÄÐ	0	50.00	360.00	0	1	0	0	0	0	0	0	-1	100.00	-1.00	-1.00	-1.00	-1.00	-1.00	-1.00	-1.00	-1.00	-1.00	60	60	1	1	1	1	230	193606873	314	378	270	475	0.00	0.00	106.51	0.00	0	-1.99	99.98	-500.00	500.00	0.00	0.00
11	11	ÄÐ	0	50.00	360.00	0	1	0	0	0	0	0	0	-1	100.00	-1.00	-1.00	-1.00	-1.00	-1.00	-1.00	-1.00	-1.00	-1.00	60	60	1	1	1	1	231	193606913	314	382	270	495	0.00	0.00	121.26	0.00	0	-0.66	100.00	0.00	500.00	0.00	0.00
11	11	ÄÐ	0	50.00	360.00	0	1	0	0	0	0	0	0	-1	100.00	-1.00	-1.00	-1.00	-1.00	-1.00	-1.00	-1.00	-1.00	-1.00	60	60	1	1	1	1	232	193606953	314	386	283	495	0.00	0.00	113.32	0.00	0	0.68	100.00	500.00	0.00	0.00	0.00
11	11	ÄÐ	0	50.00	360.00	0	1	0	0	0	0	0	0	-1	100.00	-1.00	-1.00	-1.00	-1.00	-1.00	-1.00	-1.00	-1.00	-1.00	60	60	1	1	1	1	233	193606994	314	390	298	495	0.00	0.00	106.21	0.00	0	2.07	99.98	500.00	0.00	0.00	0.00
11	11	ÄÐ	0	50.00	360.00	0	1	0	0	0	0	0	0	-1	100.00	-1.00	-1.00	-1.00	-1.00	-1.00	-1.00	-1.00	-1.00	-1.00	60	60	1	1	1	1	234	193607034	314	394	313	486	0.00	0.00	92.01	0.00	0	3.41	99.94	500.00	-500.00	0.00	0.00
11	11	ÄÐ	0	50.00	360.00	0	1	0	0	0	0	0	0	-1	100.00	-1.00	-1.00	-1.00	-1.00	-1.00	-1.00	-1.00	-1.00	-1.00	60	60	1	1	1	1	235	193607074	314	398	329	476	0.00	0.00	79.43	0.00	0	4.77	99.89	500.00	-500.00	0.00	0.00
11	11	ÄÐ	0	50.00	360.00	0	1	0	0	0	0	0	0	-1	100.00	-1.00	-1.00	-1.00	-1.00	-1.00	-1.00	-1.00	-1.00	-1.00	60	60	1	1	1	1	236	193607114	314	402	345	465	0.00	0.00	70.21	0.00	0	6.10	99.81	500.00	-500.00	0.00	0.00
11	11	ÄÐ	0	50.00	360.00	0	1	0	0	0	0	0	0	-1	100.00	-1.00	-1.00	-1.00	-1.00	-1.00	-1.00	-1.00	-1.00	-1.00	60	60	1	1	1	1	237	193607155	314	406	361	455	0.00	0.00	67.90	0.00	0	7.47	99.72	500.00	-500.00	0.00	0.00
11	11	ÄÐ	0	50.00	360.00	0	1	0	0	0	0	0	0	-1	100.00	-1.00	-1.00	-1.00	-1.00	-1.00	-1.00	-1.00	-1.00	-1.00	60	60	1	1	1	1	238	193607196	315	410	377	455	0.00	0.00	76.61	0.00	0	8.83	99.61	500.00	0.00	0.00	0.00
11	11	ÄÐ	0	50.00	360.00	0	1	0	0	0	0	0	0	-1	100.00	-1.00	-1.00	-1.00	-1.00	-1.00	-1.00	-1.00	-1.00	-1.00	60	60	1	1	1	1	239	193607236	315	414	388	455	0.00	0.00	83.73	0.00	0	10.16	99.48	500.00	0.00	0.00	0.00
11	11	ÄÐ	0	50.00	360.00	0	1	0	0	0	0	0	0	-1	100.00	-1.00	-1.00	-1.00	-1.00	-1.00	-1.00	-1.00	-1.00	-1.00	60	60	1	1	1	1	240	193607277	316	418	388	455	0.00	0.00	80.95	0.00	0	11.55	99.33	0.00	0.00	0.00	0.00
11	11	ÄÐ	0	50.00	360.00	0	1	0	0	0	0	0	0	-1	100.00	-1.00	-1.00	-1.00	-1.00	-1.00	-1.00	-1.00	-1.00	-1.00	60	60	1	1	1	1	241	193607319	316	422	388	455	0.00	0.00	79.20	0.00	0	12.94	99.16	0.00	0.00	0.00	0.00
11	11	ÄÐ	0	50.00	360.00	0	1	0	0	0	0	0	0	-1	100.00	-1.00	-1.00	-1.00	-1.00	-1.00	-1.00	-1.00	-1.00	-1.00	60	60	1	1	1	1	242	193607360	317	426	388	455	0.00	0.00	76.69	0.00	0	14.30	98.97	0.00	0.00	0.00	0.00
11	11	ÄÐ	0	50.00	360.00	0	1	0	0	0	0	0	0	-1	100.00	-1.00	-1.00	-1.00	-1.00	-1.00	-1.00	-1.00	-1.00	-1.00	60	60	1	1	1	1	243	193607400	317	430	388	455	0.00	0.00	75.27	0.00	0	15.64	98.77	0.00	0.00	0.00	0.00
11	11	ÄÐ	0	50.00	360.00	0	1	0	0	0	0	0	0	-1	100.00	-1.00	-1.00	-1.00	-1.00	-1.00	-1.00	-1.00	-1.00	-1.00	60	60	1	1	1	1	244	193607440	318	434	388	455	0.00	0.00	73.08	0.00	0	16.96	98.55	0.00	0.00	0.00	0.00
11	11	ÄÐ	0	50.00	360.00	0	1	0	0	0	0	0	0	-1	100.00	-1.00	-1.00	-1.00	-1.00	-1.00	-1.00	-1.00	-1.00	-1.00	60	60	1	1	1	1	245	193607480	319	438	388	455	0.00	0.00	71.06	0.00	0	18.30	98.31	0.00	0.00	0.00	0.00
11	11	ÄÐ	0	50.00	360.00	0	1	0	0	0	0	0	0	-1	100.00	-1.00	-1.00	-1.00	-1.00	-1.00	-1.00	-1.00	-1.00	-1.00	60	60	1	1	1	1	246	193607520	319	442	388	455	0.00	0.00	70.21	0.00	0	19.64	98.05	0.00	0.00	0.00	0.00
11	11	ÄÐ	0	50.00	360.00	0	1	0	0	0	0	0	0	-1	100.00	-1.00	-1.00	-1.00	-1.00	-1.00	-1.00	-1.00	-1.00	-1.00	60	60	1	1	1	1	247	193607560	320	446	388	455	0.00	0.00	68.59	0.00	0	20.95	97.78	0.00	0.00	0.00	0.00
11	11	ÄÐ	0	50.00	360.00	0	1	0	0	0	0	0	0	-1	100.00	-1.00	-1.00	-1.00	-1.00	-1.00	-1.00	-1.00	-1.00	-1.00	60	60	1	1	1	1	248	193607600	321	450	388	455	0.00	0.00	67.19	0.00	0	22.26	97.49	0.00	0.00	0.00	0.00
11	11	ÄÐ	0	50.00	360.00	0	1	0	0	0	0	0	0	-1	100.00	-1.00	-1.00	-1.00	-1.00	-1.00	-1.00	-1.00	-1.00	-1.00	60	60	1	1	1	1	249	193607641	322	454	388	455	0.00	0.00	66.01	0.00	0	23.62	97.17	0.00	0.00	0.00	0.00
11	11	ÄÐ	0	50.00	360.00	0	1	0	0	0	0	0	0	-1	100.00	-1.00	-1.00	-1.00	-1.00	-1.00	-1.00	-1.00	-1.00	-1.00	60	60	1	1	1	1	250	193607682	323	458	388	455	0.00	0.00	65.07	0.00	0	24.97	96.83	0.00	0.00	0.00	0.00
11	11	ÄÐ	0	50.00	360.00	0	1	0	0	0	0	0	0	-1	100.00	-1.00	-1.00	-1.00	-1.00	-1.00	-1.00	-1.00	-1.00	-1.00	60	60	1	1	1	1	251	193607722	324	462	388	455	0.00	0.00	64.38	0.00	0	26.29	96.48	0.00	0.00	0.00	0.00
11	11	ÄÐ	0	50.00	360.00	0	1	0	0	0	0	0	0	-1	100.00	-1.00	-1.00	-1.00	-1.00	-1.00	-1.00	-1.00	-1.00	-1.00	60	60	1	1	1	1	252	193607762	325	466	388	455	0.00	0.00	63.95	0.00	0	27.58	96.12	0.00	0.00	0.00	0.00
11	11	ÄÐ	0	50.00	360.00	0	1	0	0	0	0	0	0	-1	100.00	-1.00	-1.00	-1.00	-1.00	-1.00	-1.00	-1.00	-1.00	-1.00	60	60	1	1	1	1	253	193607803	326	470	388	455	0.00	0.00	63.79	0.00	0	28.92	95.73	0.00	0.00	0.00	0.00
11	11	ÄÐ	0	50.00	360.00	0	1	0	0	0	0	0	0	-1	100.00	-1.00	-1.00	-1.00	-1.00	-1.00	-1.00	-1.00	-1.00	-1.00	60	60	1	1	1	1	254	193607843	328	474	388	455	0.00	0.00	62.94	0.00	0	30.20	95.33	0.00	0.00	0.00	0.00
11	11	ÄÐ	0	50.00	360.00	0	1	0	0	0	0	0	0	-1	100.00	-1.00	-1.00	-1.00	-1.00	-1.00	-1.00	-1.00	-1.00	-1.00	60	60	1	1	1	1	255	193607884	329	478	388	455	0.00	0.00	63.32	0.00	0	31.50	94.91	0.00	0.00	0.00	0.00
11	11	ÄÐ	0	50.00	360.00	0	1	0	0	0	0	0	0	-1	100.00	-1.00	-1.00	-1.00	-1.00	-1.00	-1.00	-1.00	-1.00	-1.00	60	60	1	1	1	1	256	193607924	330	482	388	455	0.00	0.00	63.98	0.00	0	32.79	94.47	0.00	0.00	0.00	0.00
11	11	ÄÐ	0	50.00	360.00	0	1	0	0	0	0	0	0	-1	100.00	-1.00	-1.00	-1.00	-1.00	-1.00	-1.00	-1.00	-1.00	-1.00	60	60	1	1	1	1	257	193607965	331	486	388	455	0.00	0.00	64.88	0.00	0	34.08	94.01	0.00	0.00	0.00	0.00
11	11	ÄÐ	0	50.00	360.00	0	1	0	0	0	0	0	0	-1	100.00	-1.00	-1.00	-1.00	-1.00	-1.00	-1.00	-1.00	-1.00	-1.00	60	60	1	1	1	1	258	193608006	333	490	388	455	0.00	0.00	65.19	0.00	0	35.37	93.54	0.00	0.00	0.00	0.00
11	11	ÄÐ	0	50.00	360.00	0	1	0	0	0	0	0	0	-1	100.00	-1.00	-1.00	-1.00	-1.00	-1.00	-1.00	-1.00	-1.00	-1.00	60	60	1	1	1	1	259	193608046	334	493	388	455	0.00	0.00	66.03	0.00	0	36.64	93.05	0.00	0.00	0.00	0.00
11	11	ÄÐ	0	50.00	360.00	0	1	0	0	0	0	0	0	-1	100.00	-1.00	-1.00	-1.00	-1.00	-1.00	-1.00	-1.00	-1.00	-1.00	60	60	1	1	1	1	260	193608087	336	497	388	455	0.00	0.00	66.84	0.00	0	37.93	92.53	0.00	0.00	0.00	0.00
11	11	ÄÐ	0	50.00	360.00	0	1	0	0	0	0	0	0	-1	100.00	-1.00	-1.00	-1.00	-1.00	-1.00	-1.00	-1.00	-1.00	-1.00	60	60	1	1	1	1	261	193608127	337	501	388	455	0.00	0.00	68.68	0.00	0	39.17	92.01	0.00	0.00	0.00	0.00
11	11	ÄÐ	0	50.00	360.00	0	1	0	0	0	0	0	0	-1	100.00	-1.00	-1.00	-1.00	-1.00	-1.00	-1.00	-1.00	-1.00	-1.00	60	60	1	1	1	1	262	193608168	339	505	388	455	0.00	0.00	70.01	0.00	0	40.42	91.47	0.00	0.00	0.00	0.00
11	11	ÄÐ	0	50.00	360.00	0	1	0	0	0	0	0	0	-1	100.00	-1.00	-1.00	-1.00	-1.00	-1.00	-1.00	-1.00	-1.00	-1.00	60	60	1	1	1	1	263	193608208	341	509	388	455	0.00	0.00	71.59	0.00	0	41.67	90.91	0.00	0.00	0.00	0.00
11	11	ÄÐ	0	50.00	360.00	0	1	0	0	0	0	0	0	-1	100.00	-1.00	-1.00	-1.00	-1.00	-1.00	-1.00	-1.00	-1.00	-1.00	60	60	1	1	1	1	264	193608250	343	512	388	455	0.00	0.00	72.62	0.00	0	42.94	90.31	0.00	0.00	0.00	0.00
11	11	ÄÐ	0	50.00	360.00	0	1	0	0	0	0	0	0	-1	100.00	-1.00	-1.00	-1.00	-1.00	-1.00	-1.00	-1.00	-1.00	-1.00	60	60	1	1	1	1	265	193608291	344	516	388	455	0.00	0.00	75.21	0.00	0	44.19	89.71	0.00	0.00	0.00	0.00
11	11	ÄÐ	0	50.00	360.00	0	1	0	0	0	0	0	0	-1	100.00	-1.00	-1.00	-1.00	-1.00	-1.00	-1.00	-1.00	-1.00	-1.00	60	60	1	1	1	1	266	193608331	346	520	388	455	0.00	0.00	77.39	0.00	0	45.39	89.11	0.00	0.00	0.00	0.00
11	11	ÄÐ	0	50.00	360.00	0	1	0	0	0	0	0	0	-1	100.00	-1.00	-1.00	-1.00	-1.00	-1.00	-1.00	-1.00	-1.00	-1.00	60	60	1	1	1	1	267	193608371	348	523	388	455	0.00	0.00	78.89	0.00	0	46.57	88.49	0.00	0.00	0.00	0.00
11	11	ÄÐ	0	50.00	360.00	0	1	0	0	0	0	0	0	-1	100.00	-1.00	-1.00	-1.00	-1.00	-1.00	-1.00	-1.00	-1.00	-1.00	60	60	1	1	1	1	268	193608412	350	527	388	455	0.00	0.00	81.41	0.00	0	47.80	87.84	0.00	0.00	0.00	0.00
11	11	ÄÐ	0	50.00	360.00	0	1	0	0	0	0	0	0	-1	100.00	-1.00	-1.00	-1.00	-1.00	-1.00	-1.00	-1.00	-1.00	-1.00	60	60	1	1	1	1	269	193608452	352	530	388	455	0.00	0.00	83.19	0.00	0	49.00	87.17	0.00	0.00	0.00	0.00
11	11	ÄÐ	0	50.00	360.00	0	1	0	0	0	0	0	0	-1	100.00	-1.00	-1.00	-1.00	-1.00	-1.00	-1.00	-1.00	-1.00	-1.00	60	60	1	1	1	1	270	193608492	354	534	388	455	0.00	0.00	86.01	0.00	0	50.16	86.51	0.00	0.00	0.00	0.00
11	11	ÄÐ	0	50.00	360.00	0	1	0	0	0	0	0	0	-1	100.00	-1.00	-1.00	-1.00	-1.00	-1.00	-1.00	-1.00	-1.00	-1.00	60	60	1	1	1	1	271	193608533	356	538	388	455	0.00	0.00	88.96	0.00	0	51.36	85.80	0.00	0.00	0.00	0.00
11	11	ÄÐ	0	50.00	360.00	0	1	0	0	0	0	0	0	-1	100.00	-1.00	-1.00	-1.00	-1.00	-1.00	-1.00	-1.00	-1.00	-1.00	60	60	1	1	1	1	272	193608573	358	541	388	455	0.00	0.00	91.08	0.00	0	52.51	85.11	0.00	0.00	0.00	0.00
11	11	ÄÐ	0	50.00	360.00	0	1	0	0	0	0	0	0	-1	100.00	-1.00	-1.00	-1.00	-1.00	-1.00	-1.00	-1.00	-1.00	-1.00	60	60	1	1	1	1	273	193608614	360	545	388	455	0.00	0.00	94.25	0.00	0	53.69	84.37	0.00	0.00	0.00	0.00
11	11	ÄÐ	0	50.00	360.00	0	1	0	0	0	0	0	0	-1	100.00	-1.00	-1.00	-1.00	-1.00	-1.00	-1.00	-1.00	-1.00	-1.00	60	60	1	1	1	1	274	193608655	363	548	388	455	0.00	0.00	96.30	0.00	0	54.84	83.62	0.00	0.00	0.00	0.00
11	11	ÄÐ	0	50.00	360.00	0	1	0	0	0	0	0	0	-1	100.00	-1.00	-1.00	-1.00	-1.00	-1.00	-1.00	-1.00	-1.00	-1.00	60	60	1	1	1	1	275	193608695	365	551	388	455	0.00	0.00	98.72	0.00	0	55.98	82.87	0.00	0.00	0.00	0.00
11	11	ÄÐ	0	50.00	360.00	0	1	0	0	0	0	0	0	-1	100.00	-1.00	-1.00	-1.00	-1.00	-1.00	-1.00	-1.00	-1.00	-1.00	60	60	1	1	1	1	276	193608735	367	555	388	455	0.00	0.00	102.18	0.00	0	57.08	82.11	0.00	0.00	0.00	0.00
11	11	ÄÐ	0	50.00	360.00	0	1	0	0	0	0	0	0	-1	100.00	-1.00	-1.00	-1.00	-1.00	-1.00	-1.00	-1.00	-1.00	-1.00	60	60	1	1	1	1	277	193608776	370	558	388	455	0.00	0.00	104.56	0.00	0	58.22	81.31	0.00	0.00	0.00	0.00
11	11	ÄÐ	0	50.00	360.00	0	1	0	0	0	0	0	0	-1	100.00	-1.00	-1.00	-1.00	-1.00	-1.00	-1.00	-1.00	-1.00	-1.00	60	60	1	1	1	1	278	193608817	372	561	388	455	0.00	0.00	107.20	0.00	0	59.33	80.50	0.00	0.00	0.00	0.00
11	11	ÄÐ	0	50.00	360.00	0	1	0	0	0	0	0	0	-1	100.00	-1.00	-1.00	-1.00	-1.00	-1.00	-1.00	-1.00	-1.00	-1.00	60	60	1	1	1	1	279	193608857	374	565	388	455	0.00	0.00	110.89	0.00	0	60.42	79.68	0.00	0.00	0.00	0.00
11	11	ÄÐ	0	50.00	360.00	0	1	0	0	0	0	0	0	-1	100.00	-1.00	-1.00	-1.00	-1.00	-1.00	-1.00	-1.00	-1.00	-1.00	60	60	1	1	1	1	280	193608897	377	568	388	455	0.00	0.00	113.53	0.00	0	61.48	78.87	0.00	0.00	0.00	0.00
11	11	ÄÐ	0	50.00	360.00	0	1	0	0	0	0	0	0	-1	100.00	-1.00	-1.00	-1.00	-1.00	-1.00	-1.00	-1.00	-1.00	-1.00	60	60	1	1	1	1	281	193608938	379	571	388	455	0.00	0.00	116.35	0.00	0	62.58	78.00	0.00	0.00	0.00	0.00
11	11	ÄÐ	0	50.00	360.00	0	1	0	0	0	0	0	0	-1	100.00	-1.00	-1.00	-1.00	-1.00	-1.00	-1.00	-1.00	-1.00	-1.00	60	60	1	1	1	1	282	193608978	382	574	388	455	0.00	0.00	119.15	0.00	0	63.63	77.14	0.00	0.00	0.00	0.00
11	11	ÄÐ	0	50.00	360.00	0	1	0	0	0	0	0	0	-1	100.00	-1.00	-1.00	-1.00	-1.00	-1.00	-1.00	-1.00	-1.00	-1.00	60	60	1	1	1	1	283	193609019	385	578	388	455	0.00	0.00	123.04	0.00	0	64.68	76.26	0.00	0.00	0.00	0.00
11	11	ÄÐ	0	50.00	360.00	0	1	0	0	0	0	0	0	-1	100.00	-1.00	-1.00	-1.00	-1.00	-1.00	-1.00	-1.00	-1.00	-1.00	60	60	1	1	1	1	284	193609059	387	581	388	450	0.00	0.00	131.00	0.00	0	65.69	75.40	0.00	-500.00	0.00	0.00
11	11	ÄÐ	0	50.00	360.00	0	1	0	0	0	0	0	0	-1	100.00	-1.00	-1.00	-1.00	-1.00	-1.00	-1.00	-1.00	-1.00	-1.00	60	60	1	1	1	1	285	193609099	390	584	388	432	0.00	0.00	152.01	0.00	0	66.69	74.51	0.00	-500.00	0.00	0.00
11	11	ÄÐ	0	50.00	360.00	0	1	0	0	0	0	0	0	-1	100.00	-1.00	-1.00	-1.00	-1.00	-1.00	-1.00	-1.00	-1.00	-1.00	60	60	1	1	1	1	286	193609139	393	587	403	412	0.00	0.00	175.29	0.00	0	67.70	73.60	500.00	-500.00	0.00	0.00
11	11	ÄÐ	0	50.00	360.00	0	1	0	0	0	0	0	0	-1	100.00	-1.00	-1.00	-1.00	-1.00	-1.00	-1.00	-1.00	-1.00	-1.00	60	60	1	1	1	1	287	193609180	396	590	424	391	0.00	0.00	200.96	0.00	0	68.71	72.66	500.00	-500.00	0.00	0.00
11	11	ÄÐ	0	50.00	360.00	0	1	0	0	0	0	0	0	-1	100.00	-1.00	-1.00	-1.00	-1.00	-1.00	-1.00	-1.00	-1.00	-1.00	60	60	1	1	1	1	288	193609220	398	593	444	371	0.00	0.00	226.72	0.00	0	69.69	71.72	500.00	-500.00	0.00	0.00
11	11	ÄÐ	0	50.00	360.00	0	1	0	0	0	0	0	0	-1	100.00	-1.00	-1.00	-1.00	-1.00	-1.00	-1.00	-1.00	-1.00	-1.00	60	60	1	1	1	1	289	193609260	401	595	464	351	0.00	0.00	252.00	0.00	0	70.66	70.76	500.00	-500.00	0.00	0.00
11	11	ÄÐ	0	50.00	360.00	0	1	0	0	0	0	0	0	-1	100.00	-1.00	-1.00	-1.00	-1.00	-1.00	-1.00	-1.00	-1.00	-1.00	60	60	1	1	1	1	290	193609300	404	598	485	333	0.00	0.00	277.10	0.00	0	71.62	69.79	500.00	-500.00	0.00	0.00
11	11	ÄÐ	0	50.00	360.00	0	1	0	0	0	0	0	0	-1	100.00	-1.00	-1.00	-1.00	-1.00	-1.00	-1.00	-1.00	-1.00	-1.00	60	60	1	1	1	1	291	193609340	407	601	505	323	0.00	0.00	294.77	0.00	0	72.55	68.82	500.00	-500.00	0.00	0.00
11	11	ÄÐ	0	50.00	360.00	0	1	0	0	0	0	0	0	-1	100.00	-1.00	-1.00	-1.00	-1.00	-1.00	-1.00	-1.00	-1.00	-1.00	60	60	1	1	1	1	292	193609381	410	604	526	323	0.00	0.00	304.00	0.00	0	73.51	67.80	500.00	0.00	0.00	0.00
11	11	ÄÐ	0	50.00	360.00	0	1	0	0	0	0	0	0	-1	100.00	-1.00	-1.00	-1.00	-1.00	-1.00	-1.00	-1.00	-1.00	-1.00	60	60	1	1	1	1	293	193609421	413	607	546	330	0.00	0.00	307.28	0.00	0	74.43	66.79	500.00	500.00	0.00	0.00
11	11	ÄÐ	0	50.00	360.00	0	1	0	0	0	0	0	0	-1	100.00	-1.00	-1.00	-1.00	-1.00	-1.00	-1.00	-1.00	-1.00	-1.00	60	60	1	1	1	1	294	193609461	416	609	566	349	0.00	0.00	300.17	0.00	0	75.31	65.79	500.00	500.00	0.00	0.00
11	11	ÄÐ	0	50.00	360.00	0	1	0	0	0	0	0	0	-1	100.00	-1.00	-1.00	-1.00	-1.00	-1.00	-1.00	-1.00	-1.00	-1.00	60	60	1	1	1	1	295	193609502	419	612	587	370	0.00	0.00	294.60	0.00	0	76.22	64.73	500.00	500.00	0.00	0.00
11	11	ÄÐ	0	50.00	360.00	0	1	0	0	0	0	0	0	-1	100.00	-1.00	-1.00	-1.00	-1.00	-1.00	-1.00	-1.00	-1.00	-1.00	60	60	1	1	1	1	296	193609543	422	615	608	390	0.00	0.00	291.93	0.00	0	77.10	63.68	500.00	500.00	0.00	0.00
11	11	ÄÐ	0	50.00	360.00	0	1	0	0	0	0	0	0	-1	100.00	-1.00	-1.00	-1.00	-1.00	-1.00	-1.00	-1.00	-1.00	-1.00	60	60	1	1	1	1	297	193609584	426	617	629	411	0.00	0.00	289.21	0.00	0	77.98	62.60	500.00	500.00	0.00	0.00
11	11	ÄÐ	0	50.00	360.00	0	1	0	0	0	0	0	0	-1	100.00	-1.00	-1.00	-1.00	-1.00	-1.00	-1.00	-1.00	-1.00	-1.00	60	60	1	1	1	1	298	193609625	429	620	650	432	0.00	0.00	290.15	0.00	0	78.83	61.52	500.00	500.00	0.00	0.00
11	11	ÄÐ	0	50.00	360.00	0	1	0	0	0	0	0	0	-1	100.00	-1.00	-1.00	-1.00	-1.00	-1.00	-1.00	-1.00	-1.00	-1.00	60	60	1	1	1	1	299	193609665	432	622	670	452	0.00	0.00	292.48	0.00	0	79.67	60.44	500.00	500.00	0.00	0.00
11	11	ÄÐ	0	50.00	360.00	0	1	0	0	0	0	0	0	-1	100.00	-1.00	-1.00	-1.00	-1.00	-1.00	-1.00	-1.00	-1.00	-1.00	60	60	1	1	1	1	300	193609706	435	625	690	473	0.00	0.00	296.87	0.00	0	80.49	59.35	500.00	500.00	0.00	0.00
11	11	ÄÐ	0	50.00	360.00	0	1	0	0	0	0	0	0	-1	100.00	-1.00	-1.00	-1.00	-1.00	-1.00	-1.00	-1.00	-1.00	-1.00	60	60	1	1	1	1	301	193609747	439	627	711	494	0.00	0.00	302.78	0.00	0	81.31	58.22	500.00	500.00	0.00	0.00
11	11	ÄÐ	0	50.00	360.00	0	1	0	0	0	0	0	0	-1	100.00	-1.00	-1.00	-1.00	-1.00	-1.00	-1.00	-1.00	-1.00	-1.00	60	60	1	1	1	1	302	193609787	442	630	732	514	0.00	0.00	312.34	0.00	0	82.09	57.10	500.00	500.00	0.00	0.00
11	11	ÄÐ	0	50.00	360.00	0	1	0	0	0	0	0	0	-1	100.00	-1.00	-1.00	-1.00	-1.00	-1.00	-1.00	-1.00	-1.00	-1.00	60	60	1	1	1	1	303	193609828	446	632	747	535	0.00	0.00	316.24	0.00	0	82.87	55.97	500.00	500.00	0.00	0.00
11	11	ÄÐ	0	50.00	360.00	0	1	0	0	0	0	0	0	-1	100.00	-1.00	-1.00	-1.00	-1.00	-1.00	-1.00	-1.00	-1.00	-1.00	60	60	1	1	1	1	304	193609868	449	634	747	555	0.00	0.00	308.29	0.00	0	83.61	54.86	0.00	500.00	0.00	0.00
11	11	ÄÐ	0	50.00	360.00	0	1	0	0	0	0	0	0	-1	100.00	-1.00	-1.00	-1.00	-1.00	-1.00	-1.00	-1.00	-1.00	-1.00	60	60	1	1	1	1	305	193609908	452	636	731	575	0.00	0.00	285.59	0.00	0	84.33	53.74	-500.00	500.00	0.00	0.00
11	11	ÄÐ	0	50.00	360.00	0	1	0	0	0	0	0	0	-1	100.00	-1.00	-1.00	-1.00	-1.00	-1.00	-1.00	-1.00	-1.00	-1.00	60	60	1	1	1	1	306	193609949	456	639	710	595	0.00	0.00	257.78	0.00	0	85.06	52.58	-500.00	500.00	0.00	0.00
11	11	ÄÐ	0	50.00	360.00	0	1	0	0	0	0	0	0	-1	100.00	-1.00	-1.00	-1.00	-1.00	-1.00	-1.00	-1.00	-1.00	-1.00	60	60	1	1	1	1	307	193609989	459	641	690	616	0.00	0.00	232.35	0.00	0	85.77	51.42	-500.00	500.00	0.00	0.00
11	11	ÄÐ	0	50.00	360.00	0	1	0	0	0	0	0	0	-1	100.00	-1.00	-1.00	-1.00	-1.00	-1.00	-1.00	-1.00	-1.00	-1.00	60	60	1	1	1	1	308	193610029	463	643	669	636	0.00	0.00	206.12	0.00	0	86.46	50.24	-500.00	500.00	0.00	0.00
11	11	ÄÐ	0	50.00	360.00	0	1	0	0	0	0	0	0	-1	100.00	-1.00	-1.00	-1.00	-1.00	-1.00	-1.00	-1.00	-1.00	-1.00	60	60	1	1	1	1	309	193610070	466	645	649	657	0.00	0.00	183.39	0.00	0	87.14	49.05	-500.00	500.00	0.00	0.00
11	11	ÄÐ	0	50.00	360.00	0	1	0	0	0	0	0	0	-1	100.00	-1.00	-1.00	-1.00	-1.00	-1.00	-1.00	-1.00	-1.00	-1.00	60	60	1	1	1	1	310	193610110	470	647	629	677	0.00	0.00	161.81	0.00	0	87.79	47.88	-500.00	500.00	0.00	0.00
11	11	ÄÐ	0	50.00	360.00	0	1	0	0	0	0	0	0	-1	100.00	-1.00	-1.00	-1.00	-1.00	-1.00	-1.00	-1.00	-1.00	-1.00	60	60	1	1	1	1	311	193610151	474	649	608	698	0.00	0.00	142.68	0.00	0	88.45	46.66	-500.00	500.00	0.00	0.00
11	11	ÄÐ	0	50.00	360.00	0	1	0	0	0	0	0	0	-1	100.00	-1.00	-1.00	-1.00	-1.00	-1.00	-1.00	-1.00	-1.00	-1.00	60	60	1	1	1	1	312	193610191	477	651	588	718	0.00	0.00	129.65	0.00	0	89.06	45.47	-500.00	500.00	0.00	0.00
11	11	ÄÐ	0	50.00	360.00	0	1	0	0	0	0	0	0	-1	100.00	-1.00	-1.00	-1.00	-1.00	-1.00	-1.00	-1.00	-1.00	-1.00	60	60	1	1	1	1	313	193610232	481	653	567	738	0.00	0.00	120.92	0.00	0	89.68	44.25	-500.00	500.00	0.00	0.00
11	11	ÄÐ	0	50.00	360.00	0	1	0	0	0	0	0	0	-1	100.00	-1.00	-1.00	-1.00	-1.00	-1.00	-1.00	-1.00	-1.00	-1.00	60	60	1	1	1	1	314	193610272	484	654	547	745	0.00	0.00	110.68	0.00	0	90.27	43.02	-500.00	500.00	0.00	0.00
11	11	ÄÐ	0	50.00	360.00	0	1	0	0	0	0	0	0	-1	100.00	-1.00	-1.00	-1.00	-1.00	-1.00	-1.00	-1.00	-1.00	-1.00	60	60	1	1	1	1	315	193610313	488	656	547	745	0.00	0.00	106.78	0.00	0	90.85	41.78	0.00	0.00	0.00	0.00
11	11	ÄÐ	0	50.00	360.00	0	1	0	0	0	0	0	0	-1	100.00	-1.00	-1.00	-1.00	-1.00	-1.00	-1.00	-1.00	-1.00	-1.00	60	60	1	1	1	1	316	193610354	492	658	547	745	0.00	0.00	102.93	0.00	0	91.43	40.51	0.00	0.00	0.00	0.00
11	11	ÄÐ	0	50.00	360.00	0	1	0	0	0	0	0	0	-1	100.00	-1.00	-1.00	-1.00	-1.00	-1.00	-1.00	-1.00	-1.00	-1.00	60	60	1	1	1	1	317	193610394	496	659	547	745	0.00	0.00	99.99	0.00	0	91.96	39.28	0.00	0.00	0.00	0.00
11	11	ÄÐ	0	50.00	360.00	0	1	0	0	0	0	0	0	-1	100.00	-1.00	-1.00	-1.00	-1.00	-1.00	-1.00	-1.00	-1.00	-1.00	60	60	1	1	1	1	318	193610435	499	661	547	745	0.00	0.00	96.75	0.00	0	92.49	38.02	0.00	0.00	0.00	0.00
11	11	ÄÐ	0	50.00	360.00	0	1	0	0	0	0	0	0	-1	100.00	-1.00	-1.00	-1.00	-1.00	-1.00	-1.00	-1.00	-1.00	-1.00	60	60	1	1	1	1	319	193610476	503	663	547	726	0.00	0.00	76.84	0.00	0	93.01	36.73	0.00	-500.00	0.00	0.00
11	11	ÄÐ	0	50.00	360.00	0	1	0	0	0	0	0	0	-1	100.00	-1.00	-1.00	-1.00	-1.00	-1.00	-1.00	-1.00	-1.00	-1.00	60	60	1	1	1	1	320	193610516	507	664	547	706	0.00	0.00	58.00	0.00	0	93.49	35.48	0.00	-500.00	0.00	0.00
11	11	ÄÐ	0	50.00	360.00	0	1	0	0	0	0	0	0	-1	100.00	-1.00	-1.00	-1.00	-1.00	-1.00	-1.00	-1.00	-1.00	-1.00	60	60	1	1	1	1	321	193610558	511	665	547	685	0.00	0.00	41.18	0.00	1	93.98	34.17	0.00	-500.00	0.00	0.00
11	11	ÄÐ	0	50.00	360.00	0	1	0	0	0	0	0	0	-1	100.00	-1.00	-1.00	-1.00	-1.00	-1.00	-1.00	-1.00	-1.00	-1.00	60	60	1	1	1	1	322	193610599	515	667	547	665	0.00	0.00	32.06	0.00	1	94.44	32.88	0.00	-500.00	0.00	0.00
11	11	ÄÐ	0	50.00	360.00	0	1	0	0	0	0	0	0	-1	100.00	-1.00	-1.00	-1.00	-1.00	-1.00	-1.00	-1.00	-1.00	-1.00	60	60	1	1	1	1	323	193610639	519	668	547	645	0.00	0.00	36.24	0.00	1	94.87	31.62	0.00	-500.00	0.00	0.00
11	11	ÄÐ	0	50.00	360.00	0	1	0	0	0	0	0	0	-1	100.00	-1.00	-1.00	-1.00	-1.00	-1.00	-1.00	-1.00	-1.00	-1.00	60	60	1	1	1	1	324	193610679	523	669	547	645	0.00	0.00	33.94	0.00	1	95.29	30.32	0.00	0.00	0.00	0.00
11	11	ÄÐ	0	50.00	360.00	0	1	0	0	0	0	0	0	-1	100.00	-1.00	-1.00	-1.00	-1.00	-1.00	-1.00	-1.00	-1.00	-1.00	60	60	1	1	1	1	325	193610720	526	671	547	645	0.00	0.00	33.42	0.00	1	95.70	29.01	0.00	0.00	0.00	0.00
11	11	ÄÐ	0	50.00	360.00	0	1	0	0	0	0	0	0	-1	100.00	-1.00	-1.00	-1.00	-1.00	-1.00	-1.00	-1.00	-1.00	-1.00	60	60	1	1	1	1	326	193610761	530	672	547	645	0.00	0.00	31.91	0.00	1	96.09	27.68	0.00	0.00	0.00	0.00
11	11	ÄÐ	0	50.00	360.00	0	1	0	0	0	0	0	0	-1	100.00	-1.00	-1.00	-1.00	-1.00	-1.00	-1.00	-1.00	-1.00	-1.00	60	60	1	1	1	1	327	193610801	534	673	547	645	0.00	0.00	30.87	0.00	1	96.45	26.39	0.00	0.00	0.00	0.00
11	11	ÄÐ	0	50.00	360.00	0	1	0	0	0	0	0	0	-1	100.00	-1.00	-1.00	-1.00	-1.00	-1.00	-1.00	-1.00	-1.00	-1.00	60	60	1	1	1	1	328	193610842	538	674	547	645	0.00	0.00	30.36	0.00	1	96.81	25.06	0.00	0.00	0.00	0.00
11	11	ÄÐ	0	50.00	360.00	0	1	0	0	0	0	0	0	-1	100.00	-1.00	-1.00	-1.00	-1.00	-1.00	-1.00	-1.00	-1.00	-1.00	60	60	1	1	1	1	329	193610882	542	675	547	645	0.00	0.00	30.41	0.00	1	97.14	23.75	0.00	0.00	0.00	0.00
11	11	ÄÐ	0	50.00	360.00	0	1	0	0	0	0	0	0	-1	100.00	-1.00	-1.00	-1.00	-1.00	-1.00	-1.00	-1.00	-1.00	-1.00	60	60	1	1	1	1	330	193610922	546	676	547	656	0.00	0.00	20.02	0.00	1	97.45	22.44	0.00	500.00	0.00	0.00
11	11	ÄÐ	0	50.00	360.00	0	1	0	0	0	0	0	0	-1	100.00	-1.00	-1.00	-1.00	-1.00	-1.00	-1.00	-1.00	-1.00	-1.00	60	60	1	1	1	1	331	193610962	550	677	547	676	0.00	0.00	3.16	0.00	1	97.74	21.14	0.00	500.00	0.00	0.00
11	11	ÄÐ	0	50.00	360.00	0	1	0	0	0	0	0	0	-1	100.00	-1.00	-1.00	-1.00	-1.00	-1.00	-1.00	-1.00	-1.00	-1.00	60	60	1	1	1	1	332	193611002	554	678	547	696	0.00	0.00	19.31	0.00	1	98.02	19.81	0.00	500.00	0.00	0.00
11	11	ÄÐ	0	50.00	360.00	0	1	0	0	0	0	0	0	-1	100.00	-1.00	-1.00	-1.00	-1.00	-1.00	-1.00	-1.00	-1.00	-1.00	60	60	1	1	1	1	333	193611042	558	678	547	716	0.00	0.00	39.56	0.00	1	98.27	18.50	0.00	500.00	0.00	0.00
11	11	ÄÐ	0	50.00	360.00	0	1	0	0	0	0	0	0	-1	100.00	-1.00	-1.00	-1.00	-1.00	-1.00	-1.00	-1.00	-1.00	-1.00	60	60	1	1	1	1	334	193611082	562	679	547	721	0.00	0.00	44.60	0.00	1	98.51	17.19	0.00	500.00	0.00	0.00
11	11	ÄÐ	0	50.00	360.00	0	1	0	0	0	0	0	0	-1	100.00	-1.00	-1.00	-1.00	-1.00	-1.00	-1.00	-1.00	-1.00	-1.00	60	60	1	1	1	1	335	193611124	566	680	547	721	0.00	0.00	45.19	0.00	1	98.74	15.80	0.00	0.00	0.00	0.00
11	11	ÄÐ	0	50.00	360.00	0	1	0	0	0	0	0	0	-1	100.00	-1.00	-1.00	-1.00	-1.00	-1.00	-1.00	-1.00	-1.00	-1.00	60	60	1	1	1	1	336	193611165	570	680	547	721	0.00	0.00	47.01	0.00	1	98.95	14.45	0.00	0.00	0.00	0.00
11	11	ÄÐ	0	50.00	360.00	0	1	0	0	0	0	0	0	-1	100.00	-1.00	-1.00	-1.00	-1.00	-1.00	-1.00	-1.00	-1.00	-1.00	60	60	1	1	1	1	337	193611207	574	681	547	721	0.00	0.00	48.26	0.00	1	99.14	13.05	0.00	0.00	0.00	0.00
11	11	ÄÐ	0	50.00	360.00	0	1	0	0	0	0	0	0	-1	100.00	-1.00	-1.00	-1.00	-1.00	-1.00	-1.00	-1.00	-1.00	-1.00	60	60	1	1	1	1	338	193611247	578	681	547	721	0.00	0.00	50.61	0.00	0	99.31	11.71	0.00	0.00	0.00	0.00
11	11	ÄÐ	0	50.00	360.00	0	1	0	0	0	0	0	0	-1	100.00	-1.00	-1.00	-1.00	-1.00	-1.00	-1.00	-1.00	-1.00	-1.00	60	60	1	1	1	1	339	193611289	583	682	547	721	0.00	0.00	53.08	0.00	0	99.47	10.32	0.00	0.00	0.00	0.00
11	11	ÄÐ	0	50.00	360.00	0	1	0	0	0	0	0	0	-1	100.00	-1.00	-1.00	-1.00	-1.00	-1.00	-1.00	-1.00	-1.00	-1.00	60	60	1	1	1	1	340	193611329	587	682	547	710	0.00	0.00	48.83	0.00	1	99.60	8.96	0.00	-500.00	0.00	0.00
11	11	ÄÐ	0	50.00	360.00	0	1	0	0	0	0	0	0	-1	100.00	-1.00	-1.00	-1.00	-1.00	-1.00	-1.00	-1.00	-1.00	-1.00	60	60	1	1	1	1	341	193611369	591	683	554	691	0.00	0.00	37.85	0.00	1	99.71	7.60	500.00	-500.00	0.00	0.00
11	11	ÄÐ	0	50.00	360.00	0	1	0	0	0	0	0	0	-1	100.00	-1.00	-1.00	-1.00	-1.00	-1.00	-1.00	-1.00	-1.00	-1.00	60	60	1	1	1	1	342	193611410	595	683	567	670	0.00	0.00	30.87	0.00	1	99.81	6.21	500.00	-500.00	0.00	0.00
11	11	ÄÐ	0	50.00	360.00	0	1	0	0	0	0	0	0	-1	100.00	-1.00	-1.00	-1.00	-1.00	-1.00	-1.00	-1.00	-1.00	-1.00	60	60	1	1	1	1	343	193611450	599	683	584	651	0.00	0.00	35.34	0.00	1	99.88	4.87	500.00	-500.00	0.00	0.00
11	11	ÄÐ	0	50.00	360.00	0	1	0	0	0	0	0	0	-1	100.00	-1.00	-1.00	-1.00	-1.00	-1.00	-1.00	-1.00	-1.00	-1.00	60	60	1	1	1	1	344	193611491	603	683	604	644	0.00	0.00	39.01	0.00	1	99.94	3.47	500.00	-500.00	0.00	0.00
11	11	ÄÐ	0	50.00	360.00	0	1	0	0	0	0	0	0	-1	100.00	-1.00	-1.00	-1.00	-1.00	-1.00	-1.00	-1.00	-1.00	-1.00	60	60	1	1	1	1	345	193611531	607	683	611	644	0.00	0.00	39.20	0.00	1	99.98	2.13	500.00	0.00	0.00	0.00
11	11	ÄÐ	0	50.00	360.00	0	1	0	0	0	0	0	0	-1	100.00	-1.00	-1.00	-1.00	-1.00	-1.00	-1.00	-1.00	-1.00	-1.00	60	60	1	1	1	1	346	193611571	611	683	611	644	0.00	0.00	39.00	0.00	1	100.00	0.77	0.00	0.00	0.00	0.00
11	11	ÄÐ	0	50.00	360.00	0	1	0	0	0	0	0	0	-1	100.00	-1.00	-1.00	-1.00	-1.00	-1.00	-1.00	-1.00	-1.00	-1.00	60	60	1	1	1	1	347	193611611	615	683	611	644	0.00	0.00	39.20	0.00	1	100.00	-0.57	0.00	0.00	0.00	0.00
11	11	ÄÐ	0	50.00	360.00	0	1	0	0	0	0	0	0	-1	100.00	-1.00	-1.00	-1.00	-1.00	-1.00	-1.00	-1.00	-1.00	-1.00	60	60	1	1	1	1	348	193611651	619	683	611	644	0.00	0.00	39.81	0.00	1	99.98	-1.93	0.00	0.00	0.00	0.00
11	11	ÄÐ	0	50.00	360.00	0	1	0	0	0	0	0	0	-1	100.00	-1.00	-1.00	-1.00	-1.00	-1.00	-1.00	-1.00	-1.00	-1.00	60	60	1	1	1	1	349	193611692	623	683	611	657	0.00	0.00	28.64	0.00	1	99.94	-3.32	0.00	500.00	0.00	0.00
11	11	ÄÐ	0	50.00	360.00	0	1	0	0	0	0	0	0	-1	100.00	-1.00	-1.00	-1.00	-1.00	-1.00	-1.00	-1.00	-1.00	-1.00	60	60	1	1	1	1	350	193611732	627	683	626	677	0.00	0.00	6.08	0.00	1	99.89	-4.66	500.00	500.00	0.00	0.00
11	11	ÄÐ	0	50.00	360.00	0	1	0	0	0	0	0	0	-1	100.00	-1.00	-1.00	-1.00	-1.00	-1.00	-1.00	-1.00	-1.00	-1.00	60	60	1	1	1	1	351	193611772	631	683	646	697	0.00	0.00	20.52	0.00	1	99.82	-5.99	500.00	500.00	0.00	0.00
11	11	ÄÐ	0	50.00	360.00	0	1	0	0	0	0	0	0	-1	100.00	-1.00	-1.00	-1.00	-1.00	-1.00	-1.00	-1.00	-1.00	-1.00	60	60	1	1	1	1	352	193611813	636	683	667	718	0.00	0.00	46.75	0.00	1	99.73	-7.38	500.00	500.00	0.00	0.00
11	11	ÄÐ	0	50.00	360.00	0	1	0	0	0	0	0	0	-1	100.00	-1.00	-1.00	-1.00	-1.00	-1.00	-1.00	-1.00	-1.00	-1.00	60	60	1	1	1	1	353	193611853	640	682	687	738	0.00	0.00	73.11	0.00	0	99.62	-8.72	500.00	500.00	0.00	0.00
11	11	ÄÐ	0	50.00	360.00	0	1	0	0	0	0	0	0	-1	100.00	-1.00	-1.00	-1.00	-1.00	-1.00	-1.00	-1.00	-1.00	-1.00	60	60	1	1	1	1	354	193611894	644	682	707	758	0.00	0.00	98.72	0.00	0	99.49	-10.08	500.00	500.00	0.00	0.00
11	11	ÄÐ	0	50.00	360.00	0	1	0	0	0	0	0	0	-1	100.00	-1.00	-1.00	-1.00	-1.00	-1.00	-1.00	-1.00	-1.00	-1.00	60	60	1	1	1	1	355	193611935	648	682	728	768	0.00	0.00	117.46	0.00	0	99.34	-11.47	500.00	500.00	0.00	0.00
11	11	ÄÐ	0	50.00	360.00	0	1	0	0	0	0	0	0	-1	100.00	-1.00	-1.00	-1.00	-1.00	-1.00	-1.00	-1.00	-1.00	-1.00	60	60	1	1	1	1	356	193611976	652	681	728	768	0.00	0.00	115.52	0.00	0	99.17	-12.83	0.00	0.00	0.00	0.00
11	11	ÄÐ	0	50.00	360.00	0	1	0	0	0	0	0	0	-1	100.00	-1.00	-1.00	-1.00	-1.00	-1.00	-1.00	-1.00	-1.00	-1.00	60	60	1	1	1	1	357	193612017	656	680	728	768	0.00	0.00	113.70	0.00	0	98.98	-14.21	0.00	0.00	0.00	0.00
11	11	ÄÐ	0	50.00	360.00	0	1	0	0	0	0	0	0	-1	100.00	-1.00	-1.00	-1.00	-1.00	-1.00	-1.00	-1.00	-1.00	-1.00	60	60	1	1	1	1	358	193612057	660	680	728	768	0.00	0.00	111.21	0.00	0	98.78	-15.56	0.00	0.00	0.00	0.00
11	11	ÄÐ	0	50.00	360.00	0	1	0	0	0	0	0	0	-1	100.00	-1.00	-1.00	-1.00	-1.00	-1.00	-1.00	-1.00	-1.00	-1.00	60	60	1	1	1	1	359	193612098	664	679	728	768	0.00	0.00	109.62	0.00	0	98.56	-16.91	0.00	0.00	0.00	0.00
11	11	ÄÐ	0	50.00	360.00	0	1	0	0	0	0	0	0	-1	100.00	-1.00	-1.00	-1.00	-1.00	-1.00	-1.00	-1.00	-1.00	-1.00	60	60	1	1	1	1	360	193612138	668	678	728	768	0.00	0.00	108.17	0.00	0	98.33	-18.23	0.00	0.00	0.00	0.00
11	11	ÄÐ	0	50.00	360.00	0	1	0	0	0	0	0	0	-1	100.00	-1.00	-1.00	-1.00	-1.00	-1.00	-1.00	-1.00	-1.00	-1.00	60	60	1	1	1	1	361	193612178	672	678	746	768	0.00	0.00	116.52	0.00	0	98.07	-19.54	500.00	0.00	0.00	0.00
11	11	ÄÐ	0	50.00	360.00	0	1	0	0	0	0	0	0	-1	100.00	-1.00	-1.00	-1.00	-1.00	-1.00	-1.00	-1.00	-1.00	-1.00	60	60	1	1	1	1	362	193612219	676	677	767	760	0.00	0.00	123.17	0.00	0	97.79	-20.90	500.00	-500.00	0.00	0.00
11	11	ÄÐ	0	50.00	360.00	0	1	0	0	0	0	0	0	-1	100.00	-1.00	-1.00	-1.00	-1.00	-1.00	-1.00	-1.00	-1.00	-1.00	60	60	1	1	1	1	363	193612260	680	676	788	752	0.00	0.00	132.06	0.00	0	97.49	-22.25	500.00	-500.00	0.00	0.00
11	11	ÄÐ	0	50.00	360.00	0	1	0	0	0	0	0	0	-1	100.00	-1.00	-1.00	-1.00	-1.00	-1.00	-1.00	-1.00	-1.00	-1.00	60	60	1	1	1	1	364	193612300	684	675	808	745	0.00	0.00	142.39	0.00	0	97.18	-23.57	500.00	-500.00	0.00	0.00
11	11	ÄÐ	0	50.00	360.00	0	1	0	0	0	0	0	0	-1	100.00	-1.00	-1.00	-1.00	-1.00	-1.00	-1.00	-1.00	-1.00	-1.00	60	60	1	1	1	1	365	193612341	688	674	827	737	0.00	0.00	152.61	0.00	0	96.85	-24.90	500.00	-500.00	0.00	0.00
11	11	ÄÐ	0	50.00	360.00	0	1	0	0	0	0	0	0	-1	100.00	-1.00	-1.00	-1.00	-1.00	-1.00	-1.00	-1.00	-1.00	-1.00	60	60	1	1	1	1	366	193612383	692	673	827	737	0.00	0.00	149.40	0.00	0	96.49	-26.25	0.00	0.00	0.00	0.00
11	11	ÄÐ	0	50.00	360.00	0	1	0	0	0	0	0	0	-1	100.00	-1.00	-1.00	-1.00	-1.00	-1.00	-1.00	-1.00	-1.00	-1.00	60	60	1	1	1	1	367	193612424	696	672	827	737	0.00	0.00	146.24	0.00	0	96.12	-27.57	0.00	0.00	0.00	0.00
11	11	ÄÐ	0	50.00	360.00	0	1	0	0	0	0	0	0	-1	100.00	-1.00	-1.00	-1.00	-1.00	-1.00	-1.00	-1.00	-1.00	-1.00	60	60	1	1	1	1	368	193612464	700	671	821	737	0.00	0.00	137.83	0.00	0	95.74	-28.88	-500.00	0.00	0.00	0.00
11	11	ÄÐ	0	50.00	360.00	0	1	0	0	0	0	0	0	-1	100.00	-1.00	-1.00	-1.00	-1.00	-1.00	-1.00	-1.00	-1.00	-1.00	60	60	1	1	1	1	369	193612504	704	670	800	737	0.00	0.00	117.07	0.00	0	95.34	-30.18	-500.00	0.00	0.00	0.00
11	11	ÄÐ	0	50.00	360.00	0	1	0	0	0	0	0	0	-1	100.00	-1.00	-1.00	-1.00	-1.00	-1.00	-1.00	-1.00	-1.00	-1.00	60	60	1	1	1	1	370	193612544	708	668	780	737	0.00	0.00	99.72	0.00	0	94.92	-31.46	-500.00	0.00	0.00	0.00
11	11	ÄÐ	0	50.00	360.00	0	1	0	0	0	0	0	0	-1	100.00	-1.00	-1.00	-1.00	-1.00	-1.00	-1.00	-1.00	-1.00	-1.00	60	60	1	1	1	1	371	193612585	712	667	759	737	0.00	0.00	84.31	0.00	0	94.48	-32.78	-500.00	0.00	0.00	0.00
11	11	ÄÐ	0	50.00	360.00	0	1	0	0	0	0	0	0	-1	100.00	-1.00	-1.00	-1.00	-1.00	-1.00	-1.00	-1.00	-1.00	-1.00	60	60	1	1	1	1	372	193612625	716	666	739	732	0.00	0.00	69.89	0.00	0	94.03	-34.03	-500.00	-500.00	0.00	0.00
11	11	ÄÐ	0	50.00	360.00	0	1	0	0	0	0	0	0	-1	100.00	-1.00	-1.00	-1.00	-1.00	-1.00	-1.00	-1.00	-1.00	-1.00	60	60	1	1	1	1	373	193612665	719	664	739	732	0.00	0.00	70.88	0.00	0	93.56	-35.32	0.00	0.00	0.00	0.00
11	11	ÄÐ	0	50.00	360.00	0	1	0	0	0	0	0	0	-1	100.00	-1.00	-1.00	-1.00	-1.00	-1.00	-1.00	-1.00	-1.00	-1.00	60	60	1	1	1	1	374	193612706	723	663	739	732	0.00	0.00	70.83	0.00	0	93.05	-36.62	0.00	0.00	0.00	0.00
11	11	ÄÐ	0	50.00	360.00	0	1	0	0	0	0	0	0	-1	100.00	-1.00	-1.00	-1.00	-1.00	-1.00	-1.00	-1.00	-1.00	-1.00	60	60	1	1	1	1	375	193612747	727	661	739	732	0.00	0.00	72.01	0.00	0	92.54	-37.89	0.00	0.00	0.00	0.00
11	11	ÄÐ	0	50.00	360.00	0	1	0	0	0	0	0	0	-1	100.00	-1.00	-1.00	-1.00	-1.00	-1.00	-1.00	-1.00	-1.00	-1.00	60	60	1	1	1	1	376	193612787	731	660	739	732	0.00	0.00	72.44	0.00	0	92.02	-39.15	0.00	0.00	0.00	0.00
11	11	ÄÐ	0	50.00	360.00	0	1	0	0	0	0	0	0	-1	100.00	-1.00	-1.00	-1.00	-1.00	-1.00	-1.00	-1.00	-1.00	-1.00	60	60	1	1	1	1	377	193612827	735	658	754	732	0.00	0.00	76.40	0.00	0	91.49	-40.38	500.00	0.00	0.00	0.00
11	11	ÄÐ	0	50.00	360.00	0	1	0	0	0	0	0	0	-1	100.00	-1.00	-1.00	-1.00	-1.00	-1.00	-1.00	-1.00	-1.00	-1.00	60	60	1	1	1	1	378	193612868	738	656	775	720	0.00	0.00	73.93	0.00	0	90.93	-41.62	500.00	-500.00	0.00	0.00
11	11	ÄÐ	0	50.00	360.00	0	1	0	0	0	0	0	0	-1	100.00	-1.00	-1.00	-1.00	-1.00	-1.00	-1.00	-1.00	-1.00	-1.00	60	60	1	1	1	1	379	193612909	742	655	796	704	0.00	0.00	72.92	0.00	0	90.35	-42.87	500.00	-500.00	0.00	0.00
11	11	ÄÐ	0	50.00	360.00	0	1	0	0	0	0	0	0	-1	100.00	-1.00	-1.00	-1.00	-1.00	-1.00	-1.00	-1.00	-1.00	-1.00	60	60	1	1	1	1	380	193612949	746	653	816	687	0.00	0.00	77.82	0.00	0	89.76	-44.09	500.00	-500.00	0.00	0.00
11	11	ÄÐ	0	50.00	360.00	0	1	0	0	0	0	0	0	-1	100.00	-1.00	-1.00	-1.00	-1.00	-1.00	-1.00	-1.00	-1.00	-1.00	60	60	1	1	1	1	381	193612990	749	651	831	677	0.00	0.00	86.02	0.00	0	89.14	-45.31	500.00	-500.00	0.00	0.00
11	11	ÄÐ	0	50.00	360.00	0	1	0	0	0	0	0	0	-1	100.00	-1.00	-1.00	-1.00	-1.00	-1.00	-1.00	-1.00	-1.00	-1.00	60	60	1	1	1	1	382	193613030	753	649	831	677	0.00	0.00	82.87	0.00	0	88.53	-46.50	0.00	0.00	0.00	0.00
11	11	ÄÐ	0	50.00	360.00	0	1	0	0	0	0	0	0	-1	100.00	-1.00	-1.00	-1.00	-1.00	-1.00	-1.00	-1.00	-1.00	-1.00	60	60	1	1	1	1	383	193613071	757	647	831	677	0.00	0.00	79.85	0.00	0	87.89	-47.70	0.00	0.00	0.00	0.00
11	11	ÄÐ	0	50.00	360.00	0	1	0	0	0	0	0	0	-1	100.00	-1.00	-1.00	-1.00	-1.00	-1.00	-1.00	-1.00	-1.00	-1.00	60	60	1	1	1	1	384	193613111	760	645	831	677	0.00	0.00	77.88	0.00	0	87.24	-48.87	0.00	0.00	0.00	0.00
11	11	ÄÐ	0	50.00	360.00	0	1	0	0	0	0	0	0	-1	100.00	-1.00	-1.00	-1.00	-1.00	-1.00	-1.00	-1.00	-1.00	-1.00	60	60	1	1	1	1	385	193613153	764	643	831	677	0.00	0.00	75.13	0.00	0	86.55	-50.09	0.00	0.00	0.00	0.00
11	11	ÄÐ	0	50.00	360.00	0	1	0	0	0	0	0	0	-1	100.00	-1.00	-1.00	-1.00	-1.00	-1.00	-1.00	-1.00	-1.00	-1.00	60	60	1	1	1	1	386	193613193	767	641	831	677	0.00	0.00	73.43	0.00	0	85.86	-51.26	0.00	0.00	0.00	0.00
11	11	ÄÐ	0	50.00	360.00	0	1	0	0	0	0	0	0	-1	100.00	-1.00	-1.00	-1.00	-1.00	-1.00	-1.00	-1.00	-1.00	-1.00	60	60	1	1	1	1	387	193613234	771	639	831	677	0.00	0.00	71.02	0.00	0	85.15	-52.43	0.00	0.00	0.00	0.00
11	11	ÄÐ	0	50.00	360.00	0	1	0	0	0	0	0	0	-1	100.00	-1.00	-1.00	-1.00	-1.00	-1.00	-1.00	-1.00	-1.00	-1.00	60	60	1	1	1	1	388	193613275	774	637	831	677	0.00	0.00	69.63	0.00	0	84.43	-53.59	0.00	0.00	0.00	0.00
11	11	ÄÐ	0	50.00	360.00	0	1	0	0	0	0	0	0	-1	100.00	-1.00	-1.00	-1.00	-1.00	-1.00	-1.00	-1.00	-1.00	-1.00	60	60	1	1	1	1	389	193613316	778	635	831	677	0.00	0.00	67.62	0.00	0	83.68	-54.74	0.00	0.00	0.00	0.00
11	11	ÄÐ	0	50.00	360.00	0	1	0	0	0	0	0	0	-1	100.00	-1.00	-1.00	-1.00	-1.00	-1.00	-1.00	-1.00	-1.00	-1.00	60	60	1	1	1	1	390	193613357	781	632	831	677	0.00	0.00	67.27	0.00	0	82.93	-55.88	0.00	0.00	0.00	0.00
11	11	ÄÐ	0	50.00	360.00	0	1	0	0	0	0	0	0	-1	100.00	-1.00	-1.00	-1.00	-1.00	-1.00	-1.00	-1.00	-1.00	-1.00	60	60	1	1	1	1	391	193613397	785	630	831	677	0.00	0.00	65.76	0.00	0	82.16	-57.01	0.00	0.00	0.00	0.00
11	11	ÄÐ	0	50.00	360.00	0	1	0	0	0	0	0	0	-1	100.00	-1.00	-1.00	-1.00	-1.00	-1.00	-1.00	-1.00	-1.00	-1.00	60	60	1	1	1	1	392	193613438	788	628	831	677	0.00	0.00	65.19	0.00	0	81.35	-58.15	0.00	0.00	0.00	0.00
11	11	ÄÐ	0	50.00	360.00	0	1	0	0	0	0	0	0	-1	100.00	-1.00	-1.00	-1.00	-1.00	-1.00	-1.00	-1.00	-1.00	-1.00	60	60	1	1	1	1	393	193613478	791	625	838	674	0.00	0.00	67.90	0.00	0	80.55	-59.26	500.00	-500.00	0.00	0.00
11	11	ÄÐ	0	50.00	360.00	0	1	0	0	0	0	0	0	-1	100.00	-1.00	-1.00	-1.00	-1.00	-1.00	-1.00	-1.00	-1.00	-1.00	60	60	1	1	1	1	394	193613519	795	623	852	655	0.00	0.00	65.37	0.00	0	79.73	-60.36	500.00	-500.00	0.00	0.00
11	11	ÄÐ	0	50.00	360.00	0	1	0	0	0	0	0	0	-1	100.00	-1.00	-1.00	-1.00	-1.00	-1.00	-1.00	-1.00	-1.00	-1.00	60	60	1	1	1	1	395	193613559	798	620	864	635	0.00	0.00	67.68	0.00	0	78.90	-61.44	500.00	-500.00	0.00	0.00
11	11	ÄÐ	0	50.00	360.00	0	1	0	0	0	0	0	0	-1	100.00	-1.00	-1.00	-1.00	-1.00	-1.00	-1.00	-1.00	-1.00	-1.00	60	60	1	1	1	1	396	193613599	801	618	873	614	0.00	0.00	72.11	0.00	0	78.07	-62.49	500.00	-500.00	0.00	0.00
11	11	ÄÐ	0	50.00	360.00	0	1	0	0	0	0	0	0	-1	100.00	-1.00	-1.00	-1.00	-1.00	-1.00	-1.00	-1.00	-1.00	-1.00	60	60	1	1	1	1	397	193613639	804	615	876	594	0.00	0.00	75.00	0.00	0	77.21	-63.55	500.00	-500.00	0.00	0.00
11	11	ÄÐ	0	50.00	360.00	0	1	0	0	0	0	0	0	-1	100.00	-1.00	-1.00	-1.00	-1.00	-1.00	-1.00	-1.00	-1.00	-1.00	60	60	1	1	1	1	398	193613679	807	613	876	574	0.00	0.00	79.26	0.00	0	76.34	-64.60	0.00	-500.00	0.00	0.00
11	11	ÄÐ	0	50.00	360.00	0	1	0	0	0	0	0	0	-1	100.00	-1.00	-1.00	-1.00	-1.00	-1.00	-1.00	-1.00	-1.00	-1.00	60	60	1	1	1	1	399	193613720	810	610	876	574	0.00	0.00	75.18	0.00	0	75.42	-65.66	0.00	0.00	0.00	0.00
11	11	ÄÐ	0	50.00	360.00	0	1	0	0	0	0	0	0	-1	100.00	-1.00	-1.00	-1.00	-1.00	-1.00	-1.00	-1.00	-1.00	-1.00	60	60	1	1	1	1	400	193613761	814	607	876	574	0.00	0.00	70.24	0.00	0	74.50	-66.71	0.00	0.00	0.00	0.00
11	11	ÄÐ	0	50.00	360.00	0	1	0	0	0	0	0	0	-1	100.00	-1.00	-1.00	-1.00	-1.00	-1.00	-1.00	-1.00	-1.00	-1.00	60	60	1	1	1	1	401	193613802	817	604	876	574	0.00	0.00	66.19	0.00	0	73.58	-67.72	0.00	0.00	0.00	0.00
11	11	ÄÐ	0	50.00	360.00	0	1	0	0	0	0	0	0	-1	100.00	-1.00	-1.00	-1.00	-1.00	-1.00	-1.00	-1.00	-1.00	-1.00	60	60	1	1	1	1	402	193613843	820	601	876	574	0.00	0.00	62.17	0.00	0	72.62	-68.74	0.00	0.00	0.00	0.00
11	11	ÄÐ	0	50.00	360.00	0	1	0	0	0	0	0	0	-1	100.00	-1.00	-1.00	-1.00	-1.00	-1.00	-1.00	-1.00	-1.00	-1.00	60	60	1	1	1	1	403	193613883	823	599	876	585	0.00	0.00	54.82	0.00	0	71.68	-69.73	0.00	500.00	0.00	0.00
11	11	ÄÐ	0	50.00	360.00	0	1	0	0	0	0	0	0	-1	100.00	-1.00	-1.00	-1.00	-1.00	-1.00	-1.00	-1.00	-1.00	-1.00	60	60	1	1	1	1	404	193613925	826	596	868	606	0.00	0.00	43.17	0.00	1	70.70	-70.73	-500.00	500.00	0.00	0.00
11	11	ÄÐ	0	50.00	360.00	0	1	0	0	0	0	0	0	-1	100.00	-1.00	-1.00	-1.00	-1.00	-1.00	-1.00	-1.00	-1.00	-1.00	60	60	1	1	1	1	405	193613965	829	593	856	627	0.00	0.00	43.42	0.00	1	69.73	-71.68	-500.00	500.00	0.00	0.00
11	11	ÄÐ	0	50.00	360.00	0	1	0	0	0	0	0	0	-1	100.00	-1.00	-1.00	-1.00	-1.00	-1.00	-1.00	-1.00	-1.00	-1.00	60	60	1	1	1	1	406	193614005	831	590	846	644	0.00	0.00	56.04	0.00	0	68.76	-72.61	-500.00	500.00	0.00	0.00
11	11	ÄÐ	0	50.00	360.00	0	1	0	0	0	0	0	0	-1	100.00	-1.00	-1.00	-1.00	-1.00	-1.00	-1.00	-1.00	-1.00	-1.00	60	60	1	1	1	1	407	193614046	834	587	846	644	0.00	0.00	58.25	0.00	0	67.74	-73.56	0.00	0.00	0.00	0.00
11	11	ÄÐ	0	50.00	360.00	0	1	0	0	0	0	0	0	-1	100.00	-1.00	-1.00	-1.00	-1.00	-1.00	-1.00	-1.00	-1.00	-1.00	60	60	1	1	1	1	408	193614086	837	584	846	644	0.00	0.00	60.67	0.00	0	66.75	-74.46	0.00	0.00	0.00	0.00
11	11	ÄÐ	0	50.00	360.00	0	1	0	0	0	0	0	0	-1	100.00	-1.00	-1.00	-1.00	-1.00	-1.00	-1.00	-1.00	-1.00	-1.00	60	60	1	1	1	1	409	193614126	840	581	846	644	0.00	0.00	63.29	0.00	0	65.73	-75.37	0.00	0.00	0.00	0.00
11	11	ÄÐ	0	50.00	360.00	0	1	0	0	0	0	0	0	-1	100.00	-1.00	-1.00	-1.00	-1.00	-1.00	-1.00	-1.00	-1.00	-1.00	60	60	1	1	1	1	410	193614166	842	578	846	644	0.00	0.00	66.12	0.00	0	64.71	-76.24	0.00	0.00	0.00	0.00
11	11	ÄÐ	0	50.00	360.00	0	1	0	0	0	0	0	0	-1	100.00	-1.00	-1.00	-1.00	-1.00	-1.00	-1.00	-1.00	-1.00	-1.00	60	60	1	1	1	1	411	193614208	845	574	846	644	0.00	0.00	70.01	0.00	0	63.64	-77.14	0.00	0.00	0.00	0.00
11	11	ÄÐ	0	50.00	360.00	0	1	0	0	0	0	0	0	-1	100.00	-1.00	-1.00	-1.00	-1.00	-1.00	-1.00	-1.00	-1.00	-1.00	60	60	1	1	1	1	412	193614248	847	571	846	624	0.00	0.00	53.01	0.00	0	62.58	-78.00	0.00	-500.00	0.00	0.00
11	11	ÄÐ	0	50.00	360.00	0	1	0	0	0	0	0	0	-1	100.00	-1.00	-1.00	-1.00	-1.00	-1.00	-1.00	-1.00	-1.00	-1.00	60	60	1	1	1	1	413	193614289	850	568	846	603	0.00	0.00	35.23	0.00	1	61.48	-78.87	0.00	-500.00	0.00	0.00
11	11	ÄÐ	0	50.00	360.00	0	1	0	0	0	0	0	0	-1	100.00	-1.00	-1.00	-1.00	-1.00	-1.00	-1.00	-1.00	-1.00	-1.00	60	60	1	1	1	1	414	193614329	853	565	846	582	0.00	0.00	18.38	0.00	1	60.40	-79.70	0.00	-500.00	0.00	0.00
11	11	ÄÐ	0	50.00	360.00	0	1	0	0	0	0	0	0	-1	100.00	-1.00	-1.00	-1.00	-1.00	-1.00	-1.00	-1.00	-1.00	-1.00	60	60	1	1	1	1	415	193614370	855	561	846	562	0.00	0.00	9.06	0.00	1	59.30	-80.52	0.00	-500.00	0.00	0.00
11	11	ÄÐ	0	50.00	360.00	0	1	0	0	0	0	0	0	-1	100.00	-1.00	-1.00	-1.00	-1.00	-1.00	-1.00	-1.00	-1.00	-1.00	60	60	1	1	1	1	416	193614411	858	558	846	555	0.00	0.00	12.37	0.00	1	58.18	-81.34	0.00	-500.00	0.00	0.00
11	11	ÄÐ	0	50.00	360.00	0	1	0	0	0	0	0	0	-1	100.00	-1.00	-1.00	-1.00	-1.00	-1.00	-1.00	-1.00	-1.00	-1.00	60	60	1	1	1	1	417	193614451	860	555	846	555	0.00	0.00	14.00	0.00	1	57.08	-82.11	0.00	0.00	0.00	0.00
11	11	ÄÐ	0	50.00	360.00	0	1	0	0	0	0	0	0	-1	100.00	-1.00	-1.00	-1.00	-1.00	-1.00	-1.00	-1.00	-1.00	-1.00	60	60	1	1	1	1	418	193614491	862	551	846	555	0.00	0.00	16.49	0.00	1	55.96	-82.88	0.00	0.00	0.00	0.00
11	11	ÄÐ	0	50.00	360.00	0	1	0	0	0	0	0	0	-1	100.00	-1.00	-1.00	-1.00	-1.00	-1.00	-1.00	-1.00	-1.00	-1.00	60	60	1	1	1	1	419	193614531	864	548	846	555	0.00	0.00	19.31	0.00	1	54.84	-83.62	0.00	0.00	0.00	0.00
11	11	ÄÐ	0	50.00	360.00	0	1	0	0	0	0	0	0	-1	100.00	-1.00	-1.00	-1.00	-1.00	-1.00	-1.00	-1.00	-1.00	-1.00	60	60	1	1	1	1	420	193614571	867	545	846	555	0.00	0.00	23.26	0.00	1	53.72	-84.34	0.00	0.00	0.00	0.00
11	11	ÄÐ	0	50.00	360.00	0	1	0	0	0	0	0	0	-1	100.00	-1.00	-1.00	-1.00	-1.00	-1.00	-1.00	-1.00	-1.00	-1.00	60	60	1	1	1	1	421	193614612	869	541	846	555	0.00	0.00	26.93	0.00	1	52.54	-85.09	0.00	0.00	0.00	0.00
11	11	ÄÐ	0	50.00	360.00	0	1	0	0	0	0	0	0	-1	100.00	-1.00	-1.00	-1.00	-1.00	-1.00	-1.00	-1.00	-1.00	-1.00	60	60	1	1	1	1	422	193614652	871	538	846	555	0.00	0.00	30.23	0.00	1	51.37	-85.79	0.00	0.00	0.00	0.00
11	11	ÄÐ	0	50.00	360.00	0	1	0	0	0	0	0	0	-1	100.00	-1.00	-1.00	-1.00	-1.00	-1.00	-1.00	-1.00	-1.00	-1.00	60	60	1	1	1	1	423	193614692	873	534	846	555	0.00	0.00	34.21	0.00	1	50.20	-86.49	0.00	0.00	0.00	0.00
11	11	ÄÐ	0	50.00	360.00	0	1	0	0	0	0	0	0	-1	100.00	-1.00	-1.00	-1.00	-1.00	-1.00	-1.00	-1.00	-1.00	-1.00	60	60	1	1	1	1	424	193614733	875	531	846	555	0.00	0.00	37.64	0.00	1	49.01	-87.17	0.00	0.00	0.00	0.00
11	11	ÄÐ	0	50.00	360.00	0	1	0	0	0	0	0	0	-1	100.00	-1.00	-1.00	-1.00	-1.00	-1.00	-1.00	-1.00	-1.00	-1.00	60	60	1	1	1	1	425	193614775	877	527	846	555	0.00	0.00	41.77	0.00	1	47.78	-87.85	0.00	0.00	0.00	0.00
11	11	ÄÐ	0	50.00	360.00	0	1	0	0	0	0	0	0	-1	100.00	-1.00	-1.00	-1.00	-1.00	-1.00	-1.00	-1.00	-1.00	-1.00	60	60	1	1	1	1	426	193614816	879	523	846	555	0.00	0.00	45.97	0.00	1	46.55	-88.50	0.00	0.00	0.00	0.00
11	11	ÄÐ	0	50.00	360.00	0	1	0	0	0	0	0	0	-1	100.00	-1.00	-1.00	-1.00	-1.00	-1.00	-1.00	-1.00	-1.00	-1.00	60	60	1	1	1	1	427	193614856	881	520	846	555	0.00	0.00	49.50	0.00	1	45.37	-89.12	0.00	0.00	0.00	0.00
11	11	ÄÐ	0	50.00	360.00	0	1	0	0	0	0	0	0	-1	100.00	-1.00	-1.00	-1.00	-1.00	-1.00	-1.00	-1.00	-1.00	-1.00	60	60	1	1	1	1	428	193614896	883	516	846	555	0.00	0.00	53.76	0.00	0	44.17	-89.71	0.00	0.00	0.00	0.00
11	11	ÄÐ	0	50.00	360.00	0	1	0	0	0	0	0	0	-1	100.00	-1.00	-1.00	-1.00	-1.00	-1.00	-1.00	-1.00	-1.00	-1.00	60	60	1	1	1	1	429	193614936	884	512	846	555	0.00	0.00	57.38	0.00	0	42.94	-90.31	0.00	0.00	0.00	0.00
11	11	ÄÐ	0	50.00	360.00	0	1	0	0	0	0	0	0	-1	100.00	-1.00	-1.00	-1.00	-1.00	-1.00	-1.00	-1.00	-1.00	-1.00	60	60	1	1	1	1	430	193614977	886	509	846	555	0.00	0.00	60.96	0.00	0	41.70	-90.89	0.00	0.00	0.00	0.00
11	11	ÄÐ	0	50.00	360.00	0	1	0	0	0	0	0	0	-1	100.00	-1.00	-1.00	-1.00	-1.00	-1.00	-1.00	-1.00	-1.00	-1.00	60	60	1	1	1	1	431	193615018	888	505	846	555	0.00	0.00	65.30	0.00	0	40.43	-91.46	0.00	0.00	0.00	0.00
11	11	ÄÐ	0	50.00	360.00	0	1	0	0	0	0	0	0	-1	100.00	-1.00	-1.00	-1.00	-1.00	-1.00	-1.00	-1.00	-1.00	-1.00	60	60	1	1	1	1	432	193615059	890	501	846	555	0.00	0.00	69.66	0.00	0	39.17	-92.01	0.00	0.00	0.00	0.00
11	11	ÄÐ	0	50.00	360.00	0	1	0	0	0	0	0	0	-1	100.00	-1.00	-1.00	-1.00	-1.00	-1.00	-1.00	-1.00	-1.00	-1.00	60	60	1	1	1	1	433	193615099	891	497	846	555	0.00	0.00	73.41	0.00	0	37.94	-92.52	0.00	0.00	0.00	0.00
11	11	ÄÐ	0	50.00	360.00	0	1	0	0	0	0	0	0	-1	100.00	-1.00	-1.00	-1.00	-1.00	-1.00	-1.00	-1.00	-1.00	-1.00	60	60	1	1	1	1	434	193615139	893	494	846	555	0.00	0.00	77.01	0.00	0	36.70	-93.02	0.00	0.00	0.00	0.00
11	11	ÄÐ	0	50.00	360.00	0	1	0	0	0	0	0	0	-1	100.00	-1.00	-1.00	-1.00	-1.00	-1.00	-1.00	-1.00	-1.00	-1.00	60	60	1	1	1	1	435	193615179	894	490	846	555	0.00	0.00	80.80	0.00	0	35.43	-93.51	0.00	0.00	0.00	0.00
11	11	ÄÐ	0	50.00	360.00	0	1	0	0	0	0	0	0	-1	100.00	-1.00	-1.00	-1.00	-1.00	-1.00	-1.00	-1.00	-1.00	-1.00	60	60	1	1	1	1	436	193615219	895	486	846	555	0.00	0.00	84.63	0.00	0	34.15	-93.99	0.00	0.00	0.00	0.00
11	11	ÄÐ	0	50.00	360.00	0	1	0	0	0	0	0	0	-1	100.00	-1.00	-1.00	-1.00	-1.00	-1.00	-1.00	-1.00	-1.00	-1.00	60	60	1	1	1	1	437	193615260	897	482	846	555	0.00	0.00	89.05	0.00	0	32.86	-94.45	0.00	0.00	0.00	0.00
11	11	ÄÐ	0	50.00	360.00	0	1	0	0	0	0	0	0	-1	100.00	-1.00	-1.00	-1.00	-1.00	-1.00	-1.00	-1.00	-1.00	-1.00	60	60	1	1	1	1	438	193615301	898	478	846	555	0.00	0.00	92.91	0.00	0	31.54	-94.90	0.00	0.00	0.00	0.00
11	11	ÄÐ	0	50.00	360.00	0	1	0	0	0	0	0	0	-1	100.00	-1.00	-1.00	-1.00	-1.00	-1.00	-1.00	-1.00	-1.00	-1.00	60	60	1	1	1	1	439	193615341	899	474	846	555	0.00	0.00	96.80	0.00	0	30.27	-95.31	0.00	0.00	0.00	0.00
11	11	ÄÐ	0	50.00	360.00	0	1	0	0	0	0	0	0	-1	100.00	-1.00	-1.00	-1.00	-1.00	-1.00	-1.00	-1.00	-1.00	-1.00	60	60	1	1	1	1	440	193615381	901	470	846	555	0.00	0.00	101.24	0.00	0	29.00	-95.70	0.00	0.00	0.00	0.00
11	11	ÄÐ	0	50.00	360.00	0	1	0	0	0	0	0	0	-1	100.00	-1.00	-1.00	-1.00	-1.00	-1.00	-1.00	-1.00	-1.00	-1.00	60	60	1	1	1	1	441	193615422	902	466	846	555	0.00	0.00	105.15	0.00	0	27.65	-96.10	0.00	0.00	0.00	0.00
11	11	ÄÐ	0	50.00	360.00	0	1	0	0	0	0	0	0	-1	100.00	-1.00	-1.00	-1.00	-1.00	-1.00	-1.00	-1.00	-1.00	-1.00	60	60	1	1	1	1	442	193615462	903	463	846	555	0.00	0.00	108.23	0.00	0	26.34	-96.47	0.00	0.00	0.00	0.00
11	11	ÄÐ	0	50.00	360.00	0	1	0	0	0	0	0	0	-1	100.00	-1.00	-1.00	-1.00	-1.00	-1.00	-1.00	-1.00	-1.00	-1.00	60	60	1	1	1	1	443	193615502	904	459	846	555	0.00	0.00	112.16	0.00	0	25.04	-96.81	0.00	0.00	0.00	0.00
11	11	ÄÐ	0	50.00	360.00	0	1	0	0	0	0	0	0	-1	100.00	-1.00	-1.00	-1.00	-1.00	-1.00	-1.00	-1.00	-1.00	-1.00	60	60	1	1	1	1	444	193615542	905	455	846	555	0.00	0.00	116.11	0.00	0	23.72	-97.15	0.00	0.00	0.00	0.00
11	11	ÄÐ	0	50.00	360.00	0	1	0	0	0	0	0	0	-1	100.00	-1.00	-1.00	-1.00	-1.00	-1.00	-1.00	-1.00	-1.00	-1.00	60	60	1	1	1	1	445	193615582	906	451	846	555	0.00	0.00	120.07	0.00	0	22.39	-97.46	0.00	0.00	0.00	0.00
11	11	ÄÐ	0	50.00	360.00	0	1	0	0	0	0	0	0	-1	100.00	-1.00	-1.00	-1.00	-1.00	-1.00	-1.00	-1.00	-1.00	-1.00	60	60	1	1	1	1	446	193615622	907	447	846	555	0.00	0.00	124.04	0.00	0	21.06	-97.76	0.00	0.00	0.00	0.00
11	11	ÄÐ	0	50.00	360.00	0	1	0	0	0	0	0	0	-1	100.00	-1.00	-1.00	-1.00	-1.00	-1.00	-1.00	-1.00	-1.00	-1.00	60	60	1	1	1	1	447	193615663	908	443	846	555	0.00	0.00	128.02	0.00	0	19.69	-98.04	0.00	0.00	0.00	0.00
11	11	ÄÐ	0	50.00	360.00	0	1	0	0	0	0	0	0	-1	100.00	-1.00	-1.00	-1.00	-1.00	-1.00	-1.00	-1.00	-1.00	-1.00	60	60	1	1	1	1	448	193615703	908	439	846	555	0.00	0.00	131.53	0.00	0	18.38	-98.30	0.00	0.00	0.00	0.00
11	11	ÄÐ	0	50.00	360.00	0	1	0	0	0	0	0	0	-1	100.00	-1.00	-1.00	-1.00	-1.00	-1.00	-1.00	-1.00	-1.00	-1.00	60	60	1	1	1	1	449	193615743	909	435	846	555	0.00	0.00	135.53	0.00	0	17.04	-98.54	0.00	0.00	0.00	0.00
11	11	ÄÐ	0	50.00	360.00	0	1	0	0	0	0	0	0	-1	100.00	-1.00	-1.00	-1.00	-1.00	-1.00	-1.00	-1.00	-1.00	-1.00	60	60	1	1	1	1	450	193615784	910	431	846	555	0.00	0.00	139.54	0.00	0	15.69	-98.76	0.00	0.00	0.00	0.00
11	11	ÄÐ	0	50.00	360.00	0	1	0	0	0	0	0	0	-1	100.00	-1.00	-1.00	-1.00	-1.00	-1.00	-1.00	-1.00	-1.00	-1.00	60	60	1	1	1	1	451	193615824	910	427	846	555	0.00	0.00	143.11	0.00	0	14.34	-98.97	0.00	0.00	0.00	0.00
11	11	ÄÐ	0	50.00	360.00	0	1	0	0	0	0	0	0	-1	100.00	-1.00	-1.00	-1.00	-1.00	-1.00	-1.00	-1.00	-1.00	-1.00	60	60	1	1	1	1	452	193615864	911	422	846	555	0.00	0.00	148.03	0.00	0	12.99	-99.15	0.00	0.00	0.00	0.00
11	11	ÄÐ	0	50.00	360.00	0	1	0	0	0	0	0	0	-1	100.00	-1.00	-1.00	-1.00	-1.00	-1.00	-1.00	-1.00	-1.00	-1.00	60	60	1	1	1	1	453	193615905	911	418	846	555	0.00	0.00	151.64	0.00	0	11.63	-99.32	0.00	0.00	0.00	0.00
11	11	ÄÐ	0	50.00	360.00	0	1	0	0	0	0	0	0	-1	100.00	-1.00	-1.00	-1.00	-1.00	-1.00	-1.00	-1.00	-1.00	-1.00	60	60	1	1	1	1	454	193615945	912	414	846	555	0.00	0.00	155.68	0.00	0	10.30	-99.47	0.00	0.00	0.00	0.00
11	11	ÄÐ	0	50.00	360.00	0	1	0	0	0	0	0	0	-1	100.00	-1.00	-1.00	-1.00	-1.00	-1.00	-1.00	-1.00	-1.00	-1.00	60	60	1	1	1	1	455	193615985	912	410	846	555	0.00	0.00	159.31	0.00	0	8.94	-99.60	0.00	0.00	0.00	0.00
11	11	ÄÐ	0	50.00	360.00	0	1	0	0	0	0	0	0	-1	100.00	-1.00	-1.00	-1.00	-1.00	-1.00	-1.00	-1.00	-1.00	-1.00	60	60	1	1	1	1	456	193616025	913	406	846	555	0.00	0.00	163.37	0.00	0	7.58	-99.71	0.00	0.00	0.00	0.00
11	11	ÄÐ	0	50.00	360.00	0	1	0	0	0	0	0	0	-1	100.00	-1.00	-1.00	-1.00	-1.00	-1.00	-1.00	-1.00	-1.00	-1.00	60	60	1	1	1	1	457	193616065	913	402	846	555	0.00	0.00	167.03	0.00	0	6.25	-99.80	0.00	0.00	0.00	0.00
11	11	ÄÐ	0	50.00	360.00	0	1	0	0	0	0	0	0	-1	100.00	-1.00	-1.00	-1.00	-1.00	-1.00	-1.00	-1.00	-1.00	-1.00	60	60	1	1	1	1	458	193616106	913	398	846	555	0.00	0.00	170.70	0.00	0	4.88	-99.88	0.00	0.00	0.00	0.00
11	11	ÄÐ	0	50.00	360.00	0	1	0	0	0	0	0	0	-1	100.00	-1.00	-1.00	-1.00	-1.00	-1.00	-1.00	-1.00	-1.00	-1.00	60	60	1	1	1	1	459	193616146	913	394	846	555	0.00	0.00	174.38	0.00	0	3.52	-99.94	0.00	0.00	0.00	0.00
11	11	ÄÐ	0	50.00	360.00	0	1	0	0	0	0	0	0	-1	100.00	-1.00	-1.00	-1.00	-1.00	-1.00	-1.00	-1.00	-1.00	-1.00	60	60	1	1	1	1	460	193616187	913	390	846	555	0.00	0.00	178.08	0.00	0	2.15	-99.98	0.00	0.00	0.00	0.00
11	11	ÄÐ	0	50.00	360.00	0	1	0	0	0	0	0	0	-1	100.00	-1.00	-1.00	-1.00	-1.00	-1.00	-1.00	-1.00	-1.00	-1.00	60	60	1	1	1	1	461	193616228	913	386	846	555	0.00	0.00	181.80	0.00	0	0.75	-100.00	0.00	0.00	0.00	0.00
11	11	ÄÐ	0	50.00	360.00	0	1	0	0	0	0	0	0	-1	100.00	-1.00	-1.00	-1.00	-1.00	-1.00	-1.00	-1.00	-1.00	-1.00	60	60	1	1	1	1	462	193616269	913	382	846	555	0.00	0.00	185.52	0.00	0	-0.62	-100.00	0.00	0.00	0.00	0.00
11	11	ÄÐ	0	50.00	360.00	0	1	0	0	0	0	0	0	-1	100.00	-1.00	-1.00	-1.00	-1.00	-1.00	-1.00	-1.00	-1.00	-1.00	60	60	1	1	1	1	463	193616309	913	378	846	555	0.00	0.00	189.26	0.00	0	-1.98	-99.98	0.00	0.00	0.00	0.00
11	11	ÄÐ	0	50.00	360.00	0	1	0	0	0	0	0	0	-1	100.00	-1.00	-1.00	-1.00	-1.00	-1.00	-1.00	-1.00	-1.00	-1.00	60	60	1	1	1	1	464	193616349	913	374	846	555	0.00	0.00	193.00	0.00	0	-3.32	-99.95	0.00	0.00	0.00	0.00
11	11	ÄÐ	0	50.00	360.00	0	1	0	0	0	0	0	0	-1	100.00	-1.00	-1.00	-1.00	-1.00	-1.00	-1.00	-1.00	-1.00	-1.00	60	60	1	1	1	1	465	193616389	913	370	846	555	0.00	0.00	196.76	0.00	0	-4.65	-99.89	0.00	0.00	0.00	0.00
11	11	ÄÐ	0	50.00	360.00	0	1	0	0	0	0	0	0	-1	100.00	-1.00	-1.00	-1.00	-1.00	-1.00	-1.00	-1.00	-1.00	-1.00	60	60	1	1	1	1	466	193616430	913	365	846	555	0.00	0.00	201.47	0.00	0	-6.04	-99.82	0.00	0.00	0.00	0.00
11	11	ÄÐ	0	50.00	360.00	0	1	0	0	0	0	0	0	-1	100.00	-1.00	-1.00	-1.00	-1.00	-1.00	-1.00	-1.00	-1.00	-1.00	60	60	1	1	1	1	467	193616471	913	361	846	555	0.00	0.00	205.24	0.00	0	-7.41	-99.73	0.00	0.00	0.00	0.00
11	11	ÄÐ	0	50.00	360.00	0	1	0	0	0	0	0	0	-1	100.00	-1.00	-1.00	-1.00	-1.00	-1.00	-1.00	-1.00	-1.00	-1.00	60	60	1	1	1	1	468	193616512	912	357	846	555	0.00	0.00	208.71	0.00	0	-8.80	-99.61	0.00	0.00	0.00	0.00
11	11	ÄÐ	0	50.00	360.00	0	1	0	0	0	0	0	0	-1	100.00	-1.00	-1.00	-1.00	-1.00	-1.00	-1.00	-1.00	-1.00	-1.00	60	60	1	1	1	1	469	193616552	912	353	846	555	0.00	0.00	212.51	0.00	0	-10.13	-99.49	0.00	0.00	0.00	0.00
11	11	ÄÐ	0	50.00	360.00	0	1	0	0	0	0	0	0	-1	100.00	-1.00	-1.00	-1.00	-1.00	-1.00	-1.00	-1.00	-1.00	-1.00	60	60	1	1	1	1	470	193616592	912	349	846	555	0.00	0.00	216.31	0.00	0	-11.46	-99.34	0.00	0.00	0.00	0.00
11	11	ÄÐ	0	50.00	360.00	0	1	0	0	0	0	0	0	-1	100.00	-1.00	-1.00	-1.00	-1.00	-1.00	-1.00	-1.00	-1.00	-1.00	60	60	1	1	1	1	471	193616633	911	345	846	555	0.00	0.00	219.83	0.00	0	-12.85	-99.17	0.00	0.00	0.00	0.00
11	11	ÄÐ	0	50.00	360.00	0	1	0	0	0	0	0	0	-1	100.00	-1.00	-1.00	-1.00	-1.00	-1.00	-1.00	-1.00	-1.00	-1.00	60	60	1	1	1	1	472	193616674	910	341	846	555	0.00	0.00	223.37	0.00	0	-14.23	-98.98	0.00	0.00	0.00	0.00
11	11	ÄÐ	0	50.00	360.00	0	1	0	0	0	0	0	0	-1	100.00	-1.00	-1.00	-1.00	-1.00	-1.00	-1.00	-1.00	-1.00	-1.00	60	60	1	1	1	1	473	193616715	910	337	846	555	0.00	0.00	227.20	0.00	0	-15.62	-98.77	0.00	0.00	0.00	0.00
11	11	ÄÐ	0	50.00	360.00	0	1	0	0	0	0	0	0	-1	100.00	-1.00	-1.00	-1.00	-1.00	-1.00	-1.00	-1.00	-1.00	-1.00	60	60	1	1	1	1	474	193616756	909	333	846	555	0.00	0.00	230.77	0.00	0	-16.97	-98.55	0.00	0.00	0.00	0.00
11	11	ÄÐ	0	50.00	360.00	0	1	0	0	0	0	0	0	-1	100.00	-1.00	-1.00	-1.00	-1.00	-1.00	-1.00	-1.00	-1.00	-1.00	60	60	1	1	1	1	475	193616797	908	329	846	555	0.00	0.00	234.35	0.00	0	-18.31	-98.31	0.00	0.00	0.00	0.00
11	11	ÄÐ	0	50.00	360.00	0	1	0	0	0	0	0	0	-1	100.00	-1.00	-1.00	-1.00	-1.00	-1.00	-1.00	-1.00	-1.00	-1.00	60	60	1	1	1	1	476	193616838	908	325	846	555	0.00	0.00	238.21	0.00	0	-19.66	-98.05	0.00	0.00	0.00	0.00
11	11	ÄÐ	0	50.00	360.00	0	1	0	0	0	0	0	0	-1	100.00	-1.00	-1.00	-1.00	-1.00	-1.00	-1.00	-1.00	-1.00	-1.00	60	60	1	1	1	1	477	193616879	907	320	846	555	0.00	0.00	242.79	0.00	0	-21.03	-97.76	0.00	0.00	0.00	0.00
11	11	ÄÐ	0	50.00	360.00	0	1	0	0	0	0	0	0	-1	100.00	-1.00	-1.00	-1.00	-1.00	-1.00	-1.00	-1.00	-1.00	-1.00	60	60	1	1	1	1	478	193616919	906	316	846	555	0.00	0.00	246.42	0.00	0	-22.36	-97.47	0.00	0.00	0.00	0.00
11	11	ÄÐ	0	50.00	360.00	0	1	0	0	0	0	0	0	-1	100.00	-1.00	-1.00	-1.00	-1.00	-1.00	-1.00	-1.00	-1.00	-1.00	60	60	1	1	1	1	479	193616959	905	313	846	555	0.00	0.00	249.09	0.00	0	-23.66	-97.16	0.00	0.00	0.00	0.00
11	11	ÄÐ	0	50.00	360.00	0	1	0	0	0	0	0	0	-1	100.00	-1.00	-1.00	-1.00	-1.00	-1.00	-1.00	-1.00	-1.00	-1.00	60	60	1	1	1	1	480	193616999	904	309	846	555	0.00	0.00	252.74	0.00	0	-24.95	-96.84	0.00	0.00	0.00	0.00
11	11	ÄÐ	0	50.00	360.00	0	1	0	0	0	0	0	0	-1	100.00	-1.00	-1.00	-1.00	-1.00	-1.00	-1.00	-1.00	-1.00	-1.00	60	60	1	1	1	1	481	193617039	903	305	846	555	0.00	0.00	256.42	0.00	0	-26.24	-96.50	0.00	0.00	0.00	0.00
11	11	ÄÐ	0	50.00	360.00	0	1	0	0	0	0	0	0	-1	100.00	-1.00	-1.00	-1.00	-1.00	-1.00	-1.00	-1.00	-1.00	-1.00	60	60	1	1	1	1	482	193617080	902	301	846	555	0.00	0.00	260.10	0.00	0	-27.56	-96.13	0.00	0.00	0.00	0.00
11	11	ÄÐ	0	50.00	360.00	0	1	0	0	0	0	0	0	-1	100.00	-1.00	-1.00	-1.00	-1.00	-1.00	-1.00	-1.00	-1.00	-1.00	60	60	1	1	1	1	483	193617121	901	297	846	555	0.00	0.00	263.80	0.00	0	-28.89	-95.73	0.00	0.00	0.00	0.00
