ID	Name	Sex	Session	DistanceError	AngleError	PracMode	ExperMode	Background	Track	Direction	MoveMode	SpeedMode	Pause	PauseNum	Speed	InitSpeed	SpeedMin	SpeedMax	AccelerationMin	AccelerationMax	AngleSpeedMin	AngleSpeedMax	RotateAngleMin	RotateAngleMax	PracTime	ExperTime	PracTimes	ExperTimes	Pra_Test	Trial	PointNum	PointTime	ObjPointX	ObjPointY	PostPointX	PostPointY	ObjRotate	PostRotate	Distance	RotateError	Hit	ObjSpeedX	ObjSpeedY	PostSpeedX	PostSpeedY	ObjRotateSpeed	PostRotateSpeed
11	11	ÄÐ	0	10.00	10.00	0	1	0	0	0	0	0	0	-1	5.00	-1.00	-1.00	-1.00	-1.00	-1.00	-1.00	-1.00	-1.00	-1.00	60	60	1	1	1	1	1	5812581	876	360	576	360	0.00	0.00	300.00	0.00	0	-0.00	-5.00	0.00	0.00	0.00	0.00
11	11	ÄÐ	0	10.00	10.00	0	1	0	0	0	0	0	0	-1	5.00	-1.00	-1.00	-1.00	-1.00	-1.00	-1.00	-1.00	-1.00	-1.00	60	60	1	1	1	1	2	5812621	875	359	576	360	0.00	0.00	299.00	0.00	0	-0.00	-5.00	200.00	-200.00	0.00	0.00
11	11	ÄÐ	0	10.00	10.00	0	1	0	0	0	0	0	0	-1	5.00	-1.00	-1.00	-1.00	-1.00	-1.00	-1.00	-1.00	-1.00	-1.00	60	60	1	1	1	1	3	5812662	875	359	584	351	0.00	0.00	291.11	0.00	0	-0.01	-5.00	200.00	-200.00	0.00	0.00
11	11	ÄÐ	0	10.00	10.00	0	1	0	0	0	0	0	0	-1	5.00	-1.00	-1.00	-1.00	-1.00	-1.00	-1.00	-1.00	-1.00	-1.00	60	60	1	1	1	1	4	5812702	875	359	592	343	0.00	0.00	283.45	0.00	0	-0.01	-5.00	200.00	-200.00	0.00	0.00
11	11	ÄÐ	0	10.00	10.00	0	1	0	0	0	0	0	0	-1	5.00	-1.00	-1.00	-1.00	-1.00	-1.00	-1.00	-1.00	-1.00	-1.00	60	60	1	1	1	1	5	5812742	875	359	600	335	0.00	0.00	276.05	0.00	0	-0.01	-5.00	200.00	-200.00	0.00	0.00
11	11	ÄÐ	0	10.00	10.00	0	1	0	0	0	0	0	0	-1	5.00	-1.00	-1.00	-1.00	-1.00	-1.00	-1.00	-1.00	-1.00	-1.00	60	60	1	1	1	1	6	5812782	875	358	608	327	0.00	0.00	268.79	0.00	0	-0.02	-5.00	0.00	-200.00	0.00	0.00
11	11	ÄÐ	0	10.00	10.00	0	1	0	0	0	0	0	0	-1	5.00	-1.00	-1.00	-1.00	-1.00	-1.00	-1.00	-1.00	-1.00	-1.00	60	60	1	1	1	1	7	5812822	875	358	608	319	0.00	0.00	269.83	0.00	0	-0.02	-5.00	-200.00	-200.00	0.00	0.00
11	11	ÄÐ	0	10.00	10.00	0	1	0	0	0	0	0	0	-1	5.00	-1.00	-1.00	-1.00	-1.00	-1.00	-1.00	-1.00	-1.00	-1.00	60	60	1	1	1	1	8	5812862	875	358	600	311	0.00	0.00	278.99	0.00	0	-0.02	-5.00	-200.00	-200.00	0.00	0.00
11	11	ÄÐ	0	10.00	10.00	0	1	0	0	0	0	0	0	-1	5.00	-1.00	-1.00	-1.00	-1.00	-1.00	-1.00	-1.00	-1.00	-1.00	60	60	1	1	1	1	9	5812902	875	358	592	303	0.00	0.00	288.29	0.00	0	-0.03	-5.00	-200.00	-200.00	0.00	0.00
11	11	ÄÐ	0	10.00	10.00	0	1	0	0	0	0	0	0	-1	5.00	-1.00	-1.00	-1.00	-1.00	-1.00	-1.00	-1.00	-1.00	-1.00	60	60	1	1	1	1	10	5812942	875	358	584	295	0.00	0.00	297.74	0.00	0	-0.03	-5.00	-200.00	-200.00	0.00	0.00
11	11	ÄÐ	0	10.00	10.00	0	1	0	0	0	0	0	0	-1	5.00	-1.00	-1.00	-1.00	-1.00	-1.00	-1.00	-1.00	-1.00	-1.00	60	60	1	1	1	1	11	5812982	875	357	576	287	0.00	0.00	307.08	0.00	0	-0.03	-5.00	-200.00	-200.00	0.00	0.00
11	11	ÄÐ	0	10.00	10.00	0	1	0	0	0	0	0	0	-1	5.00	-1.00	-1.00	-1.00	-1.00	-1.00	-1.00	-1.00	-1.00	-1.00	60	60	1	1	1	1	12	5813023	875	357	568	278	0.00	0.00	317.00	0.00	0	-0.04	-5.00	-200.00	0.00	0.00	0.00
11	11	ÄÐ	0	10.00	10.00	0	1	0	0	0	0	0	0	-1	5.00	-1.00	-1.00	-1.00	-1.00	-1.00	-1.00	-1.00	-1.00	-1.00	60	60	1	1	1	1	13	5813063	875	357	559	278	0.00	0.00	325.73	0.00	0	-0.04	-5.00	-200.00	200.00	0.00	0.00
11	11	ÄÐ	0	10.00	10.00	0	1	0	0	0	0	0	0	-1	5.00	-1.00	-1.00	-1.00	-1.00	-1.00	-1.00	-1.00	-1.00	-1.00	60	60	1	1	1	1	14	5813103	875	357	551	286	0.00	0.00	331.69	0.00	0	-0.04	-5.00	-200.00	200.00	0.00	0.00
11	11	ÄÐ	0	10.00	10.00	0	1	0	0	0	0	0	0	-1	5.00	-1.00	-1.00	-1.00	-1.00	-1.00	-1.00	-1.00	-1.00	-1.00	60	60	1	1	1	1	15	5813144	875	357	543	295	0.00	0.00	337.74	0.00	0	-0.05	-5.00	0.00	0.00	0.00	0.00
11	11	ÄÐ	0	10.00	10.00	0	1	0	0	0	0	0	0	-1	5.00	-1.00	-1.00	-1.00	-1.00	-1.00	-1.00	-1.00	-1.00	-1.00	60	60	1	1	1	1	16	5813184	875	356	543	295	0.00	0.00	337.56	0.00	0	-0.05	-5.00	0.00	0.00	0.00	0.00
11	11	ÄÐ	0	10.00	10.00	0	1	0	0	0	0	0	0	-1	5.00	-1.00	-1.00	-1.00	-1.00	-1.00	-1.00	-1.00	-1.00	-1.00	60	60	1	1	1	1	17	5813225	875	356	543	295	0.00	0.00	337.56	0.00	0	-0.05	-5.00	0.00	0.00	0.00	0.00
