ID	Name	Sex	Session	DistanceError	AngleError	PracMode	ExperMode	Background	Track	Direction	MoveMode	SpeedMode	Pause	PauseNum	Speed	InitSpeed	SpeedMin	SpeedMax	AccelerationMin	AccelerationMax	AngleSpeedMin	AngleSpeedMax	RotateAngleMin	RotateAngleMax	PracTime	ExperTime	PracTimes	ExperTimes	Pra_Test	Trial	PointNum	PointTime	ObjPointX	ObjPointY	PostPointX	PostPointY	ObjRotate	PostRotate	Distance	RotateError	Hit	ObjSpeedX	ObjSpeedY	PostSpeedX	PostSpeedY	ObjRotateSpeed	PostRotateSpeed
11	11	ÄÐ	0	10.00	10.00	0	1	0	0	0	0	0	0	-1	5.00	-1.00	-1.00	-1.00	-1.00	-1.00	-1.00	-1.00	-1.00	-1.00	60	60	1	1	1	1	1	5626215	876	360	576	360	0.00	0.00	300.00	0.00	0	-0.00	-5.00	0.00	0.00	0.00	0.00
11	11	ÄÐ	0	10.00	10.00	0	1	0	0	0	0	0	0	-1	5.00	-1.00	-1.00	-1.00	-1.00	-1.00	-1.00	-1.00	-1.00	-1.00	60	60	1	1	1	1	2	5626255	875	359	576	360	0.00	0.00	299.00	0.00	0	-0.00	-5.00	200.00	0.00	0.00	0.00
11	11	ÄÐ	0	10.00	10.00	0	1	0	0	0	0	0	0	-1	5.00	-1.00	-1.00	-1.00	-1.00	-1.00	-1.00	-1.00	-1.00	-1.00	60	60	1	1	1	1	3	5626295	875	359	584	360	0.00	0.00	291.00	0.00	0	-0.01	-5.00	200.00	0.00	0.00	0.00
11	11	ÄÐ	0	10.00	10.00	0	1	0	0	0	0	0	0	-1	5.00	-1.00	-1.00	-1.00	-1.00	-1.00	-1.00	-1.00	-1.00	-1.00	60	60	1	1	1	1	4	5626335	875	359	592	360	0.00	0.00	283.00	0.00	0	-0.01	-5.00	200.00	0.00	0.00	0.00
11	11	ÄÐ	0	10.00	10.00	0	1	0	0	0	0	0	0	-1	5.00	-1.00	-1.00	-1.00	-1.00	-1.00	-1.00	-1.00	-1.00	-1.00	60	60	1	1	1	1	5	5626375	875	359	600	360	0.00	0.00	275.00	0.00	0	-0.01	-5.00	200.00	0.00	0.00	0.00
11	11	ÄÐ	0	10.00	10.00	0	1	0	0	0	0	0	0	-1	5.00	-1.00	-1.00	-1.00	-1.00	-1.00	-1.00	-1.00	-1.00	-1.00	60	60	1	1	1	1	6	5626415	875	358	608	360	0.00	0.00	267.01	0.00	0	-0.02	-5.00	200.00	0.00	0.00	0.00
11	11	ÄÐ	0	10.00	10.00	0	1	0	0	0	0	0	0	-1	5.00	-1.00	-1.00	-1.00	-1.00	-1.00	-1.00	-1.00	-1.00	-1.00	60	60	1	1	1	1	7	5626455	875	358	616	360	0.00	0.00	259.01	0.00	0	-0.02	-5.00	200.00	0.00	0.00	0.00
11	11	ÄÐ	0	10.00	10.00	0	1	0	0	0	0	0	0	-1	5.00	-1.00	-1.00	-1.00	-1.00	-1.00	-1.00	-1.00	-1.00	-1.00	60	60	1	1	1	1	8	5626495	875	358	624	360	0.00	0.00	251.01	0.00	0	-0.02	-5.00	200.00	0.00	0.00	0.00
11	11	ÄÐ	0	10.00	10.00	0	1	0	0	0	0	0	0	-1	5.00	-1.00	-1.00	-1.00	-1.00	-1.00	-1.00	-1.00	-1.00	-1.00	60	60	1	1	1	1	9	5626535	875	358	632	360	0.00	0.00	243.01	0.00	0	-0.03	-5.00	200.00	0.00	0.00	0.00
11	11	ÄÐ	0	10.00	10.00	0	1	0	0	0	0	0	0	-1	5.00	-1.00	-1.00	-1.00	-1.00	-1.00	-1.00	-1.00	-1.00	-1.00	60	60	1	1	1	1	10	5626575	875	358	640	360	0.00	0.00	235.01	0.00	0	-0.03	-5.00	200.00	200.00	0.00	0.00
11	11	ÄÐ	0	10.00	10.00	0	1	0	0	0	0	0	0	-1	5.00	-1.00	-1.00	-1.00	-1.00	-1.00	-1.00	-1.00	-1.00	-1.00	60	60	1	1	1	1	11	5626616	875	357	648	368	0.00	0.00	227.27	0.00	0	-0.03	-5.00	0.00	0.00	0.00	0.00
11	11	ÄÐ	0	10.00	10.00	0	1	0	0	0	0	0	0	-1	5.00	-1.00	-1.00	-1.00	-1.00	-1.00	-1.00	-1.00	-1.00	-1.00	60	60	1	1	1	1	12	5626656	875	357	648	368	0.00	0.00	227.27	0.00	0	-0.04	-5.00	0.00	0.00	0.00	0.00
11	11	ÄÐ	0	10.00	10.00	0	1	0	0	0	0	0	0	-1	5.00	-1.00	-1.00	-1.00	-1.00	-1.00	-1.00	-1.00	-1.00	-1.00	60	60	1	1	1	1	13	5626697	875	357	648	368	0.00	0.00	227.27	0.00	0	-0.04	-5.00	0.00	0.00	0.00	0.00
11	11	ÄÐ	0	10.00	10.00	0	1	0	0	0	0	0	0	-1	5.00	-1.00	-1.00	-1.00	-1.00	-1.00	-1.00	-1.00	-1.00	-1.00	60	60	1	1	1	1	14	5626738	875	357	648	368	0.00	0.00	227.27	0.00	0	-0.04	-5.00	200.00	0.00	0.00	0.00
11	11	ÄÐ	0	10.00	10.00	0	1	0	0	0	0	0	0	-1	5.00	-1.00	-1.00	-1.00	-1.00	-1.00	-1.00	-1.00	-1.00	-1.00	60	60	1	1	1	1	15	5626778	875	357	656	368	0.00	0.00	219.28	0.00	0	-0.05	-5.00	200.00	0.00	0.00	0.00
11	11	ÄÐ	0	10.00	10.00	0	1	0	0	0	0	0	0	-1	5.00	-1.00	-1.00	-1.00	-1.00	-1.00	-1.00	-1.00	-1.00	-1.00	60	60	1	1	1	1	16	5626818	875	356	665	368	0.00	0.00	210.34	0.00	0	-0.05	-5.00	200.00	0.00	0.00	0.00
11	11	ÄÐ	0	10.00	10.00	0	1	0	0	0	0	0	0	-1	5.00	-1.00	-1.00	-1.00	-1.00	-1.00	-1.00	-1.00	-1.00	-1.00	60	60	1	1	1	1	17	5626858	875	356	673	368	0.00	0.00	202.36	0.00	0	-0.05	-5.00	200.00	0.00	0.00	0.00
11	11	ÄÐ	0	10.00	10.00	0	1	0	0	0	0	0	0	-1	5.00	-1.00	-1.00	-1.00	-1.00	-1.00	-1.00	-1.00	-1.00	-1.00	60	60	1	1	1	1	18	5626898	875	356	681	368	0.00	0.00	194.37	0.00	0	-0.06	-5.00	200.00	-200.00	0.00	0.00
11	11	ÄÐ	0	10.00	10.00	0	1	0	0	0	0	0	0	-1	5.00	-1.00	-1.00	-1.00	-1.00	-1.00	-1.00	-1.00	-1.00	-1.00	60	60	1	1	1	1	19	5626938	875	356	689	360	0.00	0.00	186.04	0.00	0	-0.06	-5.00	0.00	0.00	0.00	0.00
11	11	ÄÐ	0	10.00	10.00	0	1	0	0	0	0	0	0	-1	5.00	-1.00	-1.00	-1.00	-1.00	-1.00	-1.00	-1.00	-1.00	-1.00	60	60	1	1	1	1	20	5626978	875	356	689	360	0.00	0.00	186.04	0.00	0	-0.06	-5.00	0.00	0.00	0.00	0.00
11	11	ÄÐ	0	10.00	10.00	0	1	0	0	0	0	0	0	-1	5.00	-1.00	-1.00	-1.00	-1.00	-1.00	-1.00	-1.00	-1.00	-1.00	60	60	1	1	1	1	21	5627018	875	355	689	360	0.00	0.00	186.07	0.00	0	-0.07	-5.00	0.00	0.00	0.00	0.00
11	11	ÄÐ	0	10.00	10.00	0	1	0	0	0	0	0	0	-1	5.00	-1.00	-1.00	-1.00	-1.00	-1.00	-1.00	-1.00	-1.00	-1.00	60	60	1	1	1	1	22	5627058	875	355	689	360	0.00	0.00	186.07	0.00	0	-0.07	-5.00	0.00	0.00	0.00	0.00
11	11	ÄÐ	0	10.00	10.00	0	1	0	0	0	0	0	0	-1	5.00	-1.00	-1.00	-1.00	-1.00	-1.00	-1.00	-1.00	-1.00	-1.00	60	60	1	1	1	1	23	5627098	875	355	689	360	0.00	0.00	186.07	0.00	0	-0.07	-5.00	0.00	0.00	0.00	0.00
11	11	ÄÐ	0	10.00	10.00	0	1	0	0	0	0	0	0	-1	5.00	-1.00	-1.00	-1.00	-1.00	-1.00	-1.00	-1.00	-1.00	-1.00	60	60	1	1	1	1	24	5627138	875	355	689	360	0.00	0.00	186.07	0.00	0	-0.08	-5.00	0.00	0.00	0.00	0.00
11	11	ÄÐ	0	10.00	10.00	0	1	0	0	0	0	0	0	-1	5.00	-1.00	-1.00	-1.00	-1.00	-1.00	-1.00	-1.00	-1.00	-1.00	60	60	1	1	1	1	25	5627178	875	355	689	360	0.00	0.00	186.07	0.00	0	-0.08	-5.00	0.00	-200.00	0.00	0.00
11	11	ÄÐ	0	10.00	10.00	0	1	0	0	0	0	0	0	-1	5.00	-1.00	-1.00	-1.00	-1.00	-1.00	-1.00	-1.00	-1.00	-1.00	60	60	1	1	1	1	26	5627219	875	354	689	351	0.00	0.00	186.02	0.00	0	-0.08	-5.00	0.00	-200.00	0.00	0.00
11	11	ÄÐ	0	10.00	10.00	0	1	0	0	0	0	0	0	-1	5.00	-1.00	-1.00	-1.00	-1.00	-1.00	-1.00	-1.00	-1.00	-1.00	60	60	1	1	1	1	27	5627259	875	354	689	343	0.00	0.00	186.32	0.00	0	-0.09	-5.00	0.00	-200.00	0.00	0.00
11	11	ÄÐ	0	10.00	10.00	0	1	0	0	0	0	0	0	-1	5.00	-1.00	-1.00	-1.00	-1.00	-1.00	-1.00	-1.00	-1.00	-1.00	60	60	1	1	1	1	28	5627299	875	354	689	335	0.00	0.00	186.97	0.00	0	-0.09	-5.00	0.00	-200.00	0.00	0.00
11	11	ÄÐ	0	10.00	10.00	0	1	0	0	0	0	0	0	-1	5.00	-1.00	-1.00	-1.00	-1.00	-1.00	-1.00	-1.00	-1.00	-1.00	60	60	1	1	1	1	29	5627339	875	354	689	327	0.00	0.00	187.95	0.00	0	-0.09	-5.00	-200.00	-200.00	0.00	0.00
11	11	ÄÐ	0	10.00	10.00	0	1	0	0	0	0	0	0	-1	5.00	-1.00	-1.00	-1.00	-1.00	-1.00	-1.00	-1.00	-1.00	-1.00	60	60	1	1	1	1	30	5627379	875	354	681	319	0.00	0.00	197.13	0.00	0	-0.10	-5.00	-200.00	-200.00	0.00	0.00
11	11	ÄÐ	0	10.00	10.00	0	1	0	0	0	0	0	0	-1	5.00	-1.00	-1.00	-1.00	-1.00	-1.00	-1.00	-1.00	-1.00	-1.00	60	60	1	1	1	1	31	5627419	875	353	673	311	0.00	0.00	206.32	0.00	0	-0.10	-5.00	0.00	0.00	0.00	0.00
11	11	ÄÐ	0	10.00	10.00	0	1	0	0	0	0	0	0	-1	5.00	-1.00	-1.00	-1.00	-1.00	-1.00	-1.00	-1.00	-1.00	-1.00	60	60	1	1	1	1	32	5627459	875	353	673	311	0.00	0.00	206.32	0.00	0	-0.10	-5.00	0.00	0.00	0.00	0.00
11	11	ÄÐ	0	10.00	10.00	0	1	0	0	0	0	0	0	-1	5.00	-1.00	-1.00	-1.00	-1.00	-1.00	-1.00	-1.00	-1.00	-1.00	60	60	1	1	1	1	33	5627499	875	353	673	311	0.00	0.00	206.32	0.00	0	-0.11	-5.00	200.00	200.00	0.00	0.00
11	11	ÄÐ	0	10.00	10.00	0	1	0	0	0	0	0	0	-1	5.00	-1.00	-1.00	-1.00	-1.00	-1.00	-1.00	-1.00	-1.00	-1.00	60	60	1	1	1	1	34	5627539	875	353	681	319	0.00	0.00	196.96	0.00	0	-0.11	-5.00	200.00	200.00	0.00	0.00
11	11	ÄÐ	0	10.00	10.00	0	1	0	0	0	0	0	0	-1	5.00	-1.00	-1.00	-1.00	-1.00	-1.00	-1.00	-1.00	-1.00	-1.00	60	60	1	1	1	1	35	5627580	875	353	689	327	0.00	0.00	187.81	0.00	0	-0.11	-5.00	200.00	0.00	0.00	0.00
11	11	ÄÐ	0	10.00	10.00	0	1	0	0	0	0	0	0	-1	5.00	-1.00	-1.00	-1.00	-1.00	-1.00	-1.00	-1.00	-1.00	-1.00	60	60	1	1	1	1	36	5627621	875	352	697	327	0.00	0.00	179.75	0.00	0	-0.12	-5.00	200.00	0.00	0.00	0.00
11	11	ÄÐ	0	10.00	10.00	0	1	0	0	0	0	0	0	-1	5.00	-1.00	-1.00	-1.00	-1.00	-1.00	-1.00	-1.00	-1.00	-1.00	60	60	1	1	1	1	37	5627661	875	352	705	327	0.00	0.00	171.83	0.00	0	-0.12	-5.00	0.00	-200.00	0.00	0.00
11	11	ÄÐ	0	10.00	10.00	0	1	0	0	0	0	0	0	-1	5.00	-1.00	-1.00	-1.00	-1.00	-1.00	-1.00	-1.00	-1.00	-1.00	60	60	1	1	1	1	38	5627701	875	352	705	319	0.00	0.00	173.17	0.00	0	-0.13	-5.00	0.00	0.00	0.00	0.00
11	11	ÄÐ	0	10.00	10.00	0	1	0	0	0	0	0	0	-1	5.00	-1.00	-1.00	-1.00	-1.00	-1.00	-1.00	-1.00	-1.00	-1.00	60	60	1	1	1	1	39	5627742	875	352	705	319	0.00	0.00	173.17	0.00	0	-0.13	-5.00	0.00	0.00	0.00	0.00
11	11	ÄÐ	0	10.00	10.00	0	1	0	0	0	0	0	0	-1	5.00	-1.00	-1.00	-1.00	-1.00	-1.00	-1.00	-1.00	-1.00	-1.00	60	60	1	1	1	1	40	5627783	875	352	705	319	0.00	0.00	173.17	0.00	0	-0.13	-5.00	0.00	0.00	0.00	0.00
11	11	ÄÐ	0	10.00	10.00	0	1	0	0	0	0	0	0	-1	5.00	-1.00	-1.00	-1.00	-1.00	-1.00	-1.00	-1.00	-1.00	-1.00	60	60	1	1	1	1	41	5627823	875	351	705	319	0.00	0.00	172.99	0.00	0	-0.14	-5.00	0.00	0.00	0.00	0.00
11	11	ÄÐ	0	10.00	10.00	0	1	0	0	0	0	0	0	-1	5.00	-1.00	-1.00	-1.00	-1.00	-1.00	-1.00	-1.00	-1.00	-1.00	60	60	1	1	1	1	42	5627863	875	351	705	319	0.00	0.00	172.99	0.00	0	-0.14	-5.00	0.00	0.00	0.00	0.00
11	11	ÄÐ	0	10.00	10.00	0	1	0	0	0	0	0	0	-1	5.00	-1.00	-1.00	-1.00	-1.00	-1.00	-1.00	-1.00	-1.00	-1.00	60	60	1	1	1	1	43	5627903	875	351	705	319	0.00	0.00	172.99	0.00	0	-0.14	-5.00	0.00	0.00	0.00	0.00
11	11	ÄÐ	0	10.00	10.00	0	1	0	0	0	0	0	0	-1	5.00	-1.00	-1.00	-1.00	-1.00	-1.00	-1.00	-1.00	-1.00	-1.00	60	60	1	1	1	1	44	5627943	875	351	705	319	0.00	0.00	172.99	0.00	0	-0.15	-5.00	0.00	0.00	0.00	0.00
11	11	ÄÐ	0	10.00	10.00	0	1	0	0	0	0	0	0	-1	5.00	-1.00	-1.00	-1.00	-1.00	-1.00	-1.00	-1.00	-1.00	-1.00	60	60	1	1	1	1	45	5627983	875	351	705	319	0.00	0.00	172.99	0.00	0	-0.15	-5.00	0.00	0.00	0.00	0.00
11	11	ÄÐ	0	10.00	10.00	0	1	0	0	0	0	0	0	-1	5.00	-1.00	-1.00	-1.00	-1.00	-1.00	-1.00	-1.00	-1.00	-1.00	60	60	1	1	1	1	46	5628023	875	350	705	319	0.00	0.00	172.80	0.00	0	-0.15	-5.00	0.00	0.00	0.00	0.00
