ID	Name	Sex	Session	DistanceError	AngleError	PracMode	ExperMode	Background	Track	Direction	MoveMode	SpeedMode	Pause	PauseNum	Speed	InitSpeed	SpeedMin	SpeedMax	AccelerationMin	AccelerationMax	AngleSpeedMin	AngleSpeedMax	RotateAngleMin	RotateAngleMax	PracTime	ExperTime	PracTimes	ExperTimes	Pra_Test	Trial	PointNum	PointTime	ObjPointX	ObjPointY	PostPointX	PostPointY	ObjRotate	PostRotate	Distance	RotateError	Hit	ObjSpeedX	ObjSpeedY	PostSpeedX	PostSpeedY	ObjRotateSpeed	PostRotateSpeed
11	11	ÄÐ	0	10.00	10.00	0	1	0	0	0	0	0	0	-1	5.00	-1.00	-1.00	-1.00	-1.00	-1.00	-1.00	-1.00	-1.00	-1.00	60	60	1	1	1	1	1	2668339	876	360	576	360	0.00	0.00	300.00	0.00	0	-0.00	-5.00	0.00	0.00	0.00	0.00
11	11	ÄÐ	0	10.00	10.00	0	1	0	0	0	0	0	0	-1	5.00	-1.00	-1.00	-1.00	-1.00	-1.00	-1.00	-1.00	-1.00	-1.00	60	60	1	1	1	1	2	2668379	875	359	576	360	0.00	0.00	299.00	0.00	0	-0.00	-5.00	200.00	-200.00	0.00	0.00
11	11	ÄÐ	0	10.00	10.00	0	1	0	0	0	0	0	0	-1	5.00	-1.00	-1.00	-1.00	-1.00	-1.00	-1.00	-1.00	-1.00	-1.00	60	60	1	1	1	1	3	2668428	875	359	585	350	0.00	0.00	290.14	0.00	0	-0.01	-5.00	200.00	-200.00	0.00	0.00
11	11	ÄÐ	0	10.00	10.00	0	1	0	0	0	0	0	0	-1	5.00	-1.00	-1.00	-1.00	-1.00	-1.00	-1.00	-1.00	-1.00	-1.00	60	60	1	1	1	1	4	2668478	875	359	596	339	0.00	0.00	279.72	0.00	0	-0.01	-5.00	200.00	-200.00	0.00	0.00
11	11	ÄÐ	0	10.00	10.00	0	1	0	0	0	0	0	0	-1	5.00	-1.00	-1.00	-1.00	-1.00	-1.00	-1.00	-1.00	-1.00	-1.00	60	60	1	1	1	1	5	2668527	875	359	605	330	0.00	0.00	271.55	0.00	0	-0.02	-5.00	200.00	-200.00	0.00	0.00
11	11	ÄÐ	0	10.00	10.00	0	1	0	0	0	0	0	0	-1	5.00	-1.00	-1.00	-1.00	-1.00	-1.00	-1.00	-1.00	-1.00	-1.00	60	60	1	1	1	1	6	2668567	875	358	613	322	0.00	0.00	264.46	0.00	0	-0.02	-5.00	200.00	-200.00	0.00	0.00
11	11	ÄÐ	0	10.00	10.00	0	1	0	0	0	0	0	0	-1	5.00	-1.00	-1.00	-1.00	-1.00	-1.00	-1.00	-1.00	-1.00	-1.00	60	60	1	1	1	1	7	2668617	875	358	623	312	0.00	0.00	256.16	0.00	0	-0.02	-5.00	200.00	-200.00	0.00	0.00
11	11	ÄÐ	0	10.00	10.00	0	1	0	0	0	0	0	0	-1	5.00	-1.00	-1.00	-1.00	-1.00	-1.00	-1.00	-1.00	-1.00	-1.00	60	60	1	1	1	1	8	2668666	875	358	633	302	0.00	0.00	248.39	0.00	0	-0.03	-5.00	200.00	-200.00	0.00	0.00
11	11	ÄÐ	0	10.00	10.00	0	1	0	0	0	0	0	0	-1	5.00	-1.00	-1.00	-1.00	-1.00	-1.00	-1.00	-1.00	-1.00	-1.00	60	60	1	1	1	1	9	2668706	875	358	641	294	0.00	0.00	242.59	0.00	0	-0.03	-5.00	200.00	-200.00	0.00	0.00
11	11	ÄÐ	0	10.00	10.00	0	1	0	0	0	0	0	0	-1	5.00	-1.00	-1.00	-1.00	-1.00	-1.00	-1.00	-1.00	-1.00	-1.00	60	60	1	1	1	1	10	2668746	875	357	649	286	0.00	0.00	236.89	0.00	0	-0.03	-5.00	200.00	-200.00	0.00	0.00
11	11	ÄÐ	0	10.00	10.00	0	1	0	0	0	0	0	0	-1	5.00	-1.00	-1.00	-1.00	-1.00	-1.00	-1.00	-1.00	-1.00	-1.00	60	60	1	1	1	1	11	2668786	875	357	657	278	0.00	0.00	231.87	0.00	0	-0.04	-5.00	0.00	-200.00	0.00	0.00
11	11	ÄÐ	0	10.00	10.00	0	1	0	0	0	0	0	0	-1	5.00	-1.00	-1.00	-1.00	-1.00	-1.00	-1.00	-1.00	-1.00	-1.00	60	60	1	1	1	1	12	2668836	875	357	657	267	0.00	0.00	235.85	0.00	0	-0.04	-5.00	0.00	0.00	0.00	0.00
11	11	ÄÐ	0	10.00	10.00	0	1	0	0	0	0	0	0	-1	5.00	-1.00	-1.00	-1.00	-1.00	-1.00	-1.00	-1.00	-1.00	-1.00	60	60	1	1	1	1	13	2668885	875	357	657	267	0.00	0.00	235.85	0.00	0	-0.05	-5.00	0.00	0.00	0.00	0.00
11	11	ÄÐ	0	10.00	10.00	0	1	0	0	0	0	0	0	-1	5.00	-1.00	-1.00	-1.00	-1.00	-1.00	-1.00	-1.00	-1.00	-1.00	60	60	1	1	1	1	14	2668925	875	357	657	267	0.00	0.00	235.85	0.00	0	-0.05	-5.00	0.00	0.00	0.00	0.00
11	11	ÄÐ	0	10.00	10.00	0	1	0	0	0	0	0	0	-1	5.00	-1.00	-1.00	-1.00	-1.00	-1.00	-1.00	-1.00	-1.00	-1.00	60	60	1	1	1	1	15	2668975	875	356	657	267	0.00	0.00	235.47	0.00	0	-0.05	-5.00	0.00	0.00	0.00	0.00
11	11	ÄÐ	0	10.00	10.00	0	1	0	0	0	0	0	0	-1	5.00	-1.00	-1.00	-1.00	-1.00	-1.00	-1.00	-1.00	-1.00	-1.00	60	60	1	1	1	1	16	2669024	875	356	657	267	0.00	0.00	235.47	0.00	0	-0.06	-5.00	0.00	0.00	0.00	0.00
11	11	ÄÐ	0	10.00	10.00	0	1	0	0	0	0	0	0	-1	5.00	-1.00	-1.00	-1.00	-1.00	-1.00	-1.00	-1.00	-1.00	-1.00	60	60	1	1	1	1	17	2669064	875	356	657	267	0.00	0.00	235.47	0.00	0	-0.06	-5.00	0.00	0.00	0.00	0.00
11	11	ÄÐ	0	10.00	10.00	0	1	0	0	0	0	0	0	-1	5.00	-1.00	-1.00	-1.00	-1.00	-1.00	-1.00	-1.00	-1.00	-1.00	60	60	1	1	1	1	18	2669114	875	356	657	267	0.00	0.00	235.47	0.00	0	-0.07	-5.00	0.00	0.00	0.00	0.00
11	11	ÄÐ	0	10.00	10.00	0	1	0	0	0	0	0	0	-1	5.00	-1.00	-1.00	-1.00	-1.00	-1.00	-1.00	-1.00	-1.00	-1.00	60	60	1	1	1	1	19	2669154	875	355	657	267	0.00	0.00	235.09	0.00	0	-0.07	-5.00	0.00	0.00	0.00	0.00
11	11	ÄÐ	0	10.00	10.00	0	1	0	0	0	0	0	0	-1	5.00	-1.00	-1.00	-1.00	-1.00	-1.00	-1.00	-1.00	-1.00	-1.00	60	60	1	1	1	1	20	2669203	875	355	657	267	0.00	0.00	235.09	0.00	0	-0.07	-5.00	0.00	0.00	0.00	0.00
11	11	ÄÐ	0	10.00	10.00	0	1	0	0	0	0	0	0	-1	5.00	-1.00	-1.00	-1.00	-1.00	-1.00	-1.00	-1.00	-1.00	-1.00	60	60	1	1	1	1	21	2669253	875	355	657	267	0.00	0.00	235.09	0.00	0	-0.08	-5.00	0.00	0.00	0.00	0.00
11	11	ÄÐ	0	10.00	10.00	0	1	0	0	0	0	0	0	-1	5.00	-1.00	-1.00	-1.00	-1.00	-1.00	-1.00	-1.00	-1.00	-1.00	60	60	1	1	1	1	22	2669302	875	355	657	267	0.00	0.00	235.09	0.00	0	-0.08	-5.00	0.00	0.00	0.00	0.00
11	11	ÄÐ	0	10.00	10.00	0	1	0	0	0	0	0	0	-1	5.00	-1.00	-1.00	-1.00	-1.00	-1.00	-1.00	-1.00	-1.00	-1.00	60	60	1	1	1	1	23	2669342	875	354	657	267	0.00	0.00	234.72	0.00	0	-0.08	-5.00	0.00	0.00	0.00	0.00
11	11	ÄÐ	0	10.00	10.00	0	1	0	0	0	0	0	0	-1	5.00	-1.00	-1.00	-1.00	-1.00	-1.00	-1.00	-1.00	-1.00	-1.00	60	60	1	1	1	1	24	2669392	875	354	657	267	0.00	0.00	234.72	0.00	0	-0.09	-5.00	0.00	0.00	0.00	0.00
11	11	ÄÐ	0	10.00	10.00	0	1	0	0	0	0	0	0	-1	5.00	-1.00	-1.00	-1.00	-1.00	-1.00	-1.00	-1.00	-1.00	-1.00	60	60	1	1	1	1	25	2669432	875	354	657	267	0.00	0.00	234.72	0.00	0	-0.09	-5.00	0.00	0.00	0.00	0.00
11	11	ÄÐ	0	10.00	10.00	0	1	0	0	0	0	0	0	-1	5.00	-1.00	-1.00	-1.00	-1.00	-1.00	-1.00	-1.00	-1.00	-1.00	60	60	1	1	1	1	26	2669481	875	354	657	267	0.00	0.00	234.72	0.00	0	-0.10	-5.00	0.00	0.00	0.00	0.00
11	11	ÄÐ	0	10.00	10.00	0	1	0	0	0	0	0	0	-1	5.00	-1.00	-1.00	-1.00	-1.00	-1.00	-1.00	-1.00	-1.00	-1.00	60	60	1	1	1	1	27	2669521	875	354	657	267	0.00	0.00	234.72	0.00	0	-0.10	-5.00	0.00	0.00	0.00	0.00
11	11	ÄÐ	0	10.00	10.00	0	1	0	0	0	0	0	0	-1	5.00	-1.00	-1.00	-1.00	-1.00	-1.00	-1.00	-1.00	-1.00	-1.00	60	60	1	1	1	1	28	2669571	875	353	657	267	0.00	0.00	234.35	0.00	0	-0.10	-5.00	0.00	0.00	0.00	0.00
11	11	ÄÐ	0	10.00	10.00	0	1	0	0	0	0	0	0	-1	5.00	-1.00	-1.00	-1.00	-1.00	-1.00	-1.00	-1.00	-1.00	-1.00	60	60	1	1	1	1	29	2669620	875	353	657	267	0.00	0.00	234.35	0.00	0	-0.11	-5.00	0.00	0.00	0.00	0.00
11	11	ÄÐ	0	10.00	10.00	0	1	0	0	0	0	0	0	-1	5.00	-1.00	-1.00	-1.00	-1.00	-1.00	-1.00	-1.00	-1.00	-1.00	60	60	1	1	1	1	30	2669670	875	353	657	267	0.00	0.00	234.35	0.00	0	-0.11	-5.00	0.00	0.00	0.00	0.00
11	11	ÄÐ	0	10.00	10.00	0	1	0	0	0	0	0	0	-1	5.00	-1.00	-1.00	-1.00	-1.00	-1.00	-1.00	-1.00	-1.00	-1.00	60	60	1	1	1	1	31	2669719	875	353	657	267	0.00	0.00	234.35	0.00	0	-0.12	-5.00	0.00	0.00	0.00	0.00
11	11	ÄÐ	0	10.00	10.00	0	1	0	0	0	0	0	0	-1	5.00	-1.00	-1.00	-1.00	-1.00	-1.00	-1.00	-1.00	-1.00	-1.00	60	60	1	1	1	1	32	2669759	875	352	657	267	0.00	0.00	233.99	0.00	0	-0.12	-5.00	0.00	0.00	0.00	0.00
11	11	ÄÐ	0	10.00	10.00	0	1	0	0	0	0	0	0	-1	5.00	-1.00	-1.00	-1.00	-1.00	-1.00	-1.00	-1.00	-1.00	-1.00	60	60	1	1	1	1	33	2669809	875	352	657	267	0.00	0.00	233.99	0.00	0	-0.12	-5.00	0.00	0.00	0.00	0.00
11	11	ÄÐ	0	10.00	10.00	0	1	0	0	0	0	0	0	-1	5.00	-1.00	-1.00	-1.00	-1.00	-1.00	-1.00	-1.00	-1.00	-1.00	60	60	1	1	1	1	34	2669849	875	352	657	267	0.00	0.00	233.99	0.00	0	-0.13	-5.00	0.00	0.00	0.00	0.00
11	11	ÄÐ	0	10.00	10.00	0	1	0	0	0	0	0	0	-1	5.00	-1.00	-1.00	-1.00	-1.00	-1.00	-1.00	-1.00	-1.00	-1.00	60	60	1	1	1	1	35	2669889	875	352	657	267	0.00	0.00	233.99	0.00	0	-0.13	-5.00	0.00	0.00	0.00	0.00
11	11	ÄÐ	0	10.00	10.00	0	1	0	0	0	0	0	0	-1	5.00	-1.00	-1.00	-1.00	-1.00	-1.00	-1.00	-1.00	-1.00	-1.00	60	60	1	1	1	1	36	2669938	875	351	657	267	0.00	0.00	233.62	0.00	0	-0.13	-5.00	0.00	0.00	0.00	0.00
11	11	ÄÐ	0	10.00	10.00	0	1	0	0	0	0	0	0	-1	5.00	-1.00	-1.00	-1.00	-1.00	-1.00	-1.00	-1.00	-1.00	-1.00	60	60	1	1	1	1	37	2669978	875	351	657	267	0.00	0.00	233.62	0.00	0	-0.14	-5.00	0.00	0.00	0.00	0.00
11	11	ÄÐ	0	10.00	10.00	0	1	0	0	0	0	0	0	-1	5.00	-1.00	-1.00	-1.00	-1.00	-1.00	-1.00	-1.00	-1.00	-1.00	60	60	1	1	1	1	38	2670018	875	351	657	267	0.00	0.00	233.62	0.00	0	-0.14	-5.00	0.00	0.00	0.00	0.00
11	11	ÄÐ	0	10.00	10.00	0	1	0	0	0	0	0	0	-1	5.00	-1.00	-1.00	-1.00	-1.00	-1.00	-1.00	-1.00	-1.00	-1.00	60	60	1	1	1	1	39	2670068	875	351	657	267	0.00	0.00	233.62	0.00	0	-0.15	-5.00	0.00	0.00	0.00	0.00
11	11	ÄÐ	0	10.00	10.00	0	1	0	0	0	0	0	0	-1	5.00	-1.00	-1.00	-1.00	-1.00	-1.00	-1.00	-1.00	-1.00	-1.00	60	60	1	1	1	1	40	2670117	875	351	657	267	0.00	0.00	233.62	0.00	0	-0.15	-5.00	0.00	0.00	0.00	0.00
11	11	ÄÐ	0	10.00	10.00	0	1	0	0	0	0	0	0	-1	5.00	-1.00	-1.00	-1.00	-1.00	-1.00	-1.00	-1.00	-1.00	-1.00	60	60	1	1	1	1	41	2670167	875	350	657	267	0.00	0.00	233.27	0.00	0	-0.15	-5.00	0.00	0.00	0.00	0.00
11	11	ÄÐ	0	10.00	10.00	0	1	0	0	0	0	0	0	-1	5.00	-1.00	-1.00	-1.00	-1.00	-1.00	-1.00	-1.00	-1.00	-1.00	60	60	1	1	1	1	42	2670216	875	350	657	267	0.00	0.00	233.27	0.00	0	-0.16	-5.00	0.00	0.00	0.00	0.00
11	11	ÄÐ	0	10.00	10.00	0	1	0	0	0	0	0	0	-1	5.00	-1.00	-1.00	-1.00	-1.00	-1.00	-1.00	-1.00	-1.00	-1.00	60	60	1	1	1	1	43	2670265	875	350	657	267	0.00	0.00	233.27	0.00	0	-0.16	-5.00	0.00	0.00	0.00	0.00
11	11	ÄÐ	0	10.00	10.00	0	1	0	0	0	0	0	0	-1	5.00	-1.00	-1.00	-1.00	-1.00	-1.00	-1.00	-1.00	-1.00	-1.00	60	60	1	1	1	1	44	2670305	875	350	657	267	0.00	0.00	233.27	0.00	0	-0.17	-5.00	0.00	0.00	0.00	0.00
11	11	ÄÐ	0	10.00	10.00	0	1	0	0	0	0	0	0	-1	5.00	-1.00	-1.00	-1.00	-1.00	-1.00	-1.00	-1.00	-1.00	-1.00	60	60	1	1	1	1	45	2670345	875	349	657	267	0.00	0.00	232.91	0.00	0	-0.17	-5.00	0.00	0.00	0.00	0.00
11	11	ÄÐ	0	10.00	10.00	0	1	0	0	0	0	0	0	-1	5.00	-1.00	-1.00	-1.00	-1.00	-1.00	-1.00	-1.00	-1.00	-1.00	60	60	1	1	1	1	46	2670385	875	349	657	267	0.00	0.00	232.91	0.00	0	-0.17	-5.00	0.00	0.00	0.00	0.00
11	11	ÄÐ	0	10.00	10.00	0	1	0	0	0	0	0	0	-1	5.00	-1.00	-1.00	-1.00	-1.00	-1.00	-1.00	-1.00	-1.00	-1.00	60	60	1	1	1	1	47	2670434	875	349	657	267	0.00	0.00	232.91	0.00	0	-0.18	-5.00	0.00	0.00	0.00	0.00
11	11	ÄÐ	0	10.00	10.00	0	1	0	0	0	0	0	0	-1	5.00	-1.00	-1.00	-1.00	-1.00	-1.00	-1.00	-1.00	-1.00	-1.00	60	60	1	1	1	1	48	2670474	875	349	657	267	0.00	0.00	232.91	0.00	0	-0.18	-5.00	0.00	0.00	0.00	0.00
11	11	ÄÐ	0	10.00	10.00	0	1	0	0	0	0	0	0	-1	5.00	-1.00	-1.00	-1.00	-1.00	-1.00	-1.00	-1.00	-1.00	-1.00	60	60	1	1	1	1	49	2670514	875	349	657	267	0.00	0.00	232.91	0.00	0	-0.18	-5.00	0.00	0.00	0.00	0.00
11	11	ÄÐ	0	10.00	10.00	0	1	0	0	0	0	0	0	-1	5.00	-1.00	-1.00	-1.00	-1.00	-1.00	-1.00	-1.00	-1.00	-1.00	60	60	1	1	1	1	50	2670554	875	348	657	267	0.00	0.00	232.56	0.00	0	-0.19	-5.00	0.00	0.00	0.00	0.00
11	11	ÄÐ	0	10.00	10.00	0	1	0	0	0	0	0	0	-1	5.00	-1.00	-1.00	-1.00	-1.00	-1.00	-1.00	-1.00	-1.00	-1.00	60	60	1	1	1	1	51	2670603	875	348	657	267	0.00	0.00	232.56	0.00	0	-0.19	-5.00	0.00	0.00	0.00	0.00
11	11	ÄÐ	0	10.00	10.00	0	1	0	0	0	0	0	0	-1	5.00	-1.00	-1.00	-1.00	-1.00	-1.00	-1.00	-1.00	-1.00	-1.00	60	60	1	1	1	1	52	2670643	875	348	657	267	0.00	0.00	232.56	0.00	0	-0.19	-5.00	0.00	0.00	0.00	0.00
11	11	ÄÐ	0	10.00	10.00	0	1	0	0	0	0	0	0	-1	5.00	-1.00	-1.00	-1.00	-1.00	-1.00	-1.00	-1.00	-1.00	-1.00	60	60	1	1	1	1	53	2670692	875	348	657	267	0.00	0.00	232.56	0.00	0	-0.20	-5.00	0.00	0.00	0.00	0.00
11	11	ÄÐ	0	10.00	10.00	0	1	0	0	0	0	0	0	-1	5.00	-1.00	-1.00	-1.00	-1.00	-1.00	-1.00	-1.00	-1.00	-1.00	60	60	1	1	1	1	54	2670742	875	347	657	267	0.00	0.00	232.22	0.00	0	-0.20	-5.00	0.00	0.00	0.00	0.00
11	11	ÄÐ	0	10.00	10.00	0	1	0	0	0	0	0	0	-1	5.00	-1.00	-1.00	-1.00	-1.00	-1.00	-1.00	-1.00	-1.00	-1.00	60	60	1	1	1	1	55	2670782	875	347	657	267	0.00	0.00	232.22	0.00	0	-0.20	-5.00	0.00	0.00	0.00	0.00
11	11	ÄÐ	0	10.00	10.00	0	1	0	0	0	0	0	0	-1	5.00	-1.00	-1.00	-1.00	-1.00	-1.00	-1.00	-1.00	-1.00	-1.00	60	60	1	1	1	1	56	2670831	875	347	657	267	0.00	0.00	232.22	0.00	0	-0.21	-5.00	0.00	0.00	0.00	0.00
11	11	ÄÐ	0	10.00	10.00	0	1	0	0	0	0	0	0	-1	5.00	-1.00	-1.00	-1.00	-1.00	-1.00	-1.00	-1.00	-1.00	-1.00	60	60	1	1	1	1	57	2670881	875	347	657	267	0.00	0.00	232.22	0.00	0	-0.21	-5.00	0.00	0.00	0.00	0.00
11	11	ÄÐ	0	10.00	10.00	0	1	0	0	0	0	0	0	-1	5.00	-1.00	-1.00	-1.00	-1.00	-1.00	-1.00	-1.00	-1.00	-1.00	60	60	1	1	1	1	58	2670921	875	347	657	267	0.00	0.00	232.22	0.00	0	-0.22	-5.00	0.00	0.00	0.00	0.00
11	11	ÄÐ	0	10.00	10.00	0	1	0	0	0	0	0	0	-1	5.00	-1.00	-1.00	-1.00	-1.00	-1.00	-1.00	-1.00	-1.00	-1.00	60	60	1	1	1	1	59	2670961	875	346	657	267	0.00	0.00	231.87	0.00	0	-0.22	-5.00	0.00	0.00	0.00	0.00
11	11	ÄÐ	0	10.00	10.00	0	1	0	0	0	0	0	0	-1	5.00	-1.00	-1.00	-1.00	-1.00	-1.00	-1.00	-1.00	-1.00	-1.00	60	60	1	1	1	1	60	2671010	875	346	657	267	0.00	0.00	231.87	0.00	0	-0.22	-4.99	0.00	0.00	0.00	0.00
11	11	ÄÐ	0	10.00	10.00	0	1	0	0	0	0	0	0	-1	5.00	-1.00	-1.00	-1.00	-1.00	-1.00	-1.00	-1.00	-1.00	-1.00	60	60	1	1	1	1	61	2671050	875	346	657	267	0.00	0.00	231.87	0.00	0	-0.23	-4.99	0.00	0.00	0.00	0.00
11	11	ÄÐ	0	10.00	10.00	0	1	0	0	0	0	0	0	-1	5.00	-1.00	-1.00	-1.00	-1.00	-1.00	-1.00	-1.00	-1.00	-1.00	60	60	1	1	1	1	62	2671090	875	346	657	267	0.00	0.00	231.87	0.00	0	-0.23	-4.99	0.00	0.00	0.00	0.00
11	11	ÄÐ	0	10.00	10.00	0	1	0	0	0	0	0	0	-1	5.00	-1.00	-1.00	-1.00	-1.00	-1.00	-1.00	-1.00	-1.00	-1.00	60	60	1	1	1	1	63	2671139	875	345	657	267	0.00	0.00	231.53	0.00	0	-0.23	-4.99	0.00	0.00	0.00	0.00
11	11	ÄÐ	0	10.00	10.00	0	1	0	0	0	0	0	0	-1	5.00	-1.00	-1.00	-1.00	-1.00	-1.00	-1.00	-1.00	-1.00	-1.00	60	60	1	1	1	1	64	2671179	875	345	657	267	0.00	0.00	231.53	0.00	0	-0.24	-4.99	0.00	0.00	0.00	0.00
11	11	ÄÐ	0	10.00	10.00	0	1	0	0	0	0	0	0	-1	5.00	-1.00	-1.00	-1.00	-1.00	-1.00	-1.00	-1.00	-1.00	-1.00	60	60	1	1	1	1	65	2671228	875	345	657	267	0.00	0.00	231.53	0.00	0	-0.24	-4.99	0.00	0.00	0.00	0.00
11	11	ÄÐ	0	10.00	10.00	0	1	0	0	0	0	0	0	-1	5.00	-1.00	-1.00	-1.00	-1.00	-1.00	-1.00	-1.00	-1.00	-1.00	60	60	1	1	1	1	66	2671268	875	345	657	267	0.00	0.00	231.53	0.00	0	-0.25	-4.99	0.00	0.00	0.00	0.00
11	11	ÄÐ	0	10.00	10.00	0	1	0	0	0	0	0	0	-1	5.00	-1.00	-1.00	-1.00	-1.00	-1.00	-1.00	-1.00	-1.00	-1.00	60	60	1	1	1	1	67	2671318	875	345	657	267	0.00	0.00	231.53	0.00	0	-0.25	-4.99	0.00	0.00	0.00	0.00
11	11	ÄÐ	0	10.00	10.00	0	1	0	0	0	0	0	0	-1	5.00	-1.00	-1.00	-1.00	-1.00	-1.00	-1.00	-1.00	-1.00	-1.00	60	60	1	1	1	1	68	2671358	875	344	657	267	0.00	0.00	231.20	0.00	0	-0.25	-4.99	0.00	0.00	0.00	0.00
11	11	ÄÐ	0	10.00	10.00	0	1	0	0	0	0	0	0	-1	5.00	-1.00	-1.00	-1.00	-1.00	-1.00	-1.00	-1.00	-1.00	-1.00	60	60	1	1	1	1	69	2671407	875	344	657	267	0.00	0.00	231.20	0.00	0	-0.26	-4.99	0.00	0.00	0.00	0.00
11	11	ÄÐ	0	10.00	10.00	0	1	0	0	0	0	0	0	-1	5.00	-1.00	-1.00	-1.00	-1.00	-1.00	-1.00	-1.00	-1.00	-1.00	60	60	1	1	1	1	70	2671447	875	344	657	267	0.00	0.00	231.20	0.00	0	-0.26	-4.99	0.00	0.00	0.00	0.00
11	11	ÄÐ	0	10.00	10.00	0	1	0	0	0	0	0	0	-1	5.00	-1.00	-1.00	-1.00	-1.00	-1.00	-1.00	-1.00	-1.00	-1.00	60	60	1	1	1	1	71	2671497	875	344	657	267	0.00	0.00	231.20	0.00	0	-0.26	-4.99	0.00	0.00	0.00	0.00
11	11	ÄÐ	0	10.00	10.00	0	1	0	0	0	0	0	0	-1	5.00	-1.00	-1.00	-1.00	-1.00	-1.00	-1.00	-1.00	-1.00	-1.00	60	60	1	1	1	1	72	2671546	875	343	657	267	0.00	0.00	230.87	0.00	0	-0.27	-4.99	0.00	0.00	0.00	0.00
11	11	ÄÐ	0	10.00	10.00	0	1	0	0	0	0	0	0	-1	5.00	-1.00	-1.00	-1.00	-1.00	-1.00	-1.00	-1.00	-1.00	-1.00	60	60	1	1	1	1	73	2671596	875	343	657	267	0.00	0.00	230.87	0.00	0	-0.27	-4.99	0.00	0.00	0.00	0.00
11	11	ÄÐ	0	10.00	10.00	0	1	0	0	0	0	0	0	-1	5.00	-1.00	-1.00	-1.00	-1.00	-1.00	-1.00	-1.00	-1.00	-1.00	60	60	1	1	1	1	74	2671645	875	343	657	267	0.00	0.00	230.87	0.00	0	-0.28	-4.99	0.00	0.00	0.00	0.00
11	11	ÄÐ	0	10.00	10.00	0	1	0	0	0	0	0	0	-1	5.00	-1.00	-1.00	-1.00	-1.00	-1.00	-1.00	-1.00	-1.00	-1.00	60	60	1	1	1	1	75	2671695	875	343	657	267	0.00	0.00	230.87	0.00	0	-0.28	-4.99	0.00	0.00	0.00	0.00
11	11	ÄÐ	0	10.00	10.00	0	1	0	0	0	0	0	0	-1	5.00	-1.00	-1.00	-1.00	-1.00	-1.00	-1.00	-1.00	-1.00	-1.00	60	60	1	1	1	1	76	2671735	875	342	657	267	0.00	0.00	230.54	0.00	0	-0.28	-4.99	0.00	0.00	0.00	0.00
11	11	ÄÐ	0	10.00	10.00	0	1	0	0	0	0	0	0	-1	5.00	-1.00	-1.00	-1.00	-1.00	-1.00	-1.00	-1.00	-1.00	-1.00	60	60	1	1	1	1	77	2671784	875	342	657	267	0.00	0.00	230.54	0.00	0	-0.29	-4.99	0.00	0.00	0.00	0.00
11	11	ÄÐ	0	10.00	10.00	0	1	0	0	0	0	0	0	-1	5.00	-1.00	-1.00	-1.00	-1.00	-1.00	-1.00	-1.00	-1.00	-1.00	60	60	1	1	1	1	78	2671834	875	342	657	267	0.00	0.00	230.54	0.00	0	-0.29	-4.99	-200.00	0.00	0.00	0.00
11	11	ÄÐ	0	10.00	10.00	0	1	0	0	0	0	0	0	-1	5.00	-1.00	-1.00	-1.00	-1.00	-1.00	-1.00	-1.00	-1.00	-1.00	60	60	1	1	1	1	79	2671883	875	342	648	267	0.00	0.00	239.07	0.00	0	-0.30	-4.99	-200.00	-200.00	0.00	0.00
11	11	ÄÐ	0	10.00	10.00	0	1	0	0	0	0	0	0	-1	5.00	-1.00	-1.00	-1.00	-1.00	-1.00	-1.00	-1.00	-1.00	-1.00	60	60	1	1	1	1	80	2671933	875	341	637	257	0.00	0.00	252.39	0.00	0	-0.30	-4.99	-200.00	-200.00	0.00	0.00
11	11	ÄÐ	0	10.00	10.00	0	1	0	0	0	0	0	0	-1	5.00	-1.00	-1.00	-1.00	-1.00	-1.00	-1.00	-1.00	-1.00	-1.00	60	60	1	1	1	1	81	2671982	875	341	627	247	0.00	0.00	265.22	0.00	0	-0.31	-4.99	-200.00	-200.00	0.00	0.00
11	11	ÄÐ	0	10.00	10.00	0	1	0	0	0	0	0	0	-1	5.00	-1.00	-1.00	-1.00	-1.00	-1.00	-1.00	-1.00	-1.00	-1.00	60	60	1	1	1	1	82	2672032	875	341	617	237	0.00	0.00	278.17	0.00	0	-0.31	-4.99	-200.00	-200.00	0.00	0.00
11	11	ÄÐ	0	10.00	10.00	0	1	0	0	0	0	0	0	-1	5.00	-1.00	-1.00	-1.00	-1.00	-1.00	-1.00	-1.00	-1.00	-1.00	60	60	1	1	1	1	83	2672072	875	341	609	229	0.00	0.00	288.62	0.00	0	-0.31	-4.99	-200.00	-200.00	0.00	0.00
11	11	ÄÐ	0	10.00	10.00	0	1	0	0	0	0	0	0	-1	5.00	-1.00	-1.00	-1.00	-1.00	-1.00	-1.00	-1.00	-1.00	-1.00	60	60	1	1	1	1	84	2672112	875	341	601	221	0.00	0.00	299.13	0.00	0	-0.32	-4.99	-200.00	-200.00	0.00	0.00
11	11	ÄÐ	0	10.00	10.00	0	1	0	0	0	0	0	0	-1	5.00	-1.00	-1.00	-1.00	-1.00	-1.00	-1.00	-1.00	-1.00	-1.00	60	60	1	1	1	1	85	2672152	875	340	593	213	0.00	0.00	309.28	0.00	0	-0.32	-4.99	-200.00	-200.00	0.00	0.00
11	11	ÄÐ	0	10.00	10.00	0	1	0	0	0	0	0	0	-1	5.00	-1.00	-1.00	-1.00	-1.00	-1.00	-1.00	-1.00	-1.00	-1.00	60	60	1	1	1	1	86	2672192	875	340	585	205	0.00	0.00	319.88	0.00	0	-0.32	-4.99	-200.00	0.00	0.00	0.00
11	11	ÄÐ	0	10.00	10.00	0	1	0	0	0	0	0	0	-1	5.00	-1.00	-1.00	-1.00	-1.00	-1.00	-1.00	-1.00	-1.00	-1.00	60	60	1	1	1	1	87	2672241	875	340	576	205	0.00	0.00	328.06	0.00	0	-0.33	-4.99	-200.00	0.00	0.00	0.00
11	11	ÄÐ	0	10.00	10.00	0	1	0	0	0	0	0	0	-1	5.00	-1.00	-1.00	-1.00	-1.00	-1.00	-1.00	-1.00	-1.00	-1.00	60	60	1	1	1	1	88	2672281	875	340	568	205	0.00	0.00	335.37	0.00	0	-0.33	-4.99	-200.00	200.00	0.00	0.00
11	11	ÄÐ	0	10.00	10.00	0	1	0	0	0	0	0	0	-1	5.00	-1.00	-1.00	-1.00	-1.00	-1.00	-1.00	-1.00	-1.00	-1.00	60	60	1	1	1	1	89	2672321	875	339	560	213	0.00	0.00	339.27	0.00	0	-0.33	-4.99	-200.00	200.00	0.00	0.00
11	11	ÄÐ	0	10.00	10.00	0	1	0	0	0	0	0	0	-1	5.00	-1.00	-1.00	-1.00	-1.00	-1.00	-1.00	-1.00	-1.00	-1.00	60	60	1	1	1	1	90	2672371	875	339	550	223	0.00	0.00	345.08	0.00	0	-0.34	-4.99	-200.00	200.00	0.00	0.00
11	11	ÄÐ	0	10.00	10.00	0	1	0	0	0	0	0	0	-1	5.00	-1.00	-1.00	-1.00	-1.00	-1.00	-1.00	-1.00	-1.00	-1.00	60	60	1	1	1	1	91	2672411	875	339	541	231	0.00	0.00	351.03	0.00	0	-0.34	-4.99	0.00	200.00	0.00	0.00
11	11	ÄÐ	0	10.00	10.00	0	1	0	0	0	0	0	0	-1	5.00	-1.00	-1.00	-1.00	-1.00	-1.00	-1.00	-1.00	-1.00	-1.00	60	60	1	1	1	1	92	2672451	875	339	541	240	0.00	0.00	348.36	0.00	0	-0.34	-4.99	200.00	200.00	0.00	0.00
11	11	ÄÐ	0	10.00	10.00	0	1	0	0	0	0	0	0	-1	5.00	-1.00	-1.00	-1.00	-1.00	-1.00	-1.00	-1.00	-1.00	-1.00	60	60	1	1	1	1	93	2672500	875	339	551	249	0.00	0.00	336.27	0.00	0	-0.35	-4.99	200.00	0.00	0.00	0.00
11	11	ÄÐ	0	10.00	10.00	0	1	0	0	0	0	0	0	-1	5.00	-1.00	-1.00	-1.00	-1.00	-1.00	-1.00	-1.00	-1.00	-1.00	60	60	1	1	1	1	94	2672550	875	338	561	249	0.00	0.00	326.37	0.00	0	-0.35	-4.99	200.00	0.00	0.00	0.00
11	11	ÄÐ	0	10.00	10.00	0	1	0	0	0	0	0	0	-1	5.00	-1.00	-1.00	-1.00	-1.00	-1.00	-1.00	-1.00	-1.00	-1.00	60	60	1	1	1	1	95	2672590	875	338	569	249	0.00	0.00	318.68	0.00	0	-0.36	-4.99	200.00	0.00	0.00	0.00
11	11	ÄÐ	0	10.00	10.00	0	1	0	0	0	0	0	0	-1	5.00	-1.00	-1.00	-1.00	-1.00	-1.00	-1.00	-1.00	-1.00	-1.00	60	60	1	1	1	1	96	2672630	875	338	577	249	0.00	0.00	311.01	0.00	0	-0.36	-4.99	200.00	-200.00	0.00	0.00
11	11	ÄÐ	0	10.00	10.00	0	1	0	0	0	0	0	0	-1	5.00	-1.00	-1.00	-1.00	-1.00	-1.00	-1.00	-1.00	-1.00	-1.00	60	60	1	1	1	1	97	2672670	875	338	585	241	0.00	0.00	305.79	0.00	0	-0.36	-4.99	200.00	-200.00	0.00	0.00
11	11	ÄÐ	0	10.00	10.00	0	1	0	0	0	0	0	0	-1	5.00	-1.00	-1.00	-1.00	-1.00	-1.00	-1.00	-1.00	-1.00	-1.00	60	60	1	1	1	1	98	2672719	875	337	595	231	0.00	0.00	299.39	0.00	0	-0.37	-4.99	0.00	-200.00	0.00	0.00
11	11	ÄÐ	0	10.00	10.00	0	1	0	0	0	0	0	0	-1	5.00	-1.00	-1.00	-1.00	-1.00	-1.00	-1.00	-1.00	-1.00	-1.00	60	60	1	1	1	1	99	2672759	875	337	595	223	0.00	0.00	302.32	0.00	0	-0.37	-4.99	0.00	0.00	0.00	0.00
11	11	ÄÐ	0	10.00	10.00	0	1	0	0	0	0	0	0	-1	5.00	-1.00	-1.00	-1.00	-1.00	-1.00	-1.00	-1.00	-1.00	-1.00	60	60	1	1	1	1	100	2672799	875	337	595	223	0.00	0.00	302.32	0.00	0	-0.37	-4.99	0.00	0.00	0.00	0.00
11	11	ÄÐ	0	10.00	10.00	0	1	0	0	0	0	0	0	-1	5.00	-1.00	-1.00	-1.00	-1.00	-1.00	-1.00	-1.00	-1.00	-1.00	60	60	1	1	1	1	101	2672849	875	337	595	223	0.00	0.00	302.32	0.00	0	-0.38	-4.99	0.00	0.00	0.00	0.00
11	11	ÄÐ	0	10.00	10.00	0	1	0	0	0	0	0	0	-1	5.00	-1.00	-1.00	-1.00	-1.00	-1.00	-1.00	-1.00	-1.00	-1.00	60	60	1	1	1	1	102	2672898	875	337	595	223	0.00	0.00	302.32	0.00	0	-0.38	-4.99	0.00	0.00	0.00	0.00
11	11	ÄÐ	0	10.00	10.00	0	1	0	0	0	0	0	0	-1	5.00	-1.00	-1.00	-1.00	-1.00	-1.00	-1.00	-1.00	-1.00	-1.00	60	60	1	1	1	1	103	2672938	875	336	595	223	0.00	0.00	301.94	0.00	0	-0.39	-4.99	0.00	0.00	0.00	0.00
11	11	ÄÐ	0	10.00	10.00	0	1	0	0	0	0	0	0	-1	5.00	-1.00	-1.00	-1.00	-1.00	-1.00	-1.00	-1.00	-1.00	-1.00	60	60	1	1	1	1	104	2672988	875	336	595	223	0.00	0.00	301.94	0.00	0	-0.39	-4.98	0.00	0.00	0.00	0.00
11	11	ÄÐ	0	10.00	10.00	0	1	0	0	0	0	0	0	-1	5.00	-1.00	-1.00	-1.00	-1.00	-1.00	-1.00	-1.00	-1.00	-1.00	60	60	1	1	1	1	105	2673037	875	336	595	223	0.00	0.00	301.94	0.00	0	-0.39	-4.98	0.00	0.00	0.00	0.00
11	11	ÄÐ	0	10.00	10.00	0	1	0	0	0	0	0	0	-1	5.00	-1.00	-1.00	-1.00	-1.00	-1.00	-1.00	-1.00	-1.00	-1.00	60	60	1	1	1	1	106	2673077	875	336	595	223	0.00	0.00	301.94	0.00	0	-0.40	-4.98	0.00	0.00	0.00	0.00
