ID	Name	Sex	Session	DistanceError	PracMode	ExperMode	MainTask	SubTask	Background	Direction	InitSpeed	HoldTimeNum	HoldTime1	HoldTime2	HoldTime3	HoldTime4	HoldTime5	HoldTime6	HoldTime7	HoldTime8	HoldTime9	HoldTime10	HoldTime11	HoldTime12	PracTime	ExperTime	PracTimes	ExperTimes	Pra_Test	PointNum	PointTime	ObjPointX	ObjPointY	PostPointX	PostPointY	Distance	Hit	ObjSpeedX	ObjSpeedY	PostSpeedX	PostSpeedY
11	11	ÄÐ	0	10.00	1	0	1	1	0	0	5.00	5	0.0	0.0	0.0	0.0	0.0	-1.0	-1.0	-1.0	-1.0	-1.0	-1.0	-1.0	60	60	1	1	0	1	5199240	940	371	640	371	18889.90	0	0.00	0.00	0.00	-200.00
11	11	ÄÐ	0	10.00	1	0	1	1	0	0	5.00	5	0.0	0.0	0.0	0.0	0.0	-1.0	-1.0	-1.0	-1.0	-1.0	-1.0	-1.0	60	60	1	1	0	2	5199280	940	371	640	363	300.11	0	-0.00	-0.00	-200.00	-200.00
11	11	ÄÐ	0	10.00	1	0	1	1	0	0	5.00	5	0.0	0.0	0.0	0.0	0.0	-1.0	-1.0	-1.0	-1.0	-1.0	-1.0	-1.0	60	60	1	1	0	3	5199320	940	371	631	354	309.47	0	-0.00	-0.00	-200.00	-200.00
11	11	ÄÐ	0	10.00	1	0	1	1	0	0	5.00	5	0.0	0.0	0.0	0.0	0.0	-1.0	-1.0	-1.0	-1.0	-1.0	-1.0	-1.0	60	60	1	1	0	4	5199360	940	371	623	346	317.98	0	-0.00	-0.00	-200.00	-200.00
11	11	ÄÐ	0	10.00	1	0	1	1	0	0	5.00	5	0.0	0.0	0.0	0.0	0.0	-1.0	-1.0	-1.0	-1.0	-1.0	-1.0	-1.0	60	60	1	1	0	5	5199400	940	371	615	338	326.67	0	-0.00	-0.00	-200.00	-200.00
11	11	ÄÐ	0	10.00	1	0	1	1	0	0	5.00	5	0.0	0.0	0.0	0.0	0.0	-1.0	-1.0	-1.0	-1.0	-1.0	-1.0	-1.0	60	60	1	1	0	6	5199440	940	371	607	330	335.51	0	-0.00	-0.00	-200.00	-200.00
11	11	ÄÐ	0	10.00	1	0	1	1	0	0	5.00	5	0.0	0.0	0.0	0.0	0.0	-1.0	-1.0	-1.0	-1.0	-1.0	-1.0	-1.0	60	60	1	1	0	7	5199480	940	371	599	322	344.50	0	-0.00	-0.00	-200.00	-200.00
11	11	ÄÐ	0	10.00	1	0	1	1	0	0	5.00	5	0.0	0.0	0.0	0.0	0.0	-1.0	-1.0	-1.0	-1.0	-1.0	-1.0	-1.0	60	60	1	1	0	8	5199520	940	371	591	314	353.62	0	-0.00	-0.00	-200.00	-200.00
11	11	ÄÐ	0	10.00	1	0	1	1	0	0	5.00	5	0.0	0.0	0.0	0.0	0.0	-1.0	-1.0	-1.0	-1.0	-1.0	-1.0	-1.0	60	60	1	1	0	9	5199560	940	371	583	306	362.87	0	-0.00	-0.00	-200.00	-200.00
11	11	ÄÐ	0	10.00	1	0	1	1	0	0	5.00	5	0.0	0.0	0.0	0.0	0.0	-1.0	-1.0	-1.0	-1.0	-1.0	-1.0	-1.0	60	60	1	1	0	10	5199600	940	371	575	298	372.23	0	-0.00	-0.00	-200.00	-200.00
11	11	ÄÐ	0	10.00	1	0	1	1	0	0	5.00	5	0.0	0.0	0.0	0.0	0.0	-1.0	-1.0	-1.0	-1.0	-1.0	-1.0	-1.0	60	60	1	1	0	11	5199640	940	371	567	290	381.69	0	-0.00	-0.00	-200.00	-200.00
11	11	ÄÐ	0	10.00	1	0	1	1	0	0	5.00	5	0.0	0.0	0.0	0.0	0.0	-1.0	-1.0	-1.0	-1.0	-1.0	-1.0	-1.0	60	60	1	1	0	12	5199680	940	371	559	282	391.26	0	-0.00	-0.00	-200.00	-200.00
11	11	ÄÐ	0	10.00	1	0	1	1	0	0	5.00	5	0.0	0.0	0.0	0.0	0.0	-1.0	-1.0	-1.0	-1.0	-1.0	-1.0	-1.0	60	60	1	1	0	13	5199720	940	371	551	274	400.91	0	-0.00	-0.00	-200.00	-200.00
11	11	ÄÐ	0	10.00	1	0	1	1	0	0	5.00	5	0.0	0.0	0.0	0.0	0.0	-1.0	-1.0	-1.0	-1.0	-1.0	-1.0	-1.0	60	60	1	1	0	14	5199760	940	371	543	266	410.65	0	-0.00	-0.00	-200.00	-200.00
11	11	ÄÐ	0	10.00	1	0	1	1	0	0	5.00	5	0.0	0.0	0.0	0.0	0.0	-1.0	-1.0	-1.0	-1.0	-1.0	-1.0	-1.0	60	60	1	1	0	15	5199800	940	371	535	258	420.47	0	-0.00	-0.00	-200.00	-200.00
11	11	ÄÐ	0	10.00	1	0	1	1	0	0	5.00	5	0.0	0.0	0.0	0.0	0.0	-1.0	-1.0	-1.0	-1.0	-1.0	-1.0	-1.0	60	60	1	1	0	16	5199840	940	371	527	250	430.36	0	-0.00	-0.00	-200.00	-200.00
11	11	ÄÐ	0	10.00	1	0	1	1	0	0	5.00	5	0.0	0.0	0.0	0.0	0.0	-1.0	-1.0	-1.0	-1.0	-1.0	-1.0	-1.0	60	60	1	1	0	17	5199880	940	371	519	242	440.32	0	-0.00	-0.00	-200.00	-200.00
11	11	ÄÐ	0	10.00	1	0	1	1	0	0	5.00	5	0.0	0.0	0.0	0.0	0.0	-1.0	-1.0	-1.0	-1.0	-1.0	-1.0	-1.0	60	60	1	1	0	18	5199920	940	371	511	234	450.34	0	-0.00	-0.00	-200.00	-200.00
11	11	ÄÐ	0	10.00	1	0	1	1	0	0	5.00	5	0.0	0.0	0.0	0.0	0.0	-1.0	-1.0	-1.0	-1.0	-1.0	-1.0	-1.0	60	60	1	1	0	19	5199960	940	371	503	226	460.43	0	-0.00	-0.00	-200.00	-200.00
11	11	ÄÐ	0	10.00	1	0	1	1	0	0	5.00	5	0.0	0.0	0.0	0.0	0.0	-1.0	-1.0	-1.0	-1.0	-1.0	-1.0	-1.0	60	60	1	1	0	20	5200000	940	371	495	218	470.57	0	-0.00	-0.00	0.00	0.00
11	11	ÄÐ	0	10.00	1	0	1	1	0	0	5.00	5	0.0	0.0	0.0	0.0	0.0	-1.0	-1.0	-1.0	-1.0	-1.0	-1.0	-1.0	60	60	1	1	0	21	5200040	940	371	495	218	470.57	0	-0.00	-0.00	0.00	0.00
11	11	ÄÐ	0	10.00	1	0	1	1	0	0	5.00	5	0.0	0.0	0.0	0.0	0.0	-1.0	-1.0	-1.0	-1.0	-1.0	-1.0	-1.0	60	60	1	1	0	22	5200080	940	371	495	218	470.57	0	-0.00	-0.00	0.00	0.00
11	11	ÄÐ	0	10.00	1	0	1	1	0	0	5.00	5	0.0	0.0	0.0	0.0	0.0	-1.0	-1.0	-1.0	-1.0	-1.0	-1.0	-1.0	60	60	1	1	0	23	5200120	940	371	495	218	470.57	0	-0.00	-0.00	0.00	0.00
11	11	ÄÐ	0	10.00	1	0	1	1	0	0	5.00	5	0.0	0.0	0.0	0.0	0.0	-1.0	-1.0	-1.0	-1.0	-1.0	-1.0	-1.0	60	60	1	1	0	24	5200160	940	371	495	218	470.57	0	-0.00	-0.00	0.00	0.00
11	11	ÄÐ	0	10.00	1	0	1	1	0	0	5.00	5	0.0	0.0	0.0	0.0	0.0	-1.0	-1.0	-1.0	-1.0	-1.0	-1.0	-1.0	60	60	1	1	0	25	5200200	940	371	495	218	470.57	0	-0.00	-0.00	0.00	0.00
11	11	ÄÐ	0	10.00	1	0	1	1	0	0	5.00	5	0.0	0.0	0.0	0.0	0.0	-1.0	-1.0	-1.0	-1.0	-1.0	-1.0	-1.0	60	60	1	1	0	26	5200240	940	371	495	218	470.57	0	-0.00	-0.00	0.00	0.00
11	11	ÄÐ	0	10.00	1	0	1	1	0	0	5.00	5	0.0	0.0	0.0	0.0	0.0	-1.0	-1.0	-1.0	-1.0	-1.0	-1.0	-1.0	60	60	1	1	0	27	5200280	940	371	495	218	470.57	0	-0.00	-0.00	0.00	0.00
11	11	ÄÐ	0	10.00	1	0	1	1	0	0	5.00	5	0.0	0.0	0.0	0.0	0.0	-1.0	-1.0	-1.0	-1.0	-1.0	-1.0	-1.0	60	60	1	1	0	28	5200320	940	371	495	218	470.57	0	-0.00	-0.00	0.00	0.00
11	11	ÄÐ	0	10.00	1	0	1	1	0	0	5.00	5	0.0	0.0	0.0	0.0	0.0	-1.0	-1.0	-1.0	-1.0	-1.0	-1.0	-1.0	60	60	1	1	0	29	5200360	940	371	495	218	470.57	0	-0.00	-0.00	200.00	-200.00
11	11	ÄÐ	0	10.00	1	0	1	1	0	0	5.00	5	0.0	0.0	0.0	0.0	0.0	-1.0	-1.0	-1.0	-1.0	-1.0	-1.0	-1.0	60	60	1	1	0	30	5200400	940	371	503	210	465.71	0	-0.00	-0.00	200.00	-200.00
11	11	ÄÐ	0	10.00	1	0	1	1	0	0	5.00	5	0.0	0.0	0.0	0.0	0.0	-1.0	-1.0	-1.0	-1.0	-1.0	-1.0	-1.0	60	60	1	1	0	31	5200440	940	371	511	202	461.09	0	-0.00	-0.00	200.00	-200.00
11	11	ÄÐ	0	10.00	1	0	1	1	0	0	5.00	5	0.0	0.0	0.0	0.0	0.0	-1.0	-1.0	-1.0	-1.0	-1.0	-1.0	-1.0	60	60	1	1	0	32	5200480	940	371	519	194	456.69	0	-0.00	-0.00	200.00	-200.00
11	11	ÄÐ	0	10.00	1	0	1	1	0	0	5.00	5	0.0	0.0	0.0	0.0	0.0	-1.0	-1.0	-1.0	-1.0	-1.0	-1.0	-1.0	60	60	1	1	0	33	5200520	940	371	527	186	452.54	0	-0.00	-0.00	200.00	-200.00
11	11	ÄÐ	0	10.00	1	0	1	1	0	0	5.00	5	0.0	0.0	0.0	0.0	0.0	-1.0	-1.0	-1.0	-1.0	-1.0	-1.0	-1.0	60	60	1	1	0	34	5200560	940	371	535	178	448.64	0	-0.00	-0.00	200.00	-200.00
11	11	ÄÐ	0	10.00	1	0	1	1	0	0	5.00	5	0.0	0.0	0.0	0.0	0.0	-1.0	-1.0	-1.0	-1.0	-1.0	-1.0	-1.0	60	60	1	1	0	35	5200600	940	371	543	170	444.98	0	-0.00	-0.00	200.00	-200.00
11	11	ÄÐ	0	10.00	1	0	1	1	0	0	5.00	5	0.0	0.0	0.0	0.0	0.0	-1.0	-1.0	-1.0	-1.0	-1.0	-1.0	-1.0	60	60	1	1	0	36	5200640	940	371	551	162	441.59	0	-0.00	-0.00	200.00	-200.00
11	11	ÄÐ	0	10.00	1	0	1	1	0	0	5.00	5	0.0	0.0	0.0	0.0	0.0	-1.0	-1.0	-1.0	-1.0	-1.0	-1.0	-1.0	60	60	1	1	0	37	5200680	940	371	559	154	438.46	0	-0.00	-0.00	200.00	-200.00
11	11	ÄÐ	0	10.00	1	0	1	1	0	0	5.00	5	0.0	0.0	0.0	0.0	0.0	-1.0	-1.0	-1.0	-1.0	-1.0	-1.0	-1.0	60	60	1	1	0	38	5200720	940	371	567	146	435.61	0	-0.00	-0.00	200.00	-200.00
11	11	ÄÐ	0	10.00	1	0	1	1	0	0	5.00	5	0.0	0.0	0.0	0.0	0.0	-1.0	-1.0	-1.0	-1.0	-1.0	-1.0	-1.0	60	60	1	1	0	39	5200760	940	371	575	138	433.03	0	-0.00	-0.00	200.00	-200.00
11	11	ÄÐ	0	10.00	1	0	1	1	0	0	5.00	5	0.0	0.0	0.0	0.0	0.0	-1.0	-1.0	-1.0	-1.0	-1.0	-1.0	-1.0	60	60	1	1	0	40	5200800	940	371	584	130	429.90	0	-0.00	-0.00	200.00	-200.00
11	11	ÄÐ	0	10.00	1	0	1	1	0	0	5.00	5	0.0	0.0	0.0	0.0	0.0	-1.0	-1.0	-1.0	-1.0	-1.0	-1.0	-1.0	60	60	1	1	0	41	5200840	940	371	592	122	427.91	0	-0.00	-0.00	200.00	-200.00
11	11	ÄÐ	0	10.00	1	0	1	1	0	0	5.00	5	0.0	0.0	0.0	0.0	0.0	-1.0	-1.0	-1.0	-1.0	-1.0	-1.0	-1.0	60	60	1	1	0	42	5200880	940	371	600	114	426.20	0	-0.00	-0.00	200.00	-200.00
11	11	ÄÐ	0	10.00	1	0	1	1	0	0	5.00	5	0.0	0.0	0.0	0.0	0.0	-1.0	-1.0	-1.0	-1.0	-1.0	-1.0	-1.0	60	60	1	1	0	43	5200920	940	371	608	106	424.79	0	-0.00	-0.00	200.00	-200.00
11	11	ÄÐ	0	10.00	1	0	1	1	0	0	5.00	5	0.0	0.0	0.0	0.0	0.0	-1.0	-1.0	-1.0	-1.0	-1.0	-1.0	-1.0	60	60	1	1	0	44	5200960	940	371	616	98	423.68	0	-0.00	-0.00	200.00	-200.00
11	11	ÄÐ	0	10.00	1	0	1	1	0	0	5.00	5	0.0	0.0	0.0	0.0	0.0	-1.0	-1.0	-1.0	-1.0	-1.0	-1.0	-1.0	60	60	1	1	0	45	5201000	940	371	624	90	422.87	0	-0.00	-0.00	200.00	-200.00
11	11	ÄÐ	0	10.00	1	0	1	1	0	0	5.00	5	0.0	0.0	0.0	0.0	0.0	-1.0	-1.0	-1.0	-1.0	-1.0	-1.0	-1.0	60	60	1	1	0	46	5201040	940	371	632	82	422.36	0	-0.00	-0.00	200.00	-200.00
11	11	ÄÐ	0	10.00	1	0	1	1	0	0	5.00	5	0.0	0.0	0.0	0.0	0.0	-1.0	-1.0	-1.0	-1.0	-1.0	-1.0	-1.0	60	60	1	1	0	47	5201080	940	371	640	74	422.15	0	-0.00	-0.00	200.00	-200.00
11	11	ÄÐ	0	10.00	1	0	1	1	0	0	5.00	5	0.0	0.0	0.0	0.0	0.0	-1.0	-1.0	-1.0	-1.0	-1.0	-1.0	-1.0	60	60	1	1	0	48	5201120	940	371	648	66	422.24	0	-0.00	-0.00	200.00	-200.00
11	11	ÄÐ	0	10.00	1	0	1	1	0	0	5.00	5	0.0	0.0	0.0	0.0	0.0	-1.0	-1.0	-1.0	-1.0	-1.0	-1.0	-1.0	60	60	1	1	0	49	5201160	940	371	656	58	422.64	0	-0.00	-0.00	200.00	0.00
11	11	ÄÐ	0	10.00	1	0	1	1	0	0	5.00	5	0.0	0.0	0.0	0.0	0.0	-1.0	-1.0	-1.0	-1.0	-1.0	-1.0	-1.0	60	60	1	1	0	50	5201200	940	371	664	58	417.31	0	-0.00	-0.00	200.00	0.00
11	11	ÄÐ	0	10.00	1	0	1	1	0	0	5.00	5	0.0	0.0	0.0	0.0	0.0	-1.0	-1.0	-1.0	-1.0	-1.0	-1.0	-1.0	60	60	1	1	0	51	5201240	940	371	672	58	412.06	0	-0.00	-0.00	200.00	0.00
11	11	ÄÐ	0	10.00	1	0	1	1	0	0	5.00	5	0.0	0.0	0.0	0.0	0.0	-1.0	-1.0	-1.0	-1.0	-1.0	-1.0	-1.0	60	60	1	1	0	52	5201280	940	371	680	58	406.90	0	-0.00	-0.00	200.00	0.00
11	11	ÄÐ	0	10.00	1	0	1	1	0	0	5.00	5	0.0	0.0	0.0	0.0	0.0	-1.0	-1.0	-1.0	-1.0	-1.0	-1.0	-1.0	60	60	1	1	0	53	5201320	940	371	688	58	401.84	0	-0.00	-0.00	0.00	0.00
11	11	ÄÐ	0	10.00	1	0	1	1	0	0	5.00	5	0.0	0.0	0.0	0.0	0.0	-1.0	-1.0	-1.0	-1.0	-1.0	-1.0	-1.0	60	60	1	1	0	54	5201360	940	371	688	58	401.84	0	-0.00	-0.00	0.00	0.00
11	11	ÄÐ	0	10.00	1	0	1	1	0	0	5.00	5	0.0	0.0	0.0	0.0	0.0	-1.0	-1.0	-1.0	-1.0	-1.0	-1.0	-1.0	60	60	1	1	0	55	5201400	940	371	688	58	401.84	0	-0.00	-0.00	0.00	0.00
11	11	ÄÐ	0	10.00	1	0	1	1	0	0	5.00	5	0.0	0.0	0.0	0.0	0.0	-1.0	-1.0	-1.0	-1.0	-1.0	-1.0	-1.0	60	60	1	1	0	56	5201440	940	371	688	58	401.84	0	-0.00	-0.00	0.00	0.00
11	11	ÄÐ	0	10.00	1	0	1	1	0	0	5.00	5	0.0	0.0	0.0	0.0	0.0	-1.0	-1.0	-1.0	-1.0	-1.0	-1.0	-1.0	60	60	1	1	0	57	5201480	940	371	688	58	401.84	0	-0.00	-0.00	0.00	0.00
11	11	ÄÐ	0	10.00	1	0	1	1	0	0	5.00	5	0.0	0.0	0.0	0.0	0.0	-1.0	-1.0	-1.0	-1.0	-1.0	-1.0	-1.0	60	60	1	1	0	58	5201520	940	371	688	58	401.84	0	-0.00	-0.00	0.00	0.00
11	11	ÄÐ	0	10.00	1	0	1	1	0	0	5.00	5	0.0	0.0	0.0	0.0	0.0	-1.0	-1.0	-1.0	-1.0	-1.0	-1.0	-1.0	60	60	1	1	0	59	5201560	940	371	688	58	401.84	0	-0.00	-0.00	0.00	0.00
11	11	ÄÐ	0	10.00	1	0	1	1	0	0	5.00	5	0.0	0.0	0.0	0.0	0.0	-1.0	-1.0	-1.0	-1.0	-1.0	-1.0	-1.0	60	60	1	1	0	60	5201600	940	371	688	58	401.84	0	-0.00	-0.00	0.00	0.00
11	11	ÄÐ	0	10.00	1	0	1	1	0	0	5.00	5	0.0	0.0	0.0	0.0	0.0	-1.0	-1.0	-1.0	-1.0	-1.0	-1.0	-1.0	60	60	1	1	0	61	5201640	940	371	688	58	401.84	0	-0.00	-0.00	0.00	0.00
11	11	ÄÐ	0	10.00	1	0	1	1	0	0	5.00	5	0.0	0.0	0.0	0.0	0.0	-1.0	-1.0	-1.0	-1.0	-1.0	-1.0	-1.0	60	60	1	1	0	62	5201680	940	371	688	58	401.84	0	-0.00	-0.00	0.00	0.00
11	11	ÄÐ	0	10.00	1	0	1	1	0	0	5.00	5	0.0	0.0	0.0	0.0	0.0	-1.0	-1.0	-1.0	-1.0	-1.0	-1.0	-1.0	60	60	1	1	0	63	5201720	940	371	688	58	401.84	0	-0.00	-0.00	0.00	0.00
11	11	ÄÐ	0	10.00	1	0	1	1	0	0	5.00	5	0.0	0.0	0.0	0.0	0.0	-1.0	-1.0	-1.0	-1.0	-1.0	-1.0	-1.0	60	60	1	1	0	64	5201760	940	371	688	58	401.84	0	-0.00	-0.00	0.00	0.00
11	11	ÄÐ	0	10.00	1	0	1	1	0	0	5.00	5	0.0	0.0	0.0	0.0	0.0	-1.0	-1.0	-1.0	-1.0	-1.0	-1.0	-1.0	60	60	1	1	0	65	5201800	940	371	688	58	401.84	0	-0.00	-0.00	0.00	0.00
11	11	ÄÐ	0	10.00	1	0	1	1	0	0	5.00	5	0.0	0.0	0.0	0.0	0.0	-1.0	-1.0	-1.0	-1.0	-1.0	-1.0	-1.0	60	60	1	1	0	66	5201840	940	371	688	58	401.84	0	-0.00	-0.00	0.00	0.00
11	11	ÄÐ	0	10.00	1	0	1	1	0	0	5.00	5	0.0	0.0	0.0	0.0	0.0	-1.0	-1.0	-1.0	-1.0	-1.0	-1.0	-1.0	60	60	1	1	0	67	5201880	940	371	688	58	401.84	0	-0.00	-0.00	0.00	0.00
11	11	ÄÐ	0	10.00	1	0	1	1	0	0	5.00	5	0.0	0.0	0.0	0.0	0.0	-1.0	-1.0	-1.0	-1.0	-1.0	-1.0	-1.0	60	60	1	1	0	68	5201920	940	371	688	58	401.84	0	-0.00	-0.00	0.00	0.00
11	11	ÄÐ	0	10.00	1	0	1	1	0	0	5.00	5	0.0	0.0	0.0	0.0	0.0	-1.0	-1.0	-1.0	-1.0	-1.0	-1.0	-1.0	60	60	1	1	0	69	5201960	940	371	688	58	401.84	0	-0.00	-0.00	0.00	0.00
11	11	ÄÐ	0	10.00	1	0	1	1	0	0	5.00	5	0.0	0.0	0.0	0.0	0.0	-1.0	-1.0	-1.0	-1.0	-1.0	-1.0	-1.0	60	60	1	1	0	70	5202000	940	371	688	58	401.84	0	-0.00	-0.00	0.00	0.00
11	11	ÄÐ	0	10.00	1	0	1	1	0	0	5.00	5	0.0	0.0	0.0	0.0	0.0	-1.0	-1.0	-1.0	-1.0	-1.0	-1.0	-1.0	60	60	1	1	0	71	5202040	940	371	688	58	401.84	0	-0.00	-0.00	0.00	0.00
11	11	ÄÐ	0	10.00	1	0	1	1	0	0	5.00	5	0.0	0.0	0.0	0.0	0.0	-1.0	-1.0	-1.0	-1.0	-1.0	-1.0	-1.0	60	60	1	1	0	72	5202080	940	371	688	58	401.84	0	-0.00	-0.00	0.00	0.00
