ID	Name	Sex	Session	DistanceError	PracMode	ExperMode	MainTask	SubTask	Background	Direction	InitSpeed	HoldTimeNum	HoldTime1	HoldTime2	HoldTime3	HoldTime4	HoldTime5	HoldTime6	HoldTime7	HoldTime8	HoldTime9	HoldTime10	HoldTime11	HoldTime12	PracTime	ExperTime	PracTimes	ExperTimes	Pra_Test	PointNum	PointTime	ObjPointX	ObjPointY	PostPointX	PostPointY	Distance	Hit	ObjSpeedX	ObjSpeedY	PostSpeedX	PostSpeedY
11	11	ÄÐ	0	10.00	1	0	1	1	0	0	50.00	5	0.0	0.0	0.0	0.0	0.0	-1.0	-1.0	-1.0	-1.0	-1.0	-1.0	-1.0	60	60	1	1	0	1	68198827	938	371	638	371	18888.47	0	10.00	0.00	-200.00	0.00
11	11	ÄÐ	0	10.00	1	0	1	1	0	0	50.00	5	0.0	0.0	0.0	0.0	0.0	-1.0	-1.0	-1.0	-1.0	-1.0	-1.0	-1.0	60	60	1	1	0	2	68198867	938	371	629	371	309.00	0	-0.00	-10.00	-200.00	0.00
11	11	ÄÐ	0	10.00	1	0	1	1	0	0	50.00	5	0.0	0.0	0.0	0.0	0.0	-1.0	-1.0	-1.0	-1.0	-1.0	-1.0	-1.0	60	60	1	1	0	3	68198907	937	370	621	371	316.00	0	-0.01	-10.00	-200.00	0.00
11	11	ÄÐ	0	10.00	1	0	1	1	0	0	50.00	5	0.0	0.0	0.0	0.0	0.0	-1.0	-1.0	-1.0	-1.0	-1.0	-1.0	-1.0	60	60	1	1	0	4	68198947	937	370	613	371	324.00	0	-0.03	-10.00	-200.00	0.00
11	11	ÄÐ	0	10.00	1	0	1	1	0	0	50.00	5	0.0	0.0	0.0	0.0	0.0	-1.0	-1.0	-1.0	-1.0	-1.0	-1.0	-1.0	60	60	1	1	0	5	68198987	937	369	605	371	332.01	0	-0.04	-10.00	-200.00	200.00
11	11	ÄÐ	0	10.00	1	0	1	1	0	0	50.00	5	0.0	0.0	0.0	0.0	0.0	-1.0	-1.0	-1.0	-1.0	-1.0	-1.0	-1.0	60	60	1	1	0	6	68199027	937	369	597	379	340.15	0	-0.05	-10.00	-200.00	200.00
11	11	ÄÐ	0	10.00	1	0	1	1	0	0	50.00	5	0.0	0.0	0.0	0.0	0.0	-1.0	-1.0	-1.0	-1.0	-1.0	-1.0	-1.0	60	60	1	1	0	7	68199067	937	369	589	387	348.47	0	-0.07	-10.00	-200.00	200.00
11	11	ÄÐ	0	10.00	1	0	1	1	0	0	50.00	5	0.0	0.0	0.0	0.0	0.0	-1.0	-1.0	-1.0	-1.0	-1.0	-1.0	-1.0	60	60	1	1	0	8	68199107	937	368	581	395	357.02	0	-0.08	-10.00	0.00	200.00
11	11	ÄÐ	0	10.00	1	0	1	1	0	0	50.00	5	0.0	0.0	0.0	0.0	0.0	-1.0	-1.0	-1.0	-1.0	-1.0	-1.0	-1.0	60	60	1	1	0	9	68199147	937	368	581	403	357.72	0	-0.09	-10.00	0.00	200.00
11	11	ÄÐ	0	10.00	1	0	1	1	0	0	50.00	5	0.0	0.0	0.0	0.0	0.0	-1.0	-1.0	-1.0	-1.0	-1.0	-1.0	-1.0	60	60	1	1	0	10	68199187	937	367	581	411	358.71	0	-0.11	-10.00	0.00	0.00
11	11	ÄÐ	0	10.00	1	0	1	1	0	0	50.00	5	0.0	0.0	0.0	0.0	0.0	-1.0	-1.0	-1.0	-1.0	-1.0	-1.0	-1.0	60	60	1	1	0	11	68199227	937	367	581	411	358.71	0	-0.12	-10.00	0.00	0.00
11	11	ÄÐ	0	10.00	1	0	1	1	0	0	50.00	5	0.0	0.0	0.0	0.0	0.0	-1.0	-1.0	-1.0	-1.0	-1.0	-1.0	-1.0	60	60	1	1	0	12	68199267	937	366	581	411	358.83	0	-0.13	-10.00	0.00	0.00
11	11	ÄÐ	0	10.00	1	0	1	1	0	0	50.00	5	0.0	0.0	0.0	0.0	0.0	-1.0	-1.0	-1.0	-1.0	-1.0	-1.0	-1.0	60	60	1	1	0	13	68199307	937	366	581	411	358.83	0	-0.15	-10.00	0.00	0.00
11	11	ÄÐ	0	10.00	1	0	1	1	0	0	50.00	5	0.0	0.0	0.0	0.0	0.0	-1.0	-1.0	-1.0	-1.0	-1.0	-1.0	-1.0	60	60	1	1	0	14	68199347	937	366	581	411	358.83	0	-0.16	-10.00	0.00	0.00
11	11	ÄÐ	0	10.00	1	0	1	1	0	0	50.00	5	0.0	0.0	0.0	0.0	0.0	-1.0	-1.0	-1.0	-1.0	-1.0	-1.0	-1.0	60	60	1	1	0	15	68199387	937	365	581	411	358.96	0	-0.17	-10.00	0.00	0.00
11	11	ÄÐ	0	10.00	1	0	1	1	0	0	50.00	5	0.0	0.0	0.0	0.0	0.0	-1.0	-1.0	-1.0	-1.0	-1.0	-1.0	-1.0	60	60	1	1	0	16	68199427	937	365	581	411	358.96	0	-0.19	-10.00	0.00	0.00
11	11	ÄÐ	0	10.00	1	0	1	1	0	0	50.00	5	0.0	0.0	0.0	0.0	0.0	-1.0	-1.0	-1.0	-1.0	-1.0	-1.0	-1.0	60	60	1	1	0	17	68199467	937	364	581	411	359.09	0	-0.20	-10.00	0.00	0.00
11	11	ÄÐ	0	10.00	1	0	1	1	0	0	50.00	5	0.0	0.0	0.0	0.0	0.0	-1.0	-1.0	-1.0	-1.0	-1.0	-1.0	-1.0	60	60	1	1	0	18	68199507	937	364	581	411	359.09	0	-0.21	-10.00	0.00	0.00
11	11	ÄÐ	0	10.00	1	0	1	1	0	0	50.00	5	0.0	0.0	0.0	0.0	0.0	-1.0	-1.0	-1.0	-1.0	-1.0	-1.0	-1.0	60	60	1	1	0	19	68199547	937	364	581	411	359.09	0	-0.23	-10.00	0.00	0.00
11	11	ÄÐ	0	10.00	1	0	1	1	0	0	50.00	5	0.0	0.0	0.0	0.0	0.0	-1.0	-1.0	-1.0	-1.0	-1.0	-1.0	-1.0	60	60	1	1	0	20	68199587	937	363	581	411	359.22	0	-0.24	-10.00	0.00	0.00
11	11	ÄÐ	0	10.00	1	0	1	1	0	0	50.00	5	0.0	0.0	0.0	0.0	0.0	-1.0	-1.0	-1.0	-1.0	-1.0	-1.0	-1.0	60	60	1	1	0	21	68199627	937	363	581	411	359.22	0	-0.25	-10.00	0.00	0.00
11	11	ÄÐ	0	10.00	1	0	1	1	0	0	50.00	5	0.0	0.0	0.0	0.0	0.0	-1.0	-1.0	-1.0	-1.0	-1.0	-1.0	-1.0	60	60	1	1	0	22	68199667	937	363	581	411	359.22	0	-0.27	-10.00	0.00	0.00
11	11	ÄÐ	0	10.00	1	0	1	1	0	0	50.00	5	0.0	0.0	0.0	0.0	0.0	-1.0	-1.0	-1.0	-1.0	-1.0	-1.0	-1.0	60	60	1	1	0	23	68199707	937	362	581	411	359.36	0	-0.28	-10.00	0.00	0.00
11	11	ÄÐ	0	10.00	1	0	1	1	0	0	50.00	5	0.0	0.0	0.0	0.0	0.0	-1.0	-1.0	-1.0	-1.0	-1.0	-1.0	-1.0	60	60	1	1	0	24	68199747	937	362	581	411	359.36	0	-0.29	-10.00	0.00	0.00
11	11	ÄÐ	0	10.00	1	0	1	1	0	0	50.00	5	0.0	0.0	0.0	0.0	0.0	-1.0	-1.0	-1.0	-1.0	-1.0	-1.0	-1.0	60	60	1	1	0	25	68199787	937	361	581	411	359.49	0	-0.31	-10.00	0.00	0.00
11	11	ÄÐ	0	10.00	1	0	1	1	0	0	50.00	5	0.0	0.0	0.0	0.0	0.0	-1.0	-1.0	-1.0	-1.0	-1.0	-1.0	-1.0	60	60	1	1	0	26	68199827	937	361	581	411	359.49	0	-0.32	-9.99	0.00	0.00
