ID	Name	Sex	Session	DistanceError	PracMode	ExperMode	MainTask	SubTask	Background	Direction	InitSpeed	HoldTimeNum	HoldTime1	HoldTime2	HoldTime3	HoldTime4	HoldTime5	HoldTime6	HoldTime7	HoldTime8	HoldTime9	HoldTime10	HoldTime11	HoldTime12	PracTime	ExperTime	PracTimes	ExperTimes	Pra_Test	PointNum	PointTime	ObjPointX	ObjPointY	PostPointX	PostPointY	Distance	Hit	ObjSpeedX	ObjSpeedY	PostSpeedX	PostSpeedY
11	11	ÄÐ	0	10.00	1	0	1	1	0	0	50.00	5	0.0	0.0	0.0	0.0	0.0	-1.0	-1.0	-1.0	-1.0	-1.0	-1.0	-1.0	60	60	1	1	0	1	42339763	938	371	638	371	18888.47	0	10.00	0.00	200.00	0.00
11	11	ÄÐ	0	10.00	1	0	1	1	0	0	50.00	5	0.0	0.0	0.0	0.0	0.0	-1.0	-1.0	-1.0	-1.0	-1.0	-1.0	-1.0	60	60	1	1	0	2	42339803	938	371	646	371	292.00	0	-0.00	-10.00	200.00	-200.00
11	11	ÄÐ	0	10.00	1	0	1	1	0	0	50.00	5	0.0	0.0	0.0	0.0	0.0	-1.0	-1.0	-1.0	-1.0	-1.0	-1.0	-1.0	60	60	1	1	0	3	42339843	937	370	654	362	283.11	0	-0.01	-10.00	200.00	-200.00
11	11	ÄÐ	0	10.00	1	0	1	1	0	0	50.00	5	0.0	0.0	0.0	0.0	0.0	-1.0	-1.0	-1.0	-1.0	-1.0	-1.0	-1.0	60	60	1	1	0	4	42339883	937	370	662	354	275.47	0	-0.03	-10.00	200.00	-200.00
11	11	ÄÐ	0	10.00	1	0	1	1	0	0	50.00	5	0.0	0.0	0.0	0.0	0.0	-1.0	-1.0	-1.0	-1.0	-1.0	-1.0	-1.0	60	60	1	1	0	5	42339923	937	369	670	346	267.99	0	-0.04	-10.00	200.00	-200.00
11	11	ÄÐ	0	10.00	1	0	1	1	0	0	50.00	5	0.0	0.0	0.0	0.0	0.0	-1.0	-1.0	-1.0	-1.0	-1.0	-1.0	-1.0	60	60	1	1	0	6	42339963	937	369	678	338	260.85	0	-0.05	-10.00	0.00	-200.00
11	11	ÄÐ	0	10.00	1	0	1	1	0	0	50.00	5	0.0	0.0	0.0	0.0	0.0	-1.0	-1.0	-1.0	-1.0	-1.0	-1.0	-1.0	60	60	1	1	0	7	42340003	937	368	678	330	261.77	0	-0.07	-10.00	-200.00	-200.00
11	11	ÄÐ	0	10.00	1	0	1	1	0	0	50.00	5	0.0	0.0	0.0	0.0	0.0	-1.0	-1.0	-1.0	-1.0	-1.0	-1.0	-1.0	60	60	1	1	0	8	42340043	937	368	669	322	271.92	0	-0.08	-10.00	-200.00	0.00
11	11	ÄÐ	0	10.00	1	0	1	1	0	0	50.00	5	0.0	0.0	0.0	0.0	0.0	-1.0	-1.0	-1.0	-1.0	-1.0	-1.0	-1.0	60	60	1	1	0	9	42340083	937	368	661	322	279.81	0	-0.09	-10.00	-200.00	0.00
11	11	ÄÐ	0	10.00	1	0	1	1	0	0	50.00	5	0.0	0.0	0.0	0.0	0.0	-1.0	-1.0	-1.0	-1.0	-1.0	-1.0	-1.0	60	60	1	1	0	10	42340123	937	367	653	322	287.54	0	-0.11	-10.00	-200.00	200.00
11	11	ÄÐ	0	10.00	1	0	1	1	0	0	50.00	5	0.0	0.0	0.0	0.0	0.0	-1.0	-1.0	-1.0	-1.0	-1.0	-1.0	-1.0	60	60	1	1	0	11	42340163	937	367	645	330	294.33	0	-0.12	-10.00	0.00	200.00
11	11	ÄÐ	0	10.00	1	0	1	1	0	0	50.00	5	0.0	0.0	0.0	0.0	0.0	-1.0	-1.0	-1.0	-1.0	-1.0	-1.0	-1.0	60	60	1	1	0	12	42340203	937	366	645	338	293.34	0	-0.13	-10.00	200.00	0.00
11	11	ÄÐ	0	10.00	1	0	1	1	0	0	50.00	5	0.0	0.0	0.0	0.0	0.0	-1.0	-1.0	-1.0	-1.0	-1.0	-1.0	-1.0	60	60	1	1	0	13	42340243	937	366	653	338	285.38	0	-0.15	-10.00	200.00	0.00
11	11	ÄÐ	0	10.00	1	0	1	1	0	0	50.00	5	0.0	0.0	0.0	0.0	0.0	-1.0	-1.0	-1.0	-1.0	-1.0	-1.0	-1.0	60	60	1	1	0	14	42340283	937	366	661	338	277.42	0	-0.16	-10.00	200.00	0.00
11	11	ÄÐ	0	10.00	1	0	1	1	0	0	50.00	5	0.0	0.0	0.0	0.0	0.0	-1.0	-1.0	-1.0	-1.0	-1.0	-1.0	-1.0	60	60	1	1	0	15	42340323	937	365	669	338	269.36	0	-0.17	-10.00	200.00	-200.00
11	11	ÄÐ	0	10.00	1	0	1	1	0	0	50.00	5	0.0	0.0	0.0	0.0	0.0	-1.0	-1.0	-1.0	-1.0	-1.0	-1.0	-1.0	60	60	1	1	0	16	42340363	937	365	678	330	261.35	0	-0.19	-10.00	200.00	-200.00
11	11	ÄÐ	0	10.00	1	0	1	1	0	0	50.00	5	0.0	0.0	0.0	0.0	0.0	-1.0	-1.0	-1.0	-1.0	-1.0	-1.0	-1.0	60	60	1	1	0	17	42340403	937	364	686	322	254.49	0	-0.20	-10.00	200.00	-200.00
11	11	ÄÐ	0	10.00	1	0	1	1	0	0	50.00	5	0.0	0.0	0.0	0.0	0.0	-1.0	-1.0	-1.0	-1.0	-1.0	-1.0	-1.0	60	60	1	1	0	18	42340443	937	364	694	314	248.09	0	-0.21	-10.00	200.00	-200.00
11	11	ÄÐ	0	10.00	1	0	1	1	0	0	50.00	5	0.0	0.0	0.0	0.0	0.0	-1.0	-1.0	-1.0	-1.0	-1.0	-1.0	-1.0	60	60	1	1	0	19	42340483	937	364	702	306	242.05	0	-0.23	-10.00	200.00	-200.00
11	11	ÄÐ	0	10.00	1	0	1	1	0	0	50.00	5	0.0	0.0	0.0	0.0	0.0	-1.0	-1.0	-1.0	-1.0	-1.0	-1.0	-1.0	60	60	1	1	0	20	42340523	937	363	710	298	236.12	0	-0.24	-10.00	200.00	-200.00
11	11	ÄÐ	0	10.00	1	0	1	1	0	0	50.00	5	0.0	0.0	0.0	0.0	0.0	-1.0	-1.0	-1.0	-1.0	-1.0	-1.0	-1.0	60	60	1	1	0	21	42340563	937	363	718	290	230.85	0	-0.25	-10.00	200.00	-200.00
11	11	ÄÐ	0	10.00	1	0	1	1	0	0	50.00	5	0.0	0.0	0.0	0.0	0.0	-1.0	-1.0	-1.0	-1.0	-1.0	-1.0	-1.0	60	60	1	1	0	22	42340603	937	362	726	282	225.66	0	-0.27	-10.00	200.00	-200.00
11	11	ÄÐ	0	10.00	1	0	1	1	0	0	50.00	5	0.0	0.0	0.0	0.0	0.0	-1.0	-1.0	-1.0	-1.0	-1.0	-1.0	-1.0	60	60	1	1	0	23	42340643	937	362	734	274	221.25	0	-0.28	-10.00	200.00	-200.00
11	11	ÄÐ	0	10.00	1	0	1	1	0	0	50.00	5	0.0	0.0	0.0	0.0	0.0	-1.0	-1.0	-1.0	-1.0	-1.0	-1.0	-1.0	60	60	1	1	0	24	42340683	937	362	742	266	217.35	0	-0.29	-10.00	200.00	-200.00
11	11	ÄÐ	0	10.00	1	0	1	1	0	0	50.00	5	0.0	0.0	0.0	0.0	0.0	-1.0	-1.0	-1.0	-1.0	-1.0	-1.0	-1.0	60	60	1	1	0	25	42340723	937	361	750	258	213.49	0	-0.31	-10.00	200.00	-200.00
11	11	ÄÐ	0	10.00	1	0	1	1	0	0	50.00	5	0.0	0.0	0.0	0.0	0.0	-1.0	-1.0	-1.0	-1.0	-1.0	-1.0	-1.0	60	60	1	1	0	26	42340763	937	361	758	250	210.62	0	-0.32	-9.99	200.00	-200.00
11	11	ÄÐ	0	10.00	1	0	1	1	0	0	50.00	5	0.0	0.0	0.0	0.0	0.0	-1.0	-1.0	-1.0	-1.0	-1.0	-1.0	-1.0	60	60	1	1	0	27	42340803	937	360	766	242	207.76	0	-0.33	-9.99	200.00	-200.00
11	11	ÄÐ	0	10.00	1	0	1	1	0	0	50.00	5	0.0	0.0	0.0	0.0	0.0	-1.0	-1.0	-1.0	-1.0	-1.0	-1.0	-1.0	60	60	1	1	0	28	42340843	937	360	774	234	206.02	0	-0.35	-9.99	200.00	-200.00
11	11	ÄÐ	0	10.00	1	0	1	1	0	0	50.00	5	0.0	0.0	0.0	0.0	0.0	-1.0	-1.0	-1.0	-1.0	-1.0	-1.0	-1.0	60	60	1	1	0	29	42340883	937	360	782	226	204.89	0	-0.36	-9.99	200.00	-200.00
11	11	ÄÐ	0	10.00	1	0	1	1	0	0	50.00	5	0.0	0.0	0.0	0.0	0.0	-1.0	-1.0	-1.0	-1.0	-1.0	-1.0	-1.0	60	60	1	1	0	30	42340923	937	359	790	218	203.69	0	-0.37	-9.99	200.00	0.00
11	11	ÄÐ	0	10.00	1	0	1	1	0	0	50.00	5	0.0	0.0	0.0	0.0	0.0	-1.0	-1.0	-1.0	-1.0	-1.0	-1.0	-1.0	60	60	1	1	0	31	42340963	937	359	798	218	197.99	0	-0.39	-9.99	200.00	0.00
11	11	ÄÐ	0	10.00	1	0	1	1	0	0	50.00	5	0.0	0.0	0.0	0.0	0.0	-1.0	-1.0	-1.0	-1.0	-1.0	-1.0	-1.0	60	60	1	1	0	32	42341003	937	358	806	218	191.73	0	-0.40	-9.99	0.00	0.00
11	11	ÄÐ	0	10.00	1	0	1	1	0	0	50.00	5	0.0	0.0	0.0	0.0	0.0	-1.0	-1.0	-1.0	-1.0	-1.0	-1.0	-1.0	60	60	1	1	0	33	42341043	937	358	806	218	191.73	0	-0.41	-9.99	0.00	0.00
11	11	ÄÐ	0	10.00	1	0	1	1	0	0	50.00	5	0.0	0.0	0.0	0.0	0.0	-1.0	-1.0	-1.0	-1.0	-1.0	-1.0	-1.0	60	60	1	1	0	34	42341083	937	358	806	218	191.73	0	-0.43	-9.99	0.00	0.00
11	11	ÄÐ	0	10.00	1	0	1	1	0	0	50.00	5	0.0	0.0	0.0	0.0	0.0	-1.0	-1.0	-1.0	-1.0	-1.0	-1.0	-1.0	60	60	1	1	0	35	42341123	937	357	806	218	191.00	0	-0.44	-9.99	0.00	0.00
11	11	ÄÐ	0	10.00	1	0	1	1	0	0	50.00	5	0.0	0.0	0.0	0.0	0.0	-1.0	-1.0	-1.0	-1.0	-1.0	-1.0	-1.0	60	60	1	1	0	36	42341163	937	357	806	218	191.00	0	-0.45	-9.99	0.00	0.00
11	11	ÄÐ	0	10.00	1	0	1	1	0	0	50.00	5	0.0	0.0	0.0	0.0	0.0	-1.0	-1.0	-1.0	-1.0	-1.0	-1.0	-1.0	60	60	1	1	0	37	42341203	937	356	806	218	190.28	0	-0.47	-9.99	0.00	0.00
11	11	ÄÐ	0	10.00	1	0	1	1	0	0	50.00	5	0.0	0.0	0.0	0.0	0.0	-1.0	-1.0	-1.0	-1.0	-1.0	-1.0	-1.0	60	60	1	1	0	38	42341243	937	356	806	218	190.28	0	-0.48	-9.99	0.00	0.00
11	11	ÄÐ	0	10.00	1	0	1	1	0	0	50.00	5	0.0	0.0	0.0	0.0	0.0	-1.0	-1.0	-1.0	-1.0	-1.0	-1.0	-1.0	60	60	1	1	0	39	42341283	937	356	806	218	190.28	0	-0.49	-9.99	0.00	0.00
11	11	ÄÐ	0	10.00	1	0	1	1	0	0	50.00	5	0.0	0.0	0.0	0.0	0.0	-1.0	-1.0	-1.0	-1.0	-1.0	-1.0	-1.0	60	60	1	1	0	40	42341323	937	355	806	218	189.55	0	-0.51	-9.99	0.00	0.00
11	11	ÄÐ	0	10.00	1	0	1	1	0	0	50.00	5	0.0	0.0	0.0	0.0	0.0	-1.0	-1.0	-1.0	-1.0	-1.0	-1.0	-1.0	60	60	1	1	0	41	42341363	937	355	806	218	189.55	0	-0.52	-9.99	0.00	0.00
11	11	ÄÐ	0	10.00	1	0	1	1	0	0	50.00	5	0.0	0.0	0.0	0.0	0.0	-1.0	-1.0	-1.0	-1.0	-1.0	-1.0	-1.0	60	60	1	1	0	42	42341403	937	354	806	218	188.83	0	-0.53	-9.99	0.00	0.00
11	11	ÄÐ	0	10.00	1	0	1	1	0	0	50.00	5	0.0	0.0	0.0	0.0	0.0	-1.0	-1.0	-1.0	-1.0	-1.0	-1.0	-1.0	60	60	1	1	0	43	42341443	937	354	806	218	188.83	0	-0.55	-9.99	0.00	0.00
11	11	ÄÐ	0	10.00	1	0	1	1	0	0	50.00	5	0.0	0.0	0.0	0.0	0.0	-1.0	-1.0	-1.0	-1.0	-1.0	-1.0	-1.0	60	60	1	1	0	44	42341483	937	354	806	218	188.83	0	-0.56	-9.98	0.00	0.00
11	11	ÄÐ	0	10.00	1	0	1	1	0	0	50.00	5	0.0	0.0	0.0	0.0	0.0	-1.0	-1.0	-1.0	-1.0	-1.0	-1.0	-1.0	60	60	1	1	0	45	42341523	937	353	806	218	188.11	0	-0.57	-9.98	200.00	200.00
11	11	ÄÐ	0	10.00	1	0	1	1	0	0	50.00	5	0.0	0.0	0.0	0.0	0.0	-1.0	-1.0	-1.0	-1.0	-1.0	-1.0	-1.0	60	60	1	1	0	46	42341563	937	353	814	226	176.80	0	-0.59	-9.98	200.00	200.00
11	11	ÄÐ	0	10.00	1	0	1	1	0	0	50.00	5	0.0	0.0	0.0	0.0	0.0	-1.0	-1.0	-1.0	-1.0	-1.0	-1.0	-1.0	60	60	1	1	0	47	42341603	937	353	822	234	165.49	0	-0.60	-9.98	200.00	200.00
11	11	ÄÐ	0	10.00	1	0	1	1	0	0	50.00	5	0.0	0.0	0.0	0.0	0.0	-1.0	-1.0	-1.0	-1.0	-1.0	-1.0	-1.0	60	60	1	1	0	48	42341643	937	352	830	242	153.46	0	-0.61	-9.98	200.00	0.00
11	11	ÄÐ	0	10.00	1	0	1	1	0	0	50.00	5	0.0	0.0	0.0	0.0	0.0	-1.0	-1.0	-1.0	-1.0	-1.0	-1.0	-1.0	60	60	1	1	0	49	42341683	937	352	838	242	147.99	0	-0.63	-9.98	200.00	0.00
11	11	ÄÐ	0	10.00	1	0	1	1	0	0	50.00	5	0.0	0.0	0.0	0.0	0.0	-1.0	-1.0	-1.0	-1.0	-1.0	-1.0	-1.0	60	60	1	1	0	50	42341723	937	351	846	242	141.99	0	-0.64	-9.98	200.00	0.00
11	11	ÄÐ	0	10.00	1	0	1	1	0	0	50.00	5	0.0	0.0	0.0	0.0	0.0	-1.0	-1.0	-1.0	-1.0	-1.0	-1.0	-1.0	60	60	1	1	0	51	42341763	937	351	854	242	137.00	0	-0.65	-9.98	0.00	0.00
11	11	ÄÐ	0	10.00	1	0	1	1	0	0	50.00	5	0.0	0.0	0.0	0.0	0.0	-1.0	-1.0	-1.0	-1.0	-1.0	-1.0	-1.0	60	60	1	1	0	52	42341803	937	351	854	242	137.00	0	-0.67	-9.98	0.00	0.00
11	11	ÄÐ	0	10.00	1	0	1	1	0	0	50.00	5	0.0	0.0	0.0	0.0	0.0	-1.0	-1.0	-1.0	-1.0	-1.0	-1.0	-1.0	60	60	1	1	0	53	42341843	937	350	854	242	136.21	0	-0.68	-9.98	0.00	0.00
11	11	ÄÐ	0	10.00	1	0	1	1	0	0	50.00	5	0.0	0.0	0.0	0.0	0.0	-1.0	-1.0	-1.0	-1.0	-1.0	-1.0	-1.0	60	60	1	1	0	54	42341883	937	350	854	242	136.21	0	-0.69	-9.98	0.00	0.00
11	11	ÄÐ	0	10.00	1	0	1	1	0	0	50.00	5	0.0	0.0	0.0	0.0	0.0	-1.0	-1.0	-1.0	-1.0	-1.0	-1.0	-1.0	60	60	1	1	0	55	42341923	937	349	854	242	135.42	0	-0.71	-9.98	0.00	0.00
11	11	ÄÐ	0	10.00	1	0	1	1	0	0	50.00	5	0.0	0.0	0.0	0.0	0.0	-1.0	-1.0	-1.0	-1.0	-1.0	-1.0	-1.0	60	60	1	1	0	56	42341963	937	349	854	242	135.42	0	-0.72	-9.97	0.00	0.00
11	11	ÄÐ	0	10.00	1	0	1	1	0	0	50.00	5	0.0	0.0	0.0	0.0	0.0	-1.0	-1.0	-1.0	-1.0	-1.0	-1.0	-1.0	60	60	1	1	0	57	42342003	937	349	854	242	135.42	0	-0.73	-9.97	0.00	0.00
11	11	ÄÐ	0	10.00	1	0	1	1	0	0	50.00	5	0.0	0.0	0.0	0.0	0.0	-1.0	-1.0	-1.0	-1.0	-1.0	-1.0	-1.0	60	60	1	1	0	58	42342043	937	348	854	242	134.63	0	-0.75	-9.97	0.00	0.00
