ID	Name	Sex	Session	DistanceError	PracMode	ExperMode	MainTask	SubTask	Background	Direction	InitSpeed	HoldTimeNum	HoldTime1	HoldTime2	HoldTime3	HoldTime4	HoldTime5	HoldTime6	HoldTime7	HoldTime8	HoldTime9	HoldTime10	HoldTime11	HoldTime12	PracTime	ExperTime	PracTimes	ExperTimes	Pra_Test	PointNum	PointTime	ObjPointX	ObjPointY	PostPointX	PostPointY	Distance	Hit	ObjSpeedX	ObjSpeedY	PostSpeedX	PostSpeedY
11	11	ÄÐ	0	10.00	1	0	1	1	0	0	50.00	4	3.0	6.0	9.0	12.0	-1.0	-1.0	-1.0	-1.0	-1.0	-1.0	-1.0	-1.0	60	60	1	1	0	1	2963608	795	371	495	371	18687.43	0	100.00	0.00	-200.00	-200.00
11	11	ÄÐ	0	10.00	1	0	1	1	0	0	50.00	4	3.0	6.0	9.0	12.0	-1.0	-1.0	-1.0	-1.0	-1.0	-1.0	-1.0	-1.0	60	60	1	1	0	2	2963648	795	371	486	362	309.13	0	-0.00	-100.00	-200.00	-200.00
11	11	ÄÐ	0	10.00	1	0	1	1	0	0	50.00	4	3.0	6.0	9.0	12.0	-1.0	-1.0	-1.0	-1.0	-1.0	-1.0	-1.0	-1.0	60	60	1	1	0	3	2963688	794	367	478	354	316.27	0	-1.33	-99.99	-200.00	-200.00
11	11	ÄÐ	0	10.00	1	0	1	1	0	0	50.00	4	3.0	6.0	9.0	12.0	-1.0	-1.0	-1.0	-1.0	-1.0	-1.0	-1.0	-1.0	60	60	1	1	0	4	2963728	794	363	470	346	324.45	0	-2.67	-99.96	-200.00	-200.00
11	11	ÄÐ	0	10.00	1	0	1	1	0	0	50.00	4	3.0	6.0	9.0	12.0	-1.0	-1.0	-1.0	-1.0	-1.0	-1.0	-1.0	-1.0	60	60	1	1	0	5	2963768	794	359	462	338	332.66	0	-4.00	-99.92	-200.00	-200.00
11	11	ÄÐ	0	10.00	1	0	1	1	0	0	50.00	4	3.0	6.0	9.0	12.0	-1.0	-1.0	-1.0	-1.0	-1.0	-1.0	-1.0	-1.0	60	60	1	1	0	6	2963808	794	354	454	330	340.85	0	-5.33	-99.86	-200.00	-200.00
11	11	ÄÐ	0	10.00	1	0	1	1	0	0	50.00	4	3.0	6.0	9.0	12.0	-1.0	-1.0	-1.0	-1.0	-1.0	-1.0	-1.0	-1.0	60	60	1	1	0	7	2963848	794	351	446	322	349.21	0	-6.67	-99.78	-200.00	-200.00
11	11	ÄÐ	0	10.00	1	0	1	1	0	0	50.00	4	3.0	6.0	9.0	12.0	-1.0	-1.0	-1.0	-1.0	-1.0	-1.0	-1.0	-1.0	60	60	1	1	0	8	2963888	794	347	438	314	357.53	0	-8.00	-99.68	-200.00	-200.00
11	11	ÄÐ	0	10.00	1	0	1	1	0	0	50.00	4	3.0	6.0	9.0	12.0	-1.0	-1.0	-1.0	-1.0	-1.0	-1.0	-1.0	-1.0	60	60	1	1	0	9	2963928	793	343	430	306	364.88	0	-9.32	-99.56	-200.00	-200.00
11	11	ÄÐ	0	10.00	1	0	1	1	0	0	50.00	4	3.0	6.0	9.0	12.0	-1.0	-1.0	-1.0	-1.0	-1.0	-1.0	-1.0	-1.0	60	60	1	1	0	10	2963968	793	339	422	298	373.26	0	-10.65	-99.43	0.00	0.00
11	11	ÄÐ	0	10.00	1	0	1	1	0	0	50.00	4	3.0	6.0	9.0	12.0	-1.0	-1.0	-1.0	-1.0	-1.0	-1.0	-1.0	-1.0	60	60	1	1	0	11	2964008	792	335	422	298	371.85	0	-11.98	-99.28	0.00	0.00
11	11	ÄÐ	0	10.00	1	0	1	1	0	0	50.00	4	3.0	6.0	9.0	12.0	-1.0	-1.0	-1.0	-1.0	-1.0	-1.0	-1.0	-1.0	60	60	1	1	0	12	2964048	792	331	422	298	371.47	0	-13.30	-99.11	0.00	0.00
11	11	ÄÐ	0	10.00	1	0	1	1	0	0	50.00	4	3.0	6.0	9.0	12.0	-1.0	-1.0	-1.0	-1.0	-1.0	-1.0	-1.0	-1.0	60	60	1	1	0	13	2964088	791	327	422	298	370.14	0	-14.62	-98.92	0.00	0.00
11	11	ÄÐ	0	10.00	1	0	1	1	0	0	50.00	4	3.0	6.0	9.0	12.0	-1.0	-1.0	-1.0	-1.0	-1.0	-1.0	-1.0	-1.0	60	60	1	1	0	14	2964128	791	323	422	298	369.85	0	-15.94	-98.72	0.00	0.00
11	11	ÄÐ	0	10.00	1	0	1	1	0	0	50.00	4	3.0	6.0	9.0	12.0	-1.0	-1.0	-1.0	-1.0	-1.0	-1.0	-1.0	-1.0	60	60	1	1	0	15	2964168	790	319	422	298	368.60	0	-17.26	-98.50	0.00	0.00
11	11	ÄÐ	0	10.00	1	0	1	1	0	0	50.00	4	3.0	6.0	9.0	12.0	-1.0	-1.0	-1.0	-1.0	-1.0	-1.0	-1.0	-1.0	60	60	1	1	0	16	2964208	789	315	422	298	367.39	0	-18.57	-98.26	0.00	0.00
11	11	ÄÐ	0	10.00	1	0	1	1	0	0	50.00	4	3.0	6.0	9.0	12.0	-1.0	-1.0	-1.0	-1.0	-1.0	-1.0	-1.0	-1.0	60	60	1	1	0	17	2964248	789	311	422	298	367.23	0	-19.88	-98.00	0.00	0.00
11	11	ÄÐ	0	10.00	1	0	1	1	0	0	50.00	4	3.0	6.0	9.0	12.0	-1.0	-1.0	-1.0	-1.0	-1.0	-1.0	-1.0	-1.0	60	60	1	1	0	18	2964288	788	307	422	298	366.11	0	-21.19	-97.73	0.00	0.00
11	11	ÄÐ	0	10.00	1	0	1	1	0	0	50.00	4	3.0	6.0	9.0	12.0	-1.0	-1.0	-1.0	-1.0	-1.0	-1.0	-1.0	-1.0	60	60	1	1	0	19	2964328	787	303	422	298	365.03	0	-22.49	-97.44	0.00	0.00
11	11	ÄÐ	0	10.00	1	0	1	1	0	0	50.00	4	3.0	6.0	9.0	12.0	-1.0	-1.0	-1.0	-1.0	-1.0	-1.0	-1.0	-1.0	60	60	1	1	0	20	2964368	786	299	422	298	364.00	0	-23.79	-97.13	0.00	0.00
11	11	ÄÐ	0	10.00	1	0	1	1	0	0	50.00	4	3.0	6.0	9.0	12.0	-1.0	-1.0	-1.0	-1.0	-1.0	-1.0	-1.0	-1.0	60	60	1	1	0	21	2964408	785	295	422	298	363.01	0	-25.08	-96.80	0.00	0.00
11	11	ÄÐ	0	10.00	1	0	1	1	0	0	50.00	4	3.0	6.0	9.0	12.0	-1.0	-1.0	-1.0	-1.0	-1.0	-1.0	-1.0	-1.0	60	60	1	1	0	22	2964448	784	291	422	298	362.07	0	-26.37	-96.46	0.00	0.00
11	11	ÄÐ	0	10.00	1	0	1	1	0	0	50.00	4	3.0	6.0	9.0	12.0	-1.0	-1.0	-1.0	-1.0	-1.0	-1.0	-1.0	-1.0	60	60	1	1	0	23	2964488	783	288	422	298	361.14	0	-27.65	-96.10	0.00	-200.00
11	11	ÄÐ	0	10.00	1	0	1	1	0	0	50.00	4	3.0	6.0	9.0	12.0	-1.0	-1.0	-1.0	-1.0	-1.0	-1.0	-1.0	-1.0	60	60	1	1	0	24	2964528	782	284	422	290	360.05	0	-28.93	-95.72	0.00	-200.00
11	11	ÄÐ	0	10.00	1	0	1	1	0	0	50.00	4	3.0	6.0	9.0	12.0	-1.0	-1.0	-1.0	-1.0	-1.0	-1.0	-1.0	-1.0	60	60	1	1	0	25	2964568	780	280	422	282	358.01	0	-30.20	-95.33	0.00	-200.00
11	11	ÄÐ	0	10.00	1	0	1	1	0	0	50.00	4	3.0	6.0	9.0	12.0	-1.0	-1.0	-1.0	-1.0	-1.0	-1.0	-1.0	-1.0	60	60	1	1	0	26	2964608	779	276	422	274	357.01	0	-31.47	-94.92	0.00	-200.00
11	11	ÄÐ	0	10.00	1	0	1	1	0	0	50.00	4	3.0	6.0	9.0	12.0	-1.0	-1.0	-1.0	-1.0	-1.0	-1.0	-1.0	-1.0	60	60	1	1	0	27	2964648	778	272	422	266	356.05	0	-32.74	-94.49	0.00	-200.00
11	11	ÄÐ	0	10.00	1	0	1	1	0	0	50.00	4	3.0	6.0	9.0	12.0	-1.0	-1.0	-1.0	-1.0	-1.0	-1.0	-1.0	-1.0	60	60	1	1	0	28	2964688	777	269	422	258	355.17	0	-33.99	-94.05	0.00	-200.00
11	11	ÄÐ	0	10.00	1	0	1	1	0	0	50.00	4	3.0	6.0	9.0	12.0	-1.0	-1.0	-1.0	-1.0	-1.0	-1.0	-1.0	-1.0	60	60	1	1	0	29	2964728	775	265	422	250	353.32	0	-35.24	-93.58	0.00	0.00
11	11	ÄÐ	0	10.00	1	0	1	1	0	0	50.00	4	3.0	6.0	9.0	12.0	-1.0	-1.0	-1.0	-1.0	-1.0	-1.0	-1.0	-1.0	60	60	1	1	0	30	2964768	774	261	422	250	352.17	0	-36.49	-93.11	0.00	0.00
11	11	ÄÐ	0	10.00	1	0	1	1	0	0	50.00	4	3.0	6.0	9.0	12.0	-1.0	-1.0	-1.0	-1.0	-1.0	-1.0	-1.0	-1.0	60	60	1	1	0	31	2964808	772	257	422	250	350.07	0	-37.73	-92.61	0.00	0.00
11	11	ÄÐ	0	10.00	1	0	1	1	0	0	50.00	4	3.0	6.0	9.0	12.0	-1.0	-1.0	-1.0	-1.0	-1.0	-1.0	-1.0	-1.0	60	60	1	1	0	32	2964848	771	254	422	250	349.02	0	-38.96	-92.10	0.00	0.00
11	11	ÄÐ	0	10.00	1	0	1	1	0	0	50.00	4	3.0	6.0	9.0	12.0	-1.0	-1.0	-1.0	-1.0	-1.0	-1.0	-1.0	-1.0	60	60	1	1	0	33	2964888	769	250	422	250	347.00	0	-40.18	-91.57	0.00	-200.00
11	11	ÄÐ	0	10.00	1	0	1	1	0	0	50.00	4	3.0	6.0	9.0	12.0	-1.0	-1.0	-1.0	-1.0	-1.0	-1.0	-1.0	-1.0	60	60	1	1	0	34	2964928	768	246	422	242	346.02	0	-41.40	-91.03	0.00	-200.00
11	11	ÄÐ	0	10.00	1	0	1	1	0	0	50.00	4	3.0	6.0	9.0	12.0	-1.0	-1.0	-1.0	-1.0	-1.0	-1.0	-1.0	-1.0	60	60	1	1	0	35	2964968	766	243	422	234	344.12	0	-42.61	-90.47	0.00	-200.00
11	11	ÄÐ	0	10.00	1	0	1	1	0	0	50.00	4	3.0	6.0	9.0	12.0	-1.0	-1.0	-1.0	-1.0	-1.0	-1.0	-1.0	-1.0	60	60	1	1	0	36	2965008	764	239	422	226	342.25	0	-43.81	-89.89	0.00	-200.00
11	11	ÄÐ	0	10.00	1	0	1	1	0	0	50.00	4	3.0	6.0	9.0	12.0	-1.0	-1.0	-1.0	-1.0	-1.0	-1.0	-1.0	-1.0	60	60	1	1	0	37	2965048	762	235	422	218	340.42	0	-45.01	-89.30	0.00	-200.00
11	11	ÄÐ	0	10.00	1	0	1	1	0	0	50.00	4	3.0	6.0	9.0	12.0	-1.0	-1.0	-1.0	-1.0	-1.0	-1.0	-1.0	-1.0	60	60	1	1	0	38	2965088	761	232	422	210	339.71	0	-46.19	-88.69	0.00	-200.00
11	11	ÄÐ	0	10.00	1	0	1	1	0	0	50.00	4	3.0	6.0	9.0	12.0	-1.0	-1.0	-1.0	-1.0	-1.0	-1.0	-1.0	-1.0	60	60	1	1	0	39	2965128	759	228	422	202	338.00	0	-47.37	-88.07	0.00	0.00
11	11	ÄÐ	0	10.00	1	0	1	1	0	0	50.00	4	3.0	6.0	9.0	12.0	-1.0	-1.0	-1.0	-1.0	-1.0	-1.0	-1.0	-1.0	60	60	1	1	0	40	2965168	757	225	422	202	335.79	0	-48.54	-87.43	0.00	0.00
11	11	ÄÐ	0	10.00	1	0	1	1	0	0	50.00	4	3.0	6.0	9.0	12.0	-1.0	-1.0	-1.0	-1.0	-1.0	-1.0	-1.0	-1.0	60	60	1	1	0	41	2965208	755	221	422	202	333.54	0	-49.70	-86.77	0.00	0.00
11	11	ÄÐ	0	10.00	1	0	1	1	0	0	50.00	4	3.0	6.0	9.0	12.0	-1.0	-1.0	-1.0	-1.0	-1.0	-1.0	-1.0	-1.0	60	60	1	1	0	42	2965248	753	218	422	202	331.39	0	-50.86	-86.10	0.00	0.00
11	11	ÄÐ	0	10.00	1	0	1	1	0	0	50.00	4	3.0	6.0	9.0	12.0	-1.0	-1.0	-1.0	-1.0	-1.0	-1.0	-1.0	-1.0	60	60	1	1	0	43	2965288	751	215	422	202	329.26	0	-52.00	-85.42	0.00	0.00
11	11	ÄÐ	0	10.00	1	0	1	1	0	0	50.00	4	3.0	6.0	9.0	12.0	-1.0	-1.0	-1.0	-1.0	-1.0	-1.0	-1.0	-1.0	60	60	1	1	0	44	2965328	749	211	422	202	327.12	0	-53.13	-84.72	0.00	0.00
11	11	ÄÐ	0	10.00	1	0	1	1	0	0	50.00	4	3.0	6.0	9.0	12.0	-1.0	-1.0	-1.0	-1.0	-1.0	-1.0	-1.0	-1.0	60	60	1	1	0	45	2965368	747	208	422	202	325.06	0	-54.26	-84.00	0.00	0.00
11	11	ÄÐ	0	10.00	1	0	1	1	0	0	50.00	4	3.0	6.0	9.0	12.0	-1.0	-1.0	-1.0	-1.0	-1.0	-1.0	-1.0	-1.0	60	60	1	1	0	46	2965408	744	204	422	202	322.01	0	-55.37	-83.27	0.00	0.00
11	11	ÄÐ	0	10.00	1	0	1	1	0	0	50.00	4	3.0	6.0	9.0	12.0	-1.0	-1.0	-1.0	-1.0	-1.0	-1.0	-1.0	-1.0	60	60	1	1	0	47	2965448	742	201	422	202	320.00	0	-56.48	-82.52	0.00	-200.00
11	11	ÄÐ	0	10.00	1	0	1	1	0	0	50.00	4	3.0	6.0	9.0	12.0	-1.0	-1.0	-1.0	-1.0	-1.0	-1.0	-1.0	-1.0	60	60	1	1	0	48	2965488	740	198	422	194	318.03	0	-57.57	-81.76	0.00	-200.00
11	11	ÄÐ	0	10.00	1	0	1	1	0	0	50.00	4	3.0	6.0	9.0	12.0	-1.0	-1.0	-1.0	-1.0	-1.0	-1.0	-1.0	-1.0	60	60	1	1	0	49	2965528	737	195	422	186	315.13	0	-58.66	-80.99	0.00	-200.00
11	11	ÄÐ	0	10.00	1	0	1	1	0	0	50.00	4	3.0	6.0	9.0	12.0	-1.0	-1.0	-1.0	-1.0	-1.0	-1.0	-1.0	-1.0	60	60	1	1	0	50	2965568	735	191	422	178	313.27	0	-59.73	-80.20	-200.00	-200.00
11	11	ÄÐ	0	10.00	1	0	1	1	0	0	50.00	4	3.0	6.0	9.0	12.0	-1.0	-1.0	-1.0	-1.0	-1.0	-1.0	-1.0	-1.0	60	60	1	1	0	51	2965608	733	188	414	170	319.51	0	-60.80	-79.40	-200.00	-200.00
11	11	ÄÐ	0	10.00	1	0	1	1	0	0	50.00	4	3.0	6.0	9.0	12.0	-1.0	-1.0	-1.0	-1.0	-1.0	-1.0	-1.0	-1.0	60	60	1	1	0	52	2965648	730	185	406	162	324.82	0	-61.85	-78.58	0.00	0.00
11	11	ÄÐ	0	10.00	1	0	1	1	0	0	50.00	4	3.0	6.0	9.0	12.0	-1.0	-1.0	-1.0	-1.0	-1.0	-1.0	-1.0	-1.0	60	60	1	1	0	53	2965688	728	182	406	162	322.62	0	-62.89	-77.75	0.00	0.00
11	11	ÄÐ	0	10.00	1	0	1	1	0	0	50.00	4	3.0	6.0	9.0	12.0	-1.0	-1.0	-1.0	-1.0	-1.0	-1.0	-1.0	-1.0	60	60	1	1	0	54	2965728	725	179	406	162	319.45	0	-63.92	-76.90	0.00	0.00
11	11	ÄÐ	0	10.00	1	0	1	1	0	0	50.00	4	3.0	6.0	9.0	12.0	-1.0	-1.0	-1.0	-1.0	-1.0	-1.0	-1.0	-1.0	60	60	1	1	0	55	2965768	723	176	406	162	317.31	0	-64.94	-76.04	-200.00	0.00
11	11	ÄÐ	0	10.00	1	0	1	1	0	0	50.00	4	3.0	6.0	9.0	12.0	-1.0	-1.0	-1.0	-1.0	-1.0	-1.0	-1.0	-1.0	60	60	1	1	0	56	2965808	720	173	398	162	322.19	0	-65.95	-75.17	-200.00	-200.00
11	11	ÄÐ	0	10.00	1	0	1	1	0	0	50.00	4	3.0	6.0	9.0	12.0	-1.0	-1.0	-1.0	-1.0	-1.0	-1.0	-1.0	-1.0	60	60	1	1	0	57	2965848	717	170	390	154	327.39	0	-66.95	-74.28	-200.00	0.00
11	11	ÄÐ	0	10.00	1	0	1	1	0	0	50.00	4	3.0	6.0	9.0	12.0	-1.0	-1.0	-1.0	-1.0	-1.0	-1.0	-1.0	-1.0	60	60	1	1	0	58	2965888	715	167	382	154	333.25	0	-67.93	-73.38	-200.00	0.00
11	11	ÄÐ	0	10.00	1	0	1	1	0	0	50.00	4	3.0	6.0	9.0	12.0	-1.0	-1.0	-1.0	-1.0	-1.0	-1.0	-1.0	-1.0	60	60	1	1	0	59	2965928	712	164	374	154	338.15	0	-68.90	-72.47	-200.00	0.00
11	11	ÄÐ	0	10.00	1	0	1	1	0	0	50.00	4	3.0	6.0	9.0	12.0	-1.0	-1.0	-1.0	-1.0	-1.0	-1.0	-1.0	-1.0	60	60	1	1	0	60	2965968	709	161	366	154	343.07	0	-69.86	-71.55	-200.00	0.00
11	11	ÄÐ	0	10.00	1	0	1	1	0	0	50.00	4	3.0	6.0	9.0	12.0	-1.0	-1.0	-1.0	-1.0	-1.0	-1.0	-1.0	-1.0	60	60	1	1	0	61	2966008	706	158	358	154	348.02	0	-70.81	-70.61	0.00	0.00
11	11	ÄÐ	0	10.00	1	0	1	1	0	0	50.00	4	3.0	6.0	9.0	12.0	-1.0	-1.0	-1.0	-1.0	-1.0	-1.0	-1.0	-1.0	60	60	1	1	0	62	2966048	703	155	358	154	345.00	0	-71.75	-69.66	0.00	0.00
11	11	ÄÐ	0	10.00	1	0	1	1	0	0	50.00	4	3.0	6.0	9.0	12.0	-1.0	-1.0	-1.0	-1.0	-1.0	-1.0	-1.0	-1.0	60	60	1	1	0	63	2966088	701	152	358	154	343.01	0	-72.67	-68.70	0.00	0.00
11	11	ÄÐ	0	10.00	1	0	1	1	0	0	50.00	4	3.0	6.0	9.0	12.0	-1.0	-1.0	-1.0	-1.0	-1.0	-1.0	-1.0	-1.0	60	60	1	1	0	64	2966128	698	150	358	154	340.02	0	-73.58	-67.72	0.00	0.00
11	11	ÄÐ	0	10.00	1	0	1	1	0	0	50.00	4	3.0	6.0	9.0	12.0	-1.0	-1.0	-1.0	-1.0	-1.0	-1.0	-1.0	-1.0	60	60	1	1	0	65	2966168	695	147	358	154	337.07	0	-74.48	-66.73	-200.00	200.00
11	11	ÄÐ	0	10.00	1	0	1	1	0	0	50.00	4	3.0	6.0	9.0	12.0	-1.0	-1.0	-1.0	-1.0	-1.0	-1.0	-1.0	-1.0	60	60	1	1	0	66	2966208	692	144	350	162	342.47	0	-75.36	-65.73	-200.00	200.00
11	11	ÄÐ	0	10.00	1	0	1	1	0	0	50.00	4	3.0	6.0	9.0	12.0	-1.0	-1.0	-1.0	-1.0	-1.0	-1.0	-1.0	-1.0	60	60	1	1	0	67	2966248	689	142	342	170	348.13	0	-76.23	-64.72	-200.00	200.00
11	11	ÄÐ	0	10.00	1	0	1	1	0	0	50.00	4	3.0	6.0	9.0	12.0	-1.0	-1.0	-1.0	-1.0	-1.0	-1.0	-1.0	-1.0	60	60	1	1	0	68	2966288	686	139	334	178	354.15	0	-77.09	-63.70	-200.00	200.00
11	11	ÄÐ	0	10.00	1	0	1	1	0	0	50.00	4	3.0	6.0	9.0	12.0	-1.0	-1.0	-1.0	-1.0	-1.0	-1.0	-1.0	-1.0	60	60	1	1	0	69	2966328	683	137	326	186	360.35	0	-77.93	-62.67	-200.00	200.00
11	11	ÄÐ	0	10.00	1	0	1	1	0	0	50.00	4	3.0	6.0	9.0	12.0	-1.0	-1.0	-1.0	-1.0	-1.0	-1.0	-1.0	-1.0	60	60	1	1	0	70	2966368	679	134	318	194	365.95	0	-78.76	-61.62	-200.00	200.00
11	11	ÄÐ	0	10.00	1	0	1	1	0	0	50.00	4	3.0	6.0	9.0	12.0	-1.0	-1.0	-1.0	-1.0	-1.0	-1.0	-1.0	-1.0	60	60	1	1	0	71	2966408	676	132	310	202	372.63	0	-79.57	-60.57	-200.00	200.00
11	11	ÄÐ	0	10.00	1	0	1	1	0	0	50.00	4	3.0	6.0	9.0	12.0	-1.0	-1.0	-1.0	-1.0	-1.0	-1.0	-1.0	-1.0	60	60	1	1	0	72	2966448	673	129	302	210	379.74	0	-80.37	-59.50	0.00	200.00
11	11	ÄÐ	0	10.00	1	0	1	1	0	0	50.00	4	3.0	6.0	9.0	12.0	-1.0	-1.0	-1.0	-1.0	-1.0	-1.0	-1.0	-1.0	60	60	1	1	0	73	2966488	670	127	302	218	379.08	0	-81.16	-58.42	0.00	200.00
11	11	ÄÐ	0	10.00	1	0	1	1	0	0	50.00	4	3.0	6.0	9.0	12.0	-1.0	-1.0	-1.0	-1.0	-1.0	-1.0	-1.0	-1.0	60	60	1	1	0	74	2966528	667	125	302	226	378.72	0	-81.93	-57.34	0.00	200.00
11	11	ÄÐ	0	10.00	1	0	1	1	0	0	50.00	4	3.0	6.0	9.0	12.0	-1.0	-1.0	-1.0	-1.0	-1.0	-1.0	-1.0	-1.0	60	60	1	1	0	75	2966568	663	122	302	234	377.97	0	-82.69	-56.24	0.00	200.00
11	11	ÄÐ	0	10.00	1	0	1	1	0	0	50.00	4	3.0	6.0	9.0	12.0	-1.0	-1.0	-1.0	-1.0	-1.0	-1.0	-1.0	-1.0	60	60	1	1	0	76	2966608	660	120	302	242	378.22	0	-83.43	-55.13	200.00	200.00
11	11	ÄÐ	0	10.00	1	0	1	1	0	0	50.00	4	3.0	6.0	9.0	12.0	-1.0	-1.0	-1.0	-1.0	-1.0	-1.0	-1.0	-1.0	60	60	1	1	0	77	2966648	657	118	310	250	371.26	0	-84.16	-54.02	200.00	200.00
11	11	ÄÐ	0	10.00	1	0	1	1	0	0	50.00	4	3.0	6.0	9.0	12.0	-1.0	-1.0	-1.0	-1.0	-1.0	-1.0	-1.0	-1.0	60	60	1	1	0	78	2966688	653	116	318	258	363.85	0	-84.87	-52.89	200.00	200.00
11	11	ÄÐ	0	10.00	1	0	1	1	0	0	50.00	4	3.0	6.0	9.0	12.0	-1.0	-1.0	-1.0	-1.0	-1.0	-1.0	-1.0	-1.0	60	60	1	1	0	79	2966728	650	114	326	266	357.88	0	-85.57	-51.75	0.00	0.00
11	11	ÄÐ	0	10.00	1	0	1	1	0	0	50.00	4	3.0	6.0	9.0	12.0	-1.0	-1.0	-1.0	-1.0	-1.0	-1.0	-1.0	-1.0	60	60	1	1	0	80	2966768	646	112	326	266	355.13	0	-86.25	-50.61	0.00	0.00
11	11	ÄÐ	0	10.00	1	0	1	1	0	0	50.00	4	3.0	6.0	9.0	12.0	-1.0	-1.0	-1.0	-1.0	-1.0	-1.0	-1.0	-1.0	60	60	1	1	0	81	2966808	643	110	326	266	353.31	0	-86.92	-49.45	200.00	200.00
11	11	ÄÐ	0	10.00	1	0	1	1	0	0	50.00	4	3.0	6.0	9.0	12.0	-1.0	-1.0	-1.0	-1.0	-1.0	-1.0	-1.0	-1.0	60	60	1	1	0	82	2966848	639	108	334	274	347.25	0	-87.57	-48.29	200.00	200.00
11	11	ÄÐ	0	10.00	1	0	1	1	0	0	50.00	4	3.0	6.0	9.0	12.0	-1.0	-1.0	-1.0	-1.0	-1.0	-1.0	-1.0	-1.0	60	60	1	1	0	83	2966888	636	106	342	282	342.65	0	-88.20	-47.12	200.00	200.00
11	11	ÄÐ	0	10.00	1	0	1	1	0	0	50.00	4	3.0	6.0	9.0	12.0	-1.0	-1.0	-1.0	-1.0	-1.0	-1.0	-1.0	-1.0	60	60	1	1	0	84	2966928	632	104	350	290	337.82	0	-88.82	-45.94	200.00	200.00
11	11	ÄÐ	0	10.00	1	0	1	1	0	0	50.00	4	3.0	6.0	9.0	12.0	-1.0	-1.0	-1.0	-1.0	-1.0	-1.0	-1.0	-1.0	60	60	1	1	0	85	2966968	629	102	358	298	334.45	0	-89.43	-44.75	200.00	200.00
11	11	ÄÐ	0	10.00	1	0	1	1	0	0	50.00	4	3.0	6.0	9.0	12.0	-1.0	-1.0	-1.0	-1.0	-1.0	-1.0	-1.0	-1.0	60	60	1	1	0	86	2967008	625	100	366	306	330.93	0	-90.02	-43.55	200.00	200.00
11	11	ÄÐ	0	10.00	1	0	1	1	0	0	50.00	4	3.0	6.0	9.0	12.0	-1.0	-1.0	-1.0	-1.0	-1.0	-1.0	-1.0	-1.0	60	60	1	1	0	87	2967048	622	99	374	314	328.22	0	-90.59	-42.35	200.00	0.00
11	11	ÄÐ	0	10.00	1	0	1	1	0	0	50.00	4	3.0	6.0	9.0	12.0	-1.0	-1.0	-1.0	-1.0	-1.0	-1.0	-1.0	-1.0	60	60	1	1	0	88	2967088	618	97	382	314	320.60	0	-91.15	-41.14	0.00	0.00
11	11	ÄÐ	0	10.00	1	0	1	1	0	0	50.00	4	3.0	6.0	9.0	12.0	-1.0	-1.0	-1.0	-1.0	-1.0	-1.0	-1.0	-1.0	60	60	1	1	0	89	2967128	614	95	382	314	319.04	0	-91.69	-39.92	-200.00	-200.00
11	11	ÄÐ	0	10.00	1	0	1	1	0	0	50.00	4	3.0	6.0	9.0	12.0	-1.0	-1.0	-1.0	-1.0	-1.0	-1.0	-1.0	-1.0	60	60	1	1	0	90	2967168	611	94	374	306	317.98	0	-92.21	-38.69	-200.00	-200.00
11	11	ÄÐ	0	10.00	1	0	1	1	0	0	50.00	4	3.0	6.0	9.0	12.0	-1.0	-1.0	-1.0	-1.0	-1.0	-1.0	-1.0	-1.0	60	60	1	1	0	91	2967208	607	92	366	298	317.04	0	-92.72	-37.45	-200.00	0.00
11	11	ÄÐ	0	10.00	1	0	1	1	0	0	50.00	4	3.0	6.0	9.0	12.0	-1.0	-1.0	-1.0	-1.0	-1.0	-1.0	-1.0	-1.0	60	60	1	1	0	92	2967248	603	91	358	298	320.74	0	-93.21	-36.21	-200.00	0.00
11	11	ÄÐ	0	10.00	1	0	1	1	0	0	50.00	4	3.0	6.0	9.0	12.0	-1.0	-1.0	-1.0	-1.0	-1.0	-1.0	-1.0	-1.0	60	60	1	1	0	93	2967288	599	89	350	298	325.09	0	-93.69	-34.97	-200.00	0.00
11	11	ÄÐ	0	10.00	1	0	1	1	0	0	50.00	4	3.0	6.0	9.0	12.0	-1.0	-1.0	-1.0	-1.0	-1.0	-1.0	-1.0	-1.0	60	60	1	1	0	94	2967328	596	88	342	298	329.57	0	-94.15	-33.71	-200.00	0.00
11	11	ÄÐ	0	10.00	1	0	1	1	0	0	50.00	4	3.0	6.0	9.0	12.0	-1.0	-1.0	-1.0	-1.0	-1.0	-1.0	-1.0	-1.0	60	60	1	1	0	95	2967368	592	87	334	298	333.29	0	-94.59	-32.46	0.00	0.00
11	11	ÄÐ	0	10.00	1	0	1	1	0	0	50.00	4	3.0	6.0	9.0	12.0	-1.0	-1.0	-1.0	-1.0	-1.0	-1.0	-1.0	-1.0	60	60	1	1	0	96	2967408	588	85	334	298	331.49	0	-95.01	-31.19	0.00	0.00
11	11	ÄÐ	0	10.00	1	0	1	1	0	0	50.00	4	3.0	6.0	9.0	12.0	-1.0	-1.0	-1.0	-1.0	-1.0	-1.0	-1.0	-1.0	60	60	1	1	0	97	2967448	584	84	334	298	329.08	0	-95.42	-29.92	0.00	0.00
11	11	ÄÐ	0	10.00	1	0	1	1	0	0	50.00	4	3.0	6.0	9.0	12.0	-1.0	-1.0	-1.0	-1.0	-1.0	-1.0	-1.0	-1.0	60	60	1	1	0	98	2967488	580	83	334	298	326.71	0	-95.81	-28.65	0.00	0.00
11	11	ÄÐ	0	10.00	1	0	1	1	0	0	50.00	4	3.0	6.0	9.0	12.0	-1.0	-1.0	-1.0	-1.0	-1.0	-1.0	-1.0	-1.0	60	60	1	1	0	99	2967528	577	82	334	298	325.12	0	-96.18	-27.37	0.00	0.00
11	11	ÄÐ	0	10.00	1	0	1	1	0	0	50.00	4	3.0	6.0	9.0	12.0	-1.0	-1.0	-1.0	-1.0	-1.0	-1.0	-1.0	-1.0	60	60	1	1	0	100	2967568	573	81	334	298	322.82	0	-96.54	-26.08	0.00	0.00
11	11	ÄÐ	0	10.00	1	0	1	1	0	0	50.00	4	3.0	6.0	9.0	12.0	-1.0	-1.0	-1.0	-1.0	-1.0	-1.0	-1.0	-1.0	60	60	1	1	0	101	2967608	569	80	334	298	320.54	0	-96.88	-24.79	0.00	0.00
11	11	ÄÐ	0	10.00	1	0	1	1	0	0	50.00	4	3.0	6.0	9.0	12.0	-1.0	-1.0	-1.0	-1.0	-1.0	-1.0	-1.0	-1.0	60	60	1	1	0	102	2967648	565	79	334	298	318.31	0	-97.20	-23.50	0.00	0.00
11	11	ÄÐ	0	10.00	1	0	1	1	0	0	50.00	4	3.0	6.0	9.0	12.0	-1.0	-1.0	-1.0	-1.0	-1.0	-1.0	-1.0	-1.0	60	60	1	1	0	103	2967688	561	78	334	298	316.12	0	-97.50	-22.20	0.00	0.00
11	11	ÄÐ	0	10.00	1	0	1	1	0	0	50.00	4	3.0	6.0	9.0	12.0	-1.0	-1.0	-1.0	-1.0	-1.0	-1.0	-1.0	-1.0	60	60	1	1	0	104	2967728	557	77	334	298	313.96	0	-97.79	-20.90	0.00	0.00
11	11	ÄÐ	0	10.00	1	0	1	1	0	0	50.00	4	3.0	6.0	9.0	12.0	-1.0	-1.0	-1.0	-1.0	-1.0	-1.0	-1.0	-1.0	60	60	1	1	0	105	2967768	553	76	334	298	311.84	0	-98.06	-19.59	0.00	0.00
11	11	ÄÐ	0	10.00	1	0	1	1	0	0	50.00	4	3.0	6.0	9.0	12.0	-1.0	-1.0	-1.0	-1.0	-1.0	-1.0	-1.0	-1.0	60	60	1	1	0	106	2967808	549	76	334	298	309.05	0	-98.31	-18.28	0.00	0.00
11	11	ÄÐ	0	10.00	1	0	1	1	0	0	50.00	4	3.0	6.0	9.0	12.0	-1.0	-1.0	-1.0	-1.0	-1.0	-1.0	-1.0	-1.0	60	60	1	1	0	107	2967848	545	75	334	298	307.00	0	-98.55	-16.97	0.00	0.00
11	11	ÄÐ	0	10.00	1	0	1	1	0	0	50.00	4	3.0	6.0	9.0	12.0	-1.0	-1.0	-1.0	-1.0	-1.0	-1.0	-1.0	-1.0	60	60	1	1	0	108	2967888	541	74	334	298	305.00	0	-98.77	-15.66	0.00	0.00
11	11	ÄÐ	0	10.00	1	0	1	1	0	0	50.00	4	3.0	6.0	9.0	12.0	-1.0	-1.0	-1.0	-1.0	-1.0	-1.0	-1.0	-1.0	60	60	1	1	0	109	2967928	538	74	334	298	302.97	0	-98.97	-14.34	0.00	0.00
11	11	ÄÐ	0	10.00	1	0	1	1	0	0	50.00	4	3.0	6.0	9.0	12.0	-1.0	-1.0	-1.0	-1.0	-1.0	-1.0	-1.0	-1.0	60	60	1	1	0	110	2967968	534	73	334	298	301.04	0	-99.15	-13.02	0.00	0.00
11	11	ÄÐ	0	10.00	1	0	1	1	0	0	50.00	4	3.0	6.0	9.0	12.0	-1.0	-1.0	-1.0	-1.0	-1.0	-1.0	-1.0	-1.0	60	60	1	1	0	111	2968008	530	73	334	298	298.40	0	-99.31	-11.69	0.00	0.00
11	11	ÄÐ	0	10.00	1	0	1	1	0	0	50.00	4	3.0	6.0	9.0	12.0	-1.0	-1.0	-1.0	-1.0	-1.0	-1.0	-1.0	-1.0	60	60	1	1	0	112	2968048	526	72	334	298	296.55	0	-99.46	-10.37	0.00	0.00
