ID	Name	Sex	Session	DistanceError	PracMode	ExperMode	MainTask	SubTask	Background	Direction	InitSpeed	HoldTimeNum	HoldTime1	HoldTime2	HoldTime3	HoldTime4	HoldTime5	HoldTime6	HoldTime7	HoldTime8	HoldTime9	HoldTime10	HoldTime11	HoldTime12	PracTime	ExperTime	PracTimes	ExperTimes	Pra_Test	PointNum	PointTime	ObjPointX	ObjPointY	PostPointX	PostPointY	Distance	Hit	ObjSpeedX	ObjSpeedY	PostSpeedX	PostSpeedY
11	11	ÄÐ	0	50.00	1	0	1	1	0	0	50.00	4	3.0	6.0	9.0	12.0	-1.0	-1.0	-1.0	-1.0	-1.0	-1.0	-1.0	-1.0	60	60	1	1	0	1	194754374	914	384	614	384	20344.32	0	100.00	0.00	188.00	0.00
11	11	ÄÐ	0	50.00	1	0	1	1	0	0	50.00	4	3.0	6.0	9.0	12.0	-1.0	-1.0	-1.0	-1.0	-1.0	-1.0	-1.0	-1.0	60	60	1	1	0	2	194754414	914	384	0	768	991.39	0	-0.00	-100.00	500.00	0.00
11	11	ÄÐ	0	50.00	1	0	1	1	0	0	50.00	4	3.0	6.0	9.0	12.0	-1.0	-1.0	-1.0	-1.0	-1.0	-1.0	-1.0	-1.0	60	60	1	1	0	3	194754454	913	380	0	0	988.92	0	-1.33	-99.99	500.00	0.00
11	11	ÄÐ	0	50.00	1	0	1	1	0	0	50.00	4	3.0	6.0	9.0	12.0	-1.0	-1.0	-1.0	-1.0	-1.0	-1.0	-1.0	-1.0	60	60	1	1	0	4	194754494	913	376	0	0	987.39	0	-2.67	-99.96	500.00	0.00
11	11	ÄÐ	0	50.00	1	0	1	1	0	0	50.00	4	3.0	6.0	9.0	12.0	-1.0	-1.0	-1.0	-1.0	-1.0	-1.0	-1.0	-1.0	60	60	1	1	0	5	194754534	913	372	0	0	985.88	0	-4.00	-99.92	500.00	0.00
11	11	ÄÐ	0	50.00	1	0	1	1	0	0	50.00	4	3.0	6.0	9.0	12.0	-1.0	-1.0	-1.0	-1.0	-1.0	-1.0	-1.0	-1.0	60	60	1	1	0	6	194754574	913	368	0	0	984.37	0	-5.33	-99.86	500.00	0.00
11	11	ÄÐ	0	50.00	1	0	1	1	0	0	50.00	4	3.0	6.0	9.0	12.0	-1.0	-1.0	-1.0	-1.0	-1.0	-1.0	-1.0	-1.0	60	60	1	1	0	7	194754614	913	364	0	0	982.89	0	-6.66	-99.78	500.00	0.00
11	11	ÄÐ	0	50.00	1	0	1	1	0	0	50.00	4	3.0	6.0	9.0	12.0	-1.0	-1.0	-1.0	-1.0	-1.0	-1.0	-1.0	-1.0	60	60	1	1	0	8	194754654	913	360	0	0	981.41	0	-7.99	-99.68	500.00	0.00
11	11	ÄÐ	0	50.00	1	0	1	1	0	0	50.00	4	3.0	6.0	9.0	12.0	-1.0	-1.0	-1.0	-1.0	-1.0	-1.0	-1.0	-1.0	60	60	1	1	0	9	194754694	912	356	0	0	979.02	0	-9.32	-99.56	500.00	0.00
11	11	ÄÐ	0	50.00	1	0	1	1	0	0	50.00	4	3.0	6.0	9.0	12.0	-1.0	-1.0	-1.0	-1.0	-1.0	-1.0	-1.0	-1.0	60	60	1	1	0	10	194754734	912	352	0	0	977.57	0	-10.65	-99.43	500.00	0.00
11	11	ÄÐ	0	50.00	1	0	1	1	0	0	50.00	4	3.0	6.0	9.0	12.0	-1.0	-1.0	-1.0	-1.0	-1.0	-1.0	-1.0	-1.0	60	60	1	1	0	11	194754774	911	348	0	0	975.21	0	-11.97	-99.28	500.00	0.00
11	11	ÄÐ	0	50.00	1	0	1	1	0	0	50.00	4	3.0	6.0	9.0	12.0	-1.0	-1.0	-1.0	-1.0	-1.0	-1.0	-1.0	-1.0	60	60	1	1	0	12	194754814	911	344	0	0	973.78	0	-13.29	-99.11	500.00	0.00
11	11	ÄÐ	0	50.00	1	0	1	1	0	0	50.00	4	3.0	6.0	9.0	12.0	-1.0	-1.0	-1.0	-1.0	-1.0	-1.0	-1.0	-1.0	60	60	1	1	0	13	194754854	910	340	0	0	971.44	0	-14.61	-98.93	500.00	500.00
11	11	ÄÐ	0	50.00	1	0	1	1	0	0	50.00	4	3.0	6.0	9.0	12.0	-1.0	-1.0	-1.0	-1.0	-1.0	-1.0	-1.0	-1.0	60	60	1	1	0	14	194754894	910	336	0	0	970.05	0	-15.93	-98.72	500.00	500.00
11	11	ÄÐ	0	50.00	1	0	1	1	0	0	50.00	4	3.0	6.0	9.0	12.0	-1.0	-1.0	-1.0	-1.0	-1.0	-1.0	-1.0	-1.0	60	60	1	1	0	15	194754934	909	332	0	0	967.73	0	-17.25	-98.50	0.00	500.00
11	11	ÄÐ	0	50.00	1	0	1	1	0	0	50.00	4	3.0	6.0	9.0	12.0	-1.0	-1.0	-1.0	-1.0	-1.0	-1.0	-1.0	-1.0	60	60	1	1	0	16	194754974	908	328	0	0	965.43	0	-18.56	-98.26	0.00	500.00
11	11	ÄÐ	0	50.00	1	0	1	1	0	0	50.00	4	3.0	6.0	9.0	12.0	-1.0	-1.0	-1.0	-1.0	-1.0	-1.0	-1.0	-1.0	60	60	1	1	0	17	194755014	908	324	0	0	964.07	0	-19.87	-98.01	0.00	500.00
11	11	ÄÐ	0	50.00	1	0	1	1	0	0	50.00	4	3.0	6.0	9.0	12.0	-1.0	-1.0	-1.0	-1.0	-1.0	-1.0	-1.0	-1.0	60	60	1	1	0	18	194755054	907	320	0	0	961.79	0	-21.17	-97.73	0.00	500.00
11	11	ÄÐ	0	50.00	1	0	1	1	0	0	50.00	4	3.0	6.0	9.0	12.0	-1.0	-1.0	-1.0	-1.0	-1.0	-1.0	-1.0	-1.0	60	60	1	1	0	19	194755094	906	316	0	0	959.53	0	-22.47	-97.44	-500.00	500.00
11	11	ÄÐ	0	50.00	1	0	1	1	0	0	50.00	4	3.0	6.0	9.0	12.0	-1.0	-1.0	-1.0	-1.0	-1.0	-1.0	-1.0	-1.0	60	60	1	1	0	20	194755134	905	312	0	0	957.27	0	-23.77	-97.13	-500.00	500.00
11	11	ÄÐ	0	50.00	1	0	1	1	0	0	50.00	4	3.0	6.0	9.0	12.0	-1.0	-1.0	-1.0	-1.0	-1.0	-1.0	-1.0	-1.0	60	60	1	1	0	21	194755174	904	308	0	0	955.03	0	-25.06	-96.81	-500.00	0.00
11	11	ÄÐ	0	50.00	1	0	1	1	0	0	50.00	4	3.0	6.0	9.0	12.0	-1.0	-1.0	-1.0	-1.0	-1.0	-1.0	-1.0	-1.0	60	60	1	1	0	22	194755214	903	304	0	0	952.80	0	-26.35	-96.47	-500.00	0.00
11	11	ÄÐ	0	50.00	1	0	1	1	0	0	50.00	4	3.0	6.0	9.0	12.0	-1.0	-1.0	-1.0	-1.0	-1.0	-1.0	-1.0	-1.0	60	60	1	1	0	23	194755254	902	301	0	0	950.90	0	-27.64	-96.11	-500.00	0.00
11	11	ÄÐ	0	50.00	1	0	1	1	0	0	50.00	4	3.0	6.0	9.0	12.0	-1.0	-1.0	-1.0	-1.0	-1.0	-1.0	-1.0	-1.0	60	60	1	1	0	24	194755294	901	297	0	0	948.69	0	-28.91	-95.73	-500.00	0.00
11	11	ÄÐ	0	50.00	1	0	1	1	0	0	50.00	4	3.0	6.0	9.0	12.0	-1.0	-1.0	-1.0	-1.0	-1.0	-1.0	-1.0	-1.0	60	60	1	1	0	25	194755334	900	293	0	0	946.49	0	-30.19	-95.33	-500.00	0.00
11	11	ÄÐ	0	50.00	1	0	1	1	0	0	50.00	4	3.0	6.0	9.0	12.0	-1.0	-1.0	-1.0	-1.0	-1.0	-1.0	-1.0	-1.0	60	60	1	1	0	26	194755374	898	289	0	0	943.36	0	-31.46	-94.92	-500.00	0.00
11	11	ÄÐ	0	50.00	1	0	1	1	0	0	50.00	4	3.0	6.0	9.0	12.0	-1.0	-1.0	-1.0	-1.0	-1.0	-1.0	-1.0	-1.0	60	60	1	1	0	27	194755414	897	285	0	0	941.19	0	-32.72	-94.50	-500.00	-500.00
11	11	ÄÐ	0	50.00	1	0	1	1	0	0	50.00	4	3.0	6.0	9.0	12.0	-1.0	-1.0	-1.0	-1.0	-1.0	-1.0	-1.0	-1.0	60	60	1	1	0	28	194755454	896	282	0	0	939.33	0	-33.98	-94.05	-500.00	-500.00
11	11	ÄÐ	0	50.00	1	0	1	1	0	0	50.00	4	3.0	6.0	9.0	12.0	-1.0	-1.0	-1.0	-1.0	-1.0	-1.0	-1.0	-1.0	60	60	1	1	0	29	194755494	894	278	0	0	936.23	0	-35.23	-93.59	-500.00	-500.00
11	11	ÄÐ	0	50.00	1	0	1	1	0	0	50.00	4	3.0	6.0	9.0	12.0	-1.0	-1.0	-1.0	-1.0	-1.0	-1.0	-1.0	-1.0	60	60	1	1	0	30	194755534	893	274	0	0	934.09	0	-36.47	-93.11	0.00	-500.00
11	11	ÄÐ	0	50.00	1	0	1	1	0	0	50.00	4	3.0	6.0	9.0	12.0	-1.0	-1.0	-1.0	-1.0	-1.0	-1.0	-1.0	-1.0	60	60	1	1	0	31	194755574	891	270	0	0	931.01	0	-37.71	-92.62	0.00	-500.00
11	11	ÄÐ	0	50.00	1	0	1	1	0	0	50.00	4	3.0	6.0	9.0	12.0	-1.0	-1.0	-1.0	-1.0	-1.0	-1.0	-1.0	-1.0	60	60	1	1	0	32	194755614	890	267	0	0	929.19	0	-38.94	-92.11	500.00	-500.00
11	11	ÄÐ	0	50.00	1	0	1	1	0	0	50.00	4	3.0	6.0	9.0	12.0	-1.0	-1.0	-1.0	-1.0	-1.0	-1.0	-1.0	-1.0	60	60	1	1	0	33	194755654	888	263	0	0	926.13	0	-40.17	-91.58	500.00	-500.00
11	11	ÄÐ	0	50.00	1	0	1	1	0	0	50.00	4	3.0	6.0	9.0	12.0	-1.0	-1.0	-1.0	-1.0	-1.0	-1.0	-1.0	-1.0	60	60	1	1	0	34	194755694	887	259	0	0	924.04	0	-41.38	-91.03	500.00	-500.00
11	11	ÄÐ	0	50.00	1	0	1	1	0	0	50.00	4	3.0	6.0	9.0	12.0	-1.0	-1.0	-1.0	-1.0	-1.0	-1.0	-1.0	-1.0	60	60	1	1	0	35	194755734	885	256	0	0	921.28	0	-42.59	-90.48	500.00	-500.00
11	11	ÄÐ	0	50.00	1	0	1	1	0	0	50.00	4	3.0	6.0	9.0	12.0	-1.0	-1.0	-1.0	-1.0	-1.0	-1.0	-1.0	-1.0	60	60	1	1	0	36	194755774	883	252	0	0	918.26	0	-43.80	-89.90	500.00	-500.00
11	11	ÄÐ	0	50.00	1	0	1	1	0	0	50.00	4	3.0	6.0	9.0	12.0	-1.0	-1.0	-1.0	-1.0	-1.0	-1.0	-1.0	-1.0	60	60	1	1	0	37	194755814	881	249	0	0	915.51	0	-44.99	-89.31	500.00	0.00
11	11	ÄÐ	0	50.00	1	0	1	1	0	0	50.00	4	3.0	6.0	9.0	12.0	-1.0	-1.0	-1.0	-1.0	-1.0	-1.0	-1.0	-1.0	60	60	1	1	0	38	194755854	880	245	0	0	913.47	0	-46.18	-88.70	500.00	0.00
11	11	ÄÐ	0	50.00	1	0	1	1	0	0	50.00	4	3.0	6.0	9.0	12.0	-1.0	-1.0	-1.0	-1.0	-1.0	-1.0	-1.0	-1.0	60	60	1	1	0	39	194755894	878	241	0	0	910.48	0	-47.36	-88.08	500.00	500.00
11	11	ÄÐ	0	50.00	1	0	1	1	0	0	50.00	4	3.0	6.0	9.0	12.0	-1.0	-1.0	-1.0	-1.0	-1.0	-1.0	-1.0	-1.0	60	60	1	1	0	40	194755934	876	238	0	0	907.76	0	-48.53	-87.44	500.00	500.00
11	11	ÄÐ	0	50.00	1	0	1	1	0	0	50.00	4	3.0	6.0	9.0	12.0	-1.0	-1.0	-1.0	-1.0	-1.0	-1.0	-1.0	-1.0	60	60	1	1	0	41	194755974	874	234	0	0	904.78	0	-49.69	-86.78	500.00	500.00
11	11	ÄÐ	0	50.00	1	0	1	1	0	0	50.00	4	3.0	6.0	9.0	12.0	-1.0	-1.0	-1.0	-1.0	-1.0	-1.0	-1.0	-1.0	60	60	1	1	0	42	194756014	872	231	0	0	902.08	0	-50.84	-86.11	500.00	500.00
11	11	ÄÐ	0	50.00	1	0	1	1	0	0	50.00	4	3.0	6.0	9.0	12.0	-1.0	-1.0	-1.0	-1.0	-1.0	-1.0	-1.0	-1.0	60	60	1	1	0	43	194756054	870	228	0	0	899.38	0	-51.98	-85.43	500.00	500.00
11	11	ÄÐ	0	50.00	1	0	1	1	0	0	50.00	4	3.0	6.0	9.0	12.0	-1.0	-1.0	-1.0	-1.0	-1.0	-1.0	-1.0	-1.0	60	60	1	1	0	44	194756094	868	224	0	0	896.44	0	-53.12	-84.73	500.00	500.00
11	11	ÄÐ	0	50.00	1	0	1	1	0	0	50.00	4	3.0	6.0	9.0	12.0	-1.0	-1.0	-1.0	-1.0	-1.0	-1.0	-1.0	-1.0	60	60	1	1	0	45	194756134	866	221	0	0	893.75	0	-54.24	-84.01	0.00	500.00
11	11	ÄÐ	0	50.00	1	0	1	1	0	0	50.00	4	3.0	6.0	9.0	12.0	-1.0	-1.0	-1.0	-1.0	-1.0	-1.0	-1.0	-1.0	60	60	1	1	0	46	194756174	863	217	0	0	889.86	0	-55.36	-83.28	0.00	500.00
11	11	ÄÐ	0	50.00	1	0	1	1	0	0	50.00	4	3.0	6.0	9.0	12.0	-1.0	-1.0	-1.0	-1.0	-1.0	-1.0	-1.0	-1.0	60	60	1	1	0	47	194756214	861	214	0	0	887.20	0	-56.46	-82.53	0.00	500.00
11	11	ÄÐ	0	50.00	1	0	1	1	0	0	50.00	4	3.0	6.0	9.0	12.0	-1.0	-1.0	-1.0	-1.0	-1.0	-1.0	-1.0	-1.0	60	60	1	1	0	48	194756254	859	211	0	0	884.53	0	-57.56	-81.77	-500.00	500.00
11	11	ÄÐ	0	50.00	1	0	1	1	0	0	50.00	4	3.0	6.0	9.0	12.0	-1.0	-1.0	-1.0	-1.0	-1.0	-1.0	-1.0	-1.0	60	60	1	1	0	49	194756294	856	208	0	0	880.91	0	-58.65	-81.00	-500.00	500.00
11	11	ÄÐ	0	50.00	1	0	1	1	0	0	50.00	4	3.0	6.0	9.0	12.0	-1.0	-1.0	-1.0	-1.0	-1.0	-1.0	-1.0	-1.0	60	60	1	1	0	50	194756334	854	204	0	0	878.03	0	-59.72	-80.21	-500.00	500.00
11	11	ÄÐ	0	50.00	1	0	1	1	0	0	50.00	4	3.0	6.0	9.0	12.0	-1.0	-1.0	-1.0	-1.0	-1.0	-1.0	-1.0	-1.0	60	60	1	1	0	51	194756374	852	201	0	0	875.39	0	-60.78	-79.41	-500.00	500.00
11	11	ÄÐ	0	50.00	1	0	1	1	0	0	50.00	4	3.0	6.0	9.0	12.0	-1.0	-1.0	-1.0	-1.0	-1.0	-1.0	-1.0	-1.0	60	60	1	1	0	52	194756414	849	198	0	0	871.78	0	-61.84	-78.59	-500.00	500.00
11	11	ÄÐ	0	50.00	1	0	1	1	0	0	50.00	4	3.0	6.0	9.0	12.0	-1.0	-1.0	-1.0	-1.0	-1.0	-1.0	-1.0	-1.0	60	60	1	1	0	53	194756454	847	195	0	0	869.16	0	-62.88	-77.76	-500.00	500.00
11	11	ÄÐ	0	50.00	1	0	1	1	0	0	50.00	4	3.0	6.0	9.0	12.0	-1.0	-1.0	-1.0	-1.0	-1.0	-1.0	-1.0	-1.0	60	60	1	1	0	54	194756494	844	192	0	0	865.56	0	-63.91	-76.91	-500.00	500.00
11	11	ÄÐ	0	50.00	1	0	1	1	0	0	50.00	4	3.0	6.0	9.0	12.0	-1.0	-1.0	-1.0	-1.0	-1.0	-1.0	-1.0	-1.0	60	60	1	1	0	55	194756534	842	189	0	0	862.95	0	-64.93	-76.05	-500.00	0.00
11	11	ÄÐ	0	50.00	1	0	1	1	0	0	50.00	4	3.0	6.0	9.0	12.0	-1.0	-1.0	-1.0	-1.0	-1.0	-1.0	-1.0	-1.0	60	60	1	1	0	56	194756574	839	186	0	0	859.37	0	-65.94	-75.18	0.00	0.00
11	11	ÄÐ	0	50.00	1	0	1	1	0	0	50.00	4	3.0	6.0	9.0	12.0	-1.0	-1.0	-1.0	-1.0	-1.0	-1.0	-1.0	-1.0	60	60	1	1	0	57	194756614	836	183	0	0	855.79	0	-66.94	-74.29	0.00	0.00
11	11	ÄÐ	0	50.00	1	0	1	1	0	0	50.00	4	3.0	6.0	9.0	12.0	-1.0	-1.0	-1.0	-1.0	-1.0	-1.0	-1.0	-1.0	60	60	1	1	0	58	194756654	834	180	0	0	853.20	0	-67.92	-73.40	0.00	0.00
11	11	ÄÐ	0	50.00	1	0	1	1	0	0	50.00	4	3.0	6.0	9.0	12.0	-1.0	-1.0	-1.0	-1.0	-1.0	-1.0	-1.0	-1.0	60	60	1	1	0	59	194756694	831	177	0	0	849.64	0	-68.89	-72.48	0.00	0.00
11	11	ÄÐ	0	50.00	1	0	1	1	0	0	50.00	4	3.0	6.0	9.0	12.0	-1.0	-1.0	-1.0	-1.0	-1.0	-1.0	-1.0	-1.0	60	60	1	1	0	60	194756734	828	174	0	0	846.09	0	-69.85	-71.56	0.00	0.00
11	11	ÄÐ	0	50.00	1	0	1	1	0	0	50.00	4	3.0	6.0	9.0	12.0	-1.0	-1.0	-1.0	-1.0	-1.0	-1.0	-1.0	-1.0	60	60	1	1	0	61	194756774	825	171	0	0	842.54	0	-70.80	-70.62	0.00	0.00
11	11	ÄÐ	0	50.00	1	0	1	1	0	0	50.00	4	3.0	6.0	9.0	12.0	-1.0	-1.0	-1.0	-1.0	-1.0	-1.0	-1.0	-1.0	60	60	1	1	0	62	194756814	823	168	0	0	839.97	0	-71.74	-69.67	0.00	0.00
11	11	ÄÐ	0	50.00	1	0	1	1	0	0	50.00	4	3.0	6.0	9.0	12.0	-1.0	-1.0	-1.0	-1.0	-1.0	-1.0	-1.0	-1.0	60	60	1	1	0	63	194756854	820	166	0	0	836.63	0	-72.66	-68.71	0.00	0.00
11	11	ÄÐ	0	50.00	1	0	1	1	0	0	50.00	4	3.0	6.0	9.0	12.0	-1.0	-1.0	-1.0	-1.0	-1.0	-1.0	-1.0	-1.0	60	60	1	1	0	64	194756894	817	163	0	0	833.10	0	-73.57	-67.73	0.00	0.00
11	11	ÄÐ	0	50.00	1	0	1	1	0	0	50.00	4	3.0	6.0	9.0	12.0	-1.0	-1.0	-1.0	-1.0	-1.0	-1.0	-1.0	-1.0	60	60	1	1	0	65	194756934	814	160	0	0	829.58	0	-74.46	-66.75	0.00	0.00
11	11	ÄÐ	0	50.00	1	0	1	1	0	0	50.00	4	3.0	6.0	9.0	12.0	-1.0	-1.0	-1.0	-1.0	-1.0	-1.0	-1.0	-1.0	60	60	1	1	0	66	194756974	811	157	0	0	826.06	0	-75.35	-65.75	0.00	0.00
11	11	ÄÐ	0	50.00	1	0	1	1	0	0	50.00	4	3.0	6.0	9.0	12.0	-1.0	-1.0	-1.0	-1.0	-1.0	-1.0	-1.0	-1.0	60	60	1	1	0	67	194757014	808	155	0	0	822.73	0	-76.22	-64.74	0.00	0.00
11	11	ÄÐ	0	50.00	1	0	1	1	0	0	50.00	4	3.0	6.0	9.0	12.0	-1.0	-1.0	-1.0	-1.0	-1.0	-1.0	-1.0	-1.0	60	60	1	1	0	68	194757054	805	152	0	0	819.22	0	-77.07	-63.71	0.00	0.00
11	11	ÄÐ	0	50.00	1	0	1	1	0	0	50.00	4	3.0	6.0	9.0	12.0	-1.0	-1.0	-1.0	-1.0	-1.0	-1.0	-1.0	-1.0	60	60	1	1	0	69	194757094	802	150	0	0	815.91	0	-77.92	-62.68	0.00	0.00
11	11	ÄÐ	0	50.00	1	0	1	1	0	0	50.00	4	3.0	6.0	9.0	12.0	-1.0	-1.0	-1.0	-1.0	-1.0	-1.0	-1.0	-1.0	60	60	1	1	0	70	194757134	798	147	0	0	811.43	0	-78.75	-61.64	0.00	0.00
11	11	ÄÐ	0	50.00	1	0	1	1	0	0	50.00	4	3.0	6.0	9.0	12.0	-1.0	-1.0	-1.0	-1.0	-1.0	-1.0	-1.0	-1.0	60	60	1	1	0	71	194757174	795	145	0	0	808.12	0	-79.56	-60.58	0.00	0.00
11	11	ÄÐ	0	50.00	1	0	1	1	0	0	50.00	4	3.0	6.0	9.0	12.0	-1.0	-1.0	-1.0	-1.0	-1.0	-1.0	-1.0	-1.0	60	60	1	1	0	72	194757214	792	142	0	0	804.63	0	-80.36	-59.51	0.00	0.00
11	11	ÄÐ	0	50.00	1	0	1	1	0	0	50.00	4	3.0	6.0	9.0	12.0	-1.0	-1.0	-1.0	-1.0	-1.0	-1.0	-1.0	-1.0	60	60	1	1	0	73	194757254	789	140	0	0	801.32	0	-81.15	-58.44	0.00	0.00
11	11	ÄÐ	0	50.00	1	0	1	1	0	0	50.00	4	3.0	6.0	9.0	12.0	-1.0	-1.0	-1.0	-1.0	-1.0	-1.0	-1.0	-1.0	60	60	1	1	0	74	194757294	786	138	0	0	798.02	0	-81.92	-57.35	0.00	0.00
11	11	ÄÐ	0	50.00	1	0	1	1	0	0	50.00	4	3.0	6.0	9.0	12.0	-1.0	-1.0	-1.0	-1.0	-1.0	-1.0	-1.0	-1.0	60	60	1	1	0	75	194757334	782	135	0	0	793.57	0	-82.68	-56.25	0.00	0.00
11	11	ÄÐ	0	50.00	1	0	1	1	0	0	50.00	4	3.0	6.0	9.0	12.0	-1.0	-1.0	-1.0	-1.0	-1.0	-1.0	-1.0	-1.0	60	60	1	1	0	76	194757374	779	133	0	0	790.27	0	-83.42	-55.15	0.00	0.00
11	11	ÄÐ	0	50.00	1	0	1	1	0	0	50.00	4	3.0	6.0	9.0	12.0	-1.0	-1.0	-1.0	-1.0	-1.0	-1.0	-1.0	-1.0	60	60	1	1	0	77	194757414	776	131	0	0	786.98	0	-84.15	-54.03	0.00	0.00
11	11	ÄÐ	0	50.00	1	0	1	1	0	0	50.00	4	3.0	6.0	9.0	12.0	-1.0	-1.0	-1.0	-1.0	-1.0	-1.0	-1.0	-1.0	60	60	1	1	0	78	194757454	772	129	0	0	782.70	0	-84.86	-52.90	0.00	0.00
11	11	ÄÐ	0	50.00	1	0	1	1	0	0	50.00	4	3.0	6.0	9.0	12.0	-1.0	-1.0	-1.0	-1.0	-1.0	-1.0	-1.0	-1.0	60	60	1	1	0	79	194757494	769	127	0	0	779.42	0	-85.56	-51.77	0.00	0.00
11	11	ÄÐ	0	50.00	1	0	1	1	0	0	50.00	4	3.0	6.0	9.0	12.0	-1.0	-1.0	-1.0	-1.0	-1.0	-1.0	-1.0	-1.0	60	60	1	1	0	80	194757534	765	125	0	0	775.15	0	-86.24	-50.62	0.00	0.00
11	11	ÄÐ	0	50.00	1	0	1	1	0	0	50.00	4	3.0	6.0	9.0	12.0	-1.0	-1.0	-1.0	-1.0	-1.0	-1.0	-1.0	-1.0	60	60	1	1	0	81	194757574	762	123	0	0	771.86	0	-86.91	-49.47	0.00	0.00
11	11	ÄÐ	0	50.00	1	0	1	1	0	0	50.00	4	3.0	6.0	9.0	12.0	-1.0	-1.0	-1.0	-1.0	-1.0	-1.0	-1.0	-1.0	60	60	1	1	0	82	194757614	758	121	0	0	767.60	0	-87.56	-48.30	0.00	0.00
11	11	ÄÐ	0	50.00	1	0	1	1	0	0	50.00	4	3.0	6.0	9.0	12.0	-1.0	-1.0	-1.0	-1.0	-1.0	-1.0	-1.0	-1.0	60	60	1	1	0	83	194757654	755	119	0	0	764.32	0	-88.20	-47.13	0.00	0.00
11	11	ÄÐ	0	50.00	1	0	1	1	0	0	50.00	4	3.0	6.0	9.0	12.0	-1.0	-1.0	-1.0	-1.0	-1.0	-1.0	-1.0	-1.0	60	60	1	1	0	84	194757694	751	117	0	0	760.06	0	-88.82	-45.95	0.00	0.00
11	11	ÄÐ	0	50.00	1	0	1	1	0	0	50.00	4	3.0	6.0	9.0	12.0	-1.0	-1.0	-1.0	-1.0	-1.0	-1.0	-1.0	-1.0	60	60	1	1	0	85	194757734	748	115	0	0	756.79	0	-89.42	-44.76	0.00	0.00
11	11	ÄÐ	0	50.00	1	0	1	1	0	0	50.00	4	3.0	6.0	9.0	12.0	-1.0	-1.0	-1.0	-1.0	-1.0	-1.0	-1.0	-1.0	60	60	1	1	0	86	194757774	744	113	0	0	752.53	0	-90.01	-43.57	0.00	0.00
11	11	ÄÐ	0	50.00	1	0	1	1	0	0	50.00	4	3.0	6.0	9.0	12.0	-1.0	-1.0	-1.0	-1.0	-1.0	-1.0	-1.0	-1.0	60	60	1	1	0	87	194757814	741	112	0	0	749.42	0	-90.58	-42.36	0.00	0.00
11	11	ÄÐ	0	50.00	1	0	1	1	0	0	50.00	4	3.0	6.0	9.0	12.0	-1.0	-1.0	-1.0	-1.0	-1.0	-1.0	-1.0	-1.0	60	60	1	1	0	88	194757854	737	110	0	0	745.16	0	-91.14	-41.15	0.00	0.00
11	11	ÄÐ	0	50.00	1	0	1	1	0	0	50.00	4	3.0	6.0	9.0	12.0	-1.0	-1.0	-1.0	-1.0	-1.0	-1.0	-1.0	-1.0	60	60	1	1	0	89	194757894	733	108	0	0	740.91	0	-91.68	-39.93	0.00	0.00
11	11	ÄÐ	0	50.00	1	0	1	1	0	0	50.00	4	3.0	6.0	9.0	12.0	-1.0	-1.0	-1.0	-1.0	-1.0	-1.0	-1.0	-1.0	60	60	1	1	0	90	194757934	730	107	0	0	737.80	0	-92.21	-38.71	0.00	0.00
11	11	ÄÐ	0	50.00	1	0	1	1	0	0	50.00	4	3.0	6.0	9.0	12.0	-1.0	-1.0	-1.0	-1.0	-1.0	-1.0	-1.0	-1.0	60	60	1	1	0	91	194757974	726	105	0	0	733.55	0	-92.71	-37.47	0.00	0.00
11	11	ÄÐ	0	50.00	1	0	1	1	0	0	50.00	4	3.0	6.0	9.0	12.0	-1.0	-1.0	-1.0	-1.0	-1.0	-1.0	-1.0	-1.0	60	60	1	1	0	92	194758014	722	104	0	0	729.45	0	-93.20	-36.23	0.00	0.00
11	11	ÄÐ	0	50.00	1	0	1	1	0	0	50.00	4	3.0	6.0	9.0	12.0	-1.0	-1.0	-1.0	-1.0	-1.0	-1.0	-1.0	-1.0	60	60	1	1	0	93	194758054	718	102	0	0	725.21	0	-93.68	-34.99	0.00	0.00
11	11	ÄÐ	0	50.00	1	0	1	1	0	0	50.00	4	3.0	6.0	9.0	12.0	-1.0	-1.0	-1.0	-1.0	-1.0	-1.0	-1.0	-1.0	60	60	1	1	0	94	194758094	715	101	0	0	722.10	0	-94.14	-33.74	0.00	0.00
11	11	ÄÐ	0	50.00	1	0	1	1	0	0	50.00	4	3.0	6.0	9.0	12.0	-1.0	-1.0	-1.0	-1.0	-1.0	-1.0	-1.0	-1.0	60	60	1	1	0	95	194758134	711	100	0	0	718.00	0	-94.58	-32.48	0.00	0.00
11	11	ÄÐ	0	50.00	1	0	1	1	0	0	50.00	4	3.0	6.0	9.0	12.0	-1.0	-1.0	-1.0	-1.0	-1.0	-1.0	-1.0	-1.0	60	60	1	1	0	96	194758174	707	98	0	0	713.76	0	-95.00	-31.21	0.00	0.00
11	11	ÄÐ	0	50.00	1	0	1	1	0	0	50.00	4	3.0	6.0	9.0	12.0	-1.0	-1.0	-1.0	-1.0	-1.0	-1.0	-1.0	-1.0	60	60	1	1	0	97	194758214	703	97	0	0	709.66	0	-95.41	-29.94	0.00	0.00
11	11	ÄÐ	0	50.00	1	0	1	1	0	0	50.00	4	3.0	6.0	9.0	12.0	-1.0	-1.0	-1.0	-1.0	-1.0	-1.0	-1.0	-1.0	60	60	1	1	0	98	194758254	700	96	0	0	706.55	0	-95.80	-28.67	0.00	0.00
11	11	ÄÐ	0	50.00	1	0	1	1	0	0	50.00	4	3.0	6.0	9.0	12.0	-1.0	-1.0	-1.0	-1.0	-1.0	-1.0	-1.0	-1.0	60	60	1	1	0	99	194758294	696	95	0	0	702.45	0	-96.18	-27.39	0.00	0.00
11	11	ÄÐ	0	50.00	1	0	1	1	0	0	50.00	4	3.0	6.0	9.0	12.0	-1.0	-1.0	-1.0	-1.0	-1.0	-1.0	-1.0	-1.0	60	60	1	1	0	100	194758334	692	94	0	0	698.36	0	-96.53	-26.10	0.00	0.00
11	11	ÄÐ	0	50.00	1	0	1	1	0	0	50.00	4	3.0	6.0	9.0	12.0	-1.0	-1.0	-1.0	-1.0	-1.0	-1.0	-1.0	-1.0	60	60	1	1	0	101	194758374	688	93	0	0	694.26	0	-96.87	-24.81	0.00	0.00
11	11	ÄÐ	0	50.00	1	0	1	1	0	0	50.00	4	3.0	6.0	9.0	12.0	-1.0	-1.0	-1.0	-1.0	-1.0	-1.0	-1.0	-1.0	60	60	1	1	0	102	194758414	684	92	0	0	690.16	0	-97.19	-23.52	0.00	0.00
11	11	ÄÐ	0	50.00	1	0	1	1	0	0	50.00	4	3.0	6.0	9.0	12.0	-1.0	-1.0	-1.0	-1.0	-1.0	-1.0	-1.0	-1.0	60	60	1	1	0	103	194758454	680	91	0	0	686.06	0	-97.50	-22.22	0.00	0.00
11	11	ÄÐ	0	50.00	1	0	1	1	0	0	50.00	4	3.0	6.0	9.0	12.0	-1.0	-1.0	-1.0	-1.0	-1.0	-1.0	-1.0	-1.0	60	60	1	1	0	104	194758494	676	90	0	0	681.96	0	-97.79	-20.92	0.00	0.00
11	11	ÄÐ	0	50.00	1	0	1	1	0	0	50.00	4	3.0	6.0	9.0	12.0	-1.0	-1.0	-1.0	-1.0	-1.0	-1.0	-1.0	-1.0	60	60	1	1	0	105	194758534	672	89	0	0	677.87	0	-98.06	-19.62	0.00	0.00
11	11	ÄÐ	0	50.00	1	0	1	1	0	0	50.00	4	3.0	6.0	9.0	12.0	-1.0	-1.0	-1.0	-1.0	-1.0	-1.0	-1.0	-1.0	60	60	1	1	0	106	194758574	668	89	0	0	673.90	0	-98.31	-18.31	0.00	0.00
11	11	ÄÐ	0	50.00	1	0	1	1	0	0	50.00	4	3.0	6.0	9.0	12.0	-1.0	-1.0	-1.0	-1.0	-1.0	-1.0	-1.0	-1.0	60	60	1	1	0	107	194758614	664	88	0	0	669.81	0	-98.55	-16.99	0.00	0.00
11	11	ÄÐ	0	50.00	1	0	1	1	0	0	50.00	4	3.0	6.0	9.0	12.0	-1.0	-1.0	-1.0	-1.0	-1.0	-1.0	-1.0	-1.0	60	60	1	1	0	108	194758654	661	87	0	0	666.70	0	-98.76	-15.68	0.00	0.00
11	11	ÄÐ	0	50.00	1	0	1	1	0	0	50.00	4	3.0	6.0	9.0	12.0	-1.0	-1.0	-1.0	-1.0	-1.0	-1.0	-1.0	-1.0	60	60	1	1	0	109	194758694	657	87	0	0	662.74	0	-98.96	-14.36	0.00	0.00
11	11	ÄÐ	0	50.00	1	0	1	1	0	0	50.00	4	3.0	6.0	9.0	12.0	-1.0	-1.0	-1.0	-1.0	-1.0	-1.0	-1.0	-1.0	60	60	1	1	0	110	194758734	653	86	0	0	658.64	0	-99.15	-13.04	0.00	0.00
11	11	ÄÐ	0	50.00	1	0	1	1	0	0	50.00	4	3.0	6.0	9.0	12.0	-1.0	-1.0	-1.0	-1.0	-1.0	-1.0	-1.0	-1.0	60	60	1	1	0	111	194758774	649	86	0	0	654.67	0	-99.31	-11.72	0.00	0.00
11	11	ÄÐ	0	50.00	1	0	1	1	0	0	50.00	4	3.0	6.0	9.0	12.0	-1.0	-1.0	-1.0	-1.0	-1.0	-1.0	-1.0	-1.0	60	60	1	1	0	112	194758814	645	85	0	0	650.58	0	-99.46	-10.39	0.00	0.00
11	11	ÄÐ	0	50.00	1	0	1	1	0	0	50.00	4	3.0	6.0	9.0	12.0	-1.0	-1.0	-1.0	-1.0	-1.0	-1.0	-1.0	-1.0	60	60	1	1	0	113	194758854	641	85	0	0	646.61	0	-99.59	-9.06	0.00	0.00
11	11	ÄÐ	0	50.00	1	0	1	1	0	0	50.00	4	3.0	6.0	9.0	12.0	-1.0	-1.0	-1.0	-1.0	-1.0	-1.0	-1.0	-1.0	60	60	1	1	0	114	194758894	637	84	0	0	642.51	0	-99.70	-7.74	0.00	0.00
11	11	ÄÐ	0	50.00	1	0	1	1	0	0	50.00	4	3.0	6.0	9.0	12.0	-1.0	-1.0	-1.0	-1.0	-1.0	-1.0	-1.0	-1.0	60	60	1	1	0	115	194758934	633	84	0	0	638.55	0	-99.79	-6.41	0.00	0.00
11	11	ÄÐ	0	50.00	1	0	1	1	0	0	50.00	4	3.0	6.0	9.0	12.0	-1.0	-1.0	-1.0	-1.0	-1.0	-1.0	-1.0	-1.0	60	60	1	1	0	116	194758974	629	84	0	0	634.58	0	-99.87	-5.07	0.00	0.00
11	11	ÄÐ	0	50.00	1	0	1	1	0	0	50.00	4	3.0	6.0	9.0	12.0	-1.0	-1.0	-1.0	-1.0	-1.0	-1.0	-1.0	-1.0	60	60	1	1	0	117	194759014	625	84	0	0	630.62	0	-99.93	-3.74	0.00	0.00
11	11	ÄÐ	0	50.00	1	0	1	1	0	0	50.00	4	3.0	6.0	9.0	12.0	-1.0	-1.0	-1.0	-1.0	-1.0	-1.0	-1.0	-1.0	60	60	1	1	0	118	194759054	621	84	0	0	626.66	0	-99.97	-2.41	0.00	0.00
11	11	ÄÐ	0	50.00	1	0	1	1	0	0	50.00	4	3.0	6.0	9.0	12.0	-1.0	-1.0	-1.0	-1.0	-1.0	-1.0	-1.0	-1.0	60	60	1	1	0	119	194759094	617	84	0	0	622.69	0	-99.99	-1.08	0.00	0.00
11	11	ÄÐ	0	50.00	1	0	1	1	0	0	50.00	4	3.0	6.0	9.0	12.0	-1.0	-1.0	-1.0	-1.0	-1.0	-1.0	-1.0	-1.0	60	60	1	1	0	120	194759134	613	84	0	0	618.73	0	-100.00	0.26	0.00	0.00
11	11	ÄÐ	0	50.00	1	0	1	1	0	0	50.00	4	3.0	6.0	9.0	12.0	-1.0	-1.0	-1.0	-1.0	-1.0	-1.0	-1.0	-1.0	60	60	1	1	0	121	194759174	609	84	0	0	614.77	0	-99.99	1.59	0.00	0.00
11	11	ÄÐ	0	50.00	1	0	1	1	0	0	50.00	4	3.0	6.0	9.0	12.0	-1.0	-1.0	-1.0	-1.0	-1.0	-1.0	-1.0	-1.0	60	60	1	1	0	122	194759214	605	84	0	0	610.80	0	-99.96	2.92	0.00	0.00
11	11	ÄÐ	0	50.00	1	0	1	1	0	0	50.00	4	3.0	6.0	9.0	12.0	-1.0	-1.0	-1.0	-1.0	-1.0	-1.0	-1.0	-1.0	60	60	1	1	0	123	194759254	601	84	0	0	606.84	0	-99.91	4.26	0.00	0.00
11	11	ÄÐ	0	50.00	1	0	1	1	0	0	50.00	4	3.0	6.0	9.0	12.0	-1.0	-1.0	-1.0	-1.0	-1.0	-1.0	-1.0	-1.0	60	60	1	1	0	124	194759294	597	84	0	0	602.88	0	-99.84	5.59	0.00	0.00
11	11	ÄÐ	0	50.00	1	0	1	1	0	0	50.00	4	3.0	6.0	9.0	12.0	-1.0	-1.0	-1.0	-1.0	-1.0	-1.0	-1.0	-1.0	60	60	1	1	0	125	194759334	593	84	0	0	598.92	0	-99.76	6.92	0.00	0.00
11	11	ÄÐ	0	50.00	1	0	1	1	0	0	50.00	4	3.0	6.0	9.0	12.0	-1.0	-1.0	-1.0	-1.0	-1.0	-1.0	-1.0	-1.0	60	60	1	1	0	126	194759374	589	85	0	0	595.10	0	-99.66	8.25	0.00	0.00
11	11	ÄÐ	0	50.00	1	0	1	1	0	0	50.00	4	3.0	6.0	9.0	12.0	-1.0	-1.0	-1.0	-1.0	-1.0	-1.0	-1.0	-1.0	60	60	1	1	0	127	194759414	585	85	0	0	591.14	0	-99.54	9.58	0.00	0.00
11	11	ÄÐ	0	50.00	1	0	1	1	0	0	50.00	4	3.0	6.0	9.0	12.0	-1.0	-1.0	-1.0	-1.0	-1.0	-1.0	-1.0	-1.0	60	60	1	1	0	128	194759454	581	85	0	0	587.18	0	-99.40	10.90	0.00	0.00
11	11	ÄÐ	0	50.00	1	0	1	1	0	0	50.00	4	3.0	6.0	9.0	12.0	-1.0	-1.0	-1.0	-1.0	-1.0	-1.0	-1.0	-1.0	60	60	1	1	0	129	194759494	577	86	0	0	583.37	0	-99.25	12.23	0.00	0.00
11	11	ÄÐ	0	50.00	1	0	1	1	0	0	50.00	4	3.0	6.0	9.0	12.0	-1.0	-1.0	-1.0	-1.0	-1.0	-1.0	-1.0	-1.0	60	60	1	1	0	130	194759534	573	86	0	0	579.42	0	-99.08	13.55	0.00	0.00
11	11	ÄÐ	0	50.00	1	0	1	1	0	0	50.00	4	3.0	6.0	9.0	12.0	-1.0	-1.0	-1.0	-1.0	-1.0	-1.0	-1.0	-1.0	60	60	1	1	0	131	194759574	569	87	0	0	575.61	0	-98.89	14.87	0.00	0.00
11	11	ÄÐ	0	50.00	1	0	1	1	0	0	50.00	4	3.0	6.0	9.0	12.0	-1.0	-1.0	-1.0	-1.0	-1.0	-1.0	-1.0	-1.0	60	60	1	1	0	132	194759614	565	87	0	0	571.66	0	-98.68	16.18	0.00	0.00
11	11	ÄÐ	0	50.00	1	0	1	1	0	0	50.00	4	3.0	6.0	9.0	12.0	-1.0	-1.0	-1.0	-1.0	-1.0	-1.0	-1.0	-1.0	60	60	1	1	0	133	194759654	561	88	0	0	567.86	0	-98.46	17.50	500.00	0.00
11	11	ÄÐ	0	50.00	1	0	1	1	0	0	50.00	4	3.0	6.0	9.0	12.0	-1.0	-1.0	-1.0	-1.0	-1.0	-1.0	-1.0	-1.0	60	60	1	1	0	134	194759694	557	89	0	0	564.07	0	-98.21	18.81	500.00	0.00
11	11	ÄÐ	0	50.00	1	0	1	1	0	0	50.00	4	3.0	6.0	9.0	12.0	-1.0	-1.0	-1.0	-1.0	-1.0	-1.0	-1.0	-1.0	60	60	1	1	0	135	194759734	553	90	0	0	560.28	0	-97.96	20.12	500.00	500.00
11	11	ÄÐ	0	50.00	1	0	1	1	0	0	50.00	4	3.0	6.0	9.0	12.0	-1.0	-1.0	-1.0	-1.0	-1.0	-1.0	-1.0	-1.0	60	60	1	1	0	136	194759774	549	90	0	0	556.33	0	-97.68	21.42	500.00	500.00
11	11	ÄÐ	0	50.00	1	0	1	1	0	0	50.00	4	3.0	6.0	9.0	12.0	-1.0	-1.0	-1.0	-1.0	-1.0	-1.0	-1.0	-1.0	60	60	1	1	0	137	194759814	545	91	0	0	552.55	0	-97.38	22.72	500.00	500.00
11	11	ÄÐ	0	50.00	1	0	1	1	0	0	50.00	4	3.0	6.0	9.0	12.0	-1.0	-1.0	-1.0	-1.0	-1.0	-1.0	-1.0	-1.0	60	60	1	1	0	138	194759854	541	92	0	0	548.77	0	-97.07	24.02	500.00	500.00
11	11	ÄÐ	0	50.00	1	0	1	1	0	0	50.00	4	3.0	6.0	9.0	12.0	-1.0	-1.0	-1.0	-1.0	-1.0	-1.0	-1.0	-1.0	60	60	1	1	0	139	194759894	538	93	0	0	545.98	0	-96.74	25.31	500.00	500.00
11	11	ÄÐ	0	50.00	1	0	1	1	0	0	50.00	4	3.0	6.0	9.0	12.0	-1.0	-1.0	-1.0	-1.0	-1.0	-1.0	-1.0	-1.0	60	60	1	1	0	140	194759934	534	94	0	0	542.21	0	-96.40	26.60	500.00	500.00
11	11	ÄÐ	0	50.00	1	0	1	1	0	0	50.00	4	3.0	6.0	9.0	12.0	-1.0	-1.0	-1.0	-1.0	-1.0	-1.0	-1.0	-1.0	60	60	1	1	0	141	194759974	530	95	0	0	538.45	0	-96.03	27.88	500.00	500.00
11	11	ÄÐ	0	50.00	1	0	1	1	0	0	50.00	4	3.0	6.0	9.0	12.0	-1.0	-1.0	-1.0	-1.0	-1.0	-1.0	-1.0	-1.0	60	60	1	1	0	142	194760014	526	97	0	0	534.87	0	-95.65	29.16	500.00	500.00
11	11	ÄÐ	0	50.00	1	0	1	1	0	0	50.00	4	3.0	6.0	9.0	12.0	-1.0	-1.0	-1.0	-1.0	-1.0	-1.0	-1.0	-1.0	60	60	1	1	0	143	194760054	522	98	0	0	531.12	0	-95.26	30.43	500.00	500.00
11	11	ÄÐ	0	50.00	1	0	1	1	0	0	50.00	4	3.0	6.0	9.0	12.0	-1.0	-1.0	-1.0	-1.0	-1.0	-1.0	-1.0	-1.0	60	60	1	1	0	144	194760094	518	99	0	0	527.38	0	-94.84	31.70	500.00	500.00
11	11	ÄÐ	0	50.00	1	0	1	1	0	0	50.00	4	3.0	6.0	9.0	12.0	-1.0	-1.0	-1.0	-1.0	-1.0	-1.0	-1.0	-1.0	60	60	1	1	0	145	194760134	515	100	0	0	524.62	0	-94.41	32.96	500.00	0.00
11	11	ÄÐ	0	50.00	1	0	1	1	0	0	50.00	4	3.0	6.0	9.0	12.0	-1.0	-1.0	-1.0	-1.0	-1.0	-1.0	-1.0	-1.0	60	60	1	1	0	146	194760174	511	102	0	0	521.08	0	-93.96	34.22	500.00	-500.00
11	11	ÄÐ	0	50.00	1	0	1	1	0	0	50.00	4	3.0	6.0	9.0	12.0	-1.0	-1.0	-1.0	-1.0	-1.0	-1.0	-1.0	-1.0	60	60	1	1	0	147	194760214	507	103	0	0	517.36	0	-93.50	35.47	500.00	-500.00
11	11	ÄÐ	0	50.00	1	0	1	1	0	0	50.00	4	3.0	6.0	9.0	12.0	-1.0	-1.0	-1.0	-1.0	-1.0	-1.0	-1.0	-1.0	60	60	1	1	0	148	194760254	503	104	0	0	513.64	0	-93.02	36.71	500.00	-500.00
11	11	ÄÐ	0	50.00	1	0	1	1	0	0	50.00	4	3.0	6.0	9.0	12.0	-1.0	-1.0	-1.0	-1.0	-1.0	-1.0	-1.0	-1.0	60	60	1	1	0	149	194760294	500	106	0	0	511.11	0	-92.52	37.95	500.00	-500.00
11	11	ÄÐ	0	50.00	1	0	1	1	0	0	50.00	4	3.0	6.0	9.0	12.0	-1.0	-1.0	-1.0	-1.0	-1.0	-1.0	-1.0	-1.0	60	60	1	1	0	150	194760334	496	107	0	0	507.41	0	-92.01	39.18	500.00	-500.00
11	11	ÄÐ	0	50.00	1	0	1	1	0	0	50.00	4	3.0	6.0	9.0	12.0	-1.0	-1.0	-1.0	-1.0	-1.0	-1.0	-1.0	-1.0	60	60	1	1	0	151	194760374	492	109	0	0	503.93	0	-91.48	40.40	0.00	-500.00
11	11	ÄÐ	0	50.00	1	0	1	1	0	0	50.00	4	3.0	6.0	9.0	12.0	-1.0	-1.0	-1.0	-1.0	-1.0	-1.0	-1.0	-1.0	60	60	1	1	0	152	194760414	489	111	0	0	501.44	0	-90.93	41.62	0.00	-500.00
11	11	ÄÐ	0	50.00	1	0	1	1	0	0	50.00	4	3.0	6.0	9.0	12.0	-1.0	-1.0	-1.0	-1.0	-1.0	-1.0	-1.0	-1.0	60	60	1	1	0	153	194760454	485	112	0	0	497.76	0	-90.37	42.83	-500.00	-500.00
11	11	ÄÐ	0	50.00	1	0	1	1	0	0	50.00	4	3.0	6.0	9.0	12.0	-1.0	-1.0	-1.0	-1.0	-1.0	-1.0	-1.0	-1.0	60	60	1	1	0	154	194760494	481	114	0	0	494.32	0	-89.79	44.03	-500.00	-500.00
11	11	ÄÐ	0	50.00	1	0	1	1	0	0	50.00	4	3.0	6.0	9.0	12.0	-1.0	-1.0	-1.0	-1.0	-1.0	-1.0	-1.0	-1.0	60	60	1	1	0	155	194760534	478	116	0	0	491.87	0	-89.19	45.22	-500.00	-500.00
11	11	ÄÐ	0	50.00	1	0	1	1	0	0	50.00	4	3.0	6.0	9.0	12.0	-1.0	-1.0	-1.0	-1.0	-1.0	-1.0	-1.0	-1.0	60	60	1	1	0	156	194760574	474	118	0	0	488.47	0	-88.58	46.41	-500.00	-500.00
11	11	ÄÐ	0	50.00	1	0	1	1	0	0	50.00	4	3.0	6.0	9.0	12.0	-1.0	-1.0	-1.0	-1.0	-1.0	-1.0	-1.0	-1.0	60	60	1	1	0	157	194760614	471	120	0	0	486.05	0	-87.95	47.58	-500.00	-500.00
11	11	ÄÐ	0	50.00	1	0	1	1	0	0	50.00	4	3.0	6.0	9.0	12.0	-1.0	-1.0	-1.0	-1.0	-1.0	-1.0	-1.0	-1.0	60	60	1	1	0	158	194760654	467	122	0	0	482.67	0	-87.31	48.75	-500.00	-500.00
11	11	ÄÐ	0	50.00	1	0	1	1	0	0	50.00	4	3.0	6.0	9.0	12.0	-1.0	-1.0	-1.0	-1.0	-1.0	-1.0	-1.0	-1.0	60	60	1	1	0	159	194760694	464	124	0	0	480.28	0	-86.65	49.91	-500.00	-500.00
11	11	ÄÐ	0	50.00	1	0	1	1	0	0	50.00	4	3.0	6.0	9.0	12.0	-1.0	-1.0	-1.0	-1.0	-1.0	-1.0	-1.0	-1.0	60	60	1	1	0	160	194760734	460	126	0	0	476.94	0	-85.98	51.06	-500.00	-500.00
11	11	ÄÐ	0	50.00	1	0	1	1	0	0	50.00	4	3.0	6.0	9.0	12.0	-1.0	-1.0	-1.0	-1.0	-1.0	-1.0	-1.0	-1.0	60	60	1	1	0	161	194760774	457	128	0	0	474.59	0	-85.29	52.20	-500.00	-500.00
11	11	ÄÐ	0	50.00	1	0	1	1	0	0	50.00	4	3.0	6.0	9.0	12.0	-1.0	-1.0	-1.0	-1.0	-1.0	-1.0	-1.0	-1.0	60	60	1	1	0	162	194760814	453	130	0	0	471.28	0	-84.59	53.34	-500.00	-500.00
11	11	ÄÐ	0	50.00	1	0	1	1	0	0	50.00	4	3.0	6.0	9.0	12.0	-1.0	-1.0	-1.0	-1.0	-1.0	-1.0	-1.0	-1.0	60	60	1	1	0	163	194760854	450	132	0	0	468.96	0	-83.87	54.46	0.00	0.00
11	11	ÄÐ	0	50.00	1	0	1	1	0	0	50.00	4	3.0	6.0	9.0	12.0	-1.0	-1.0	-1.0	-1.0	-1.0	-1.0	-1.0	-1.0	60	60	1	1	0	164	194760894	447	134	0	0	466.65	0	-83.14	55.57	0.00	0.00
11	11	ÄÐ	0	50.00	1	0	1	1	0	0	50.00	4	3.0	6.0	9.0	12.0	-1.0	-1.0	-1.0	-1.0	-1.0	-1.0	-1.0	-1.0	60	60	1	1	0	165	194760934	443	136	0	0	463.41	0	-82.39	56.68	0.00	0.00
11	11	ÄÐ	0	50.00	1	0	1	1	0	0	50.00	4	3.0	6.0	9.0	12.0	-1.0	-1.0	-1.0	-1.0	-1.0	-1.0	-1.0	-1.0	60	60	1	1	0	166	194760974	440	139	0	0	461.43	0	-81.63	57.77	0.00	0.00
11	11	ÄÐ	0	50.00	1	0	1	1	0	0	50.00	4	3.0	6.0	9.0	12.0	-1.0	-1.0	-1.0	-1.0	-1.0	-1.0	-1.0	-1.0	60	60	1	1	0	167	194761014	437	141	0	0	459.18	0	-80.85	58.85	0.00	-500.00
11	11	ÄÐ	0	50.00	1	0	1	1	0	0	50.00	4	3.0	6.0	9.0	12.0	-1.0	-1.0	-1.0	-1.0	-1.0	-1.0	-1.0	-1.0	60	60	1	1	0	168	194761054	434	143	0	0	456.95	0	-80.06	59.93	-500.00	-500.00
11	11	ÄÐ	0	50.00	1	0	1	1	0	0	50.00	4	3.0	6.0	9.0	12.0	-1.0	-1.0	-1.0	-1.0	-1.0	-1.0	-1.0	-1.0	60	60	1	1	0	169	194761094	431	146	0	0	455.06	0	-79.25	60.99	-500.00	-500.00
11	11	ÄÐ	0	50.00	1	0	1	1	0	0	50.00	4	3.0	6.0	9.0	12.0	-1.0	-1.0	-1.0	-1.0	-1.0	-1.0	-1.0	-1.0	60	60	1	1	0	170	194761134	427	148	0	0	451.92	0	-78.43	62.04	-500.00	-500.00
11	11	ÄÐ	0	50.00	1	0	1	1	0	0	50.00	4	3.0	6.0	9.0	12.0	-1.0	-1.0	-1.0	-1.0	-1.0	-1.0	-1.0	-1.0	60	60	1	1	0	171	194761174	424	151	0	0	450.09	0	-77.60	63.08	-500.00	-500.00
11	11	ÄÐ	0	50.00	1	0	1	1	0	0	50.00	4	3.0	6.0	9.0	12.0	-1.0	-1.0	-1.0	-1.0	-1.0	-1.0	-1.0	-1.0	60	60	1	1	0	172	194761214	421	153	0	0	447.94	0	-76.75	64.11	-500.00	-500.00
11	11	ÄÐ	0	50.00	1	0	1	1	0	0	50.00	4	3.0	6.0	9.0	12.0	-1.0	-1.0	-1.0	-1.0	-1.0	-1.0	-1.0	-1.0	60	60	1	1	0	173	194761254	418	156	0	0	446.16	0	-75.89	65.13	-500.00	-500.00
11	11	ÄÐ	0	50.00	1	0	1	1	0	0	50.00	4	3.0	6.0	9.0	12.0	-1.0	-1.0	-1.0	-1.0	-1.0	-1.0	-1.0	-1.0	60	60	1	1	0	174	194761294	415	158	0	0	444.06	0	-75.01	66.13	-500.00	-500.00
11	11	ÄÐ	0	50.00	1	0	1	1	0	0	50.00	4	3.0	6.0	9.0	12.0	-1.0	-1.0	-1.0	-1.0	-1.0	-1.0	-1.0	-1.0	60	60	1	1	0	175	194761334	412	161	0	0	442.34	0	-74.12	67.13	-500.00	-500.00
11	11	ÄÐ	0	50.00	1	0	1	1	0	0	50.00	4	3.0	6.0	9.0	12.0	-1.0	-1.0	-1.0	-1.0	-1.0	-1.0	-1.0	-1.0	60	60	1	1	0	176	194761374	409	164	0	0	440.66	0	-73.22	68.11	-500.00	-500.00
11	11	ÄÐ	0	50.00	1	0	1	1	0	0	50.00	4	3.0	6.0	9.0	12.0	-1.0	-1.0	-1.0	-1.0	-1.0	-1.0	-1.0	-1.0	60	60	1	1	0	177	194761414	406	167	0	0	439.00	0	-72.31	69.08	-500.00	-500.00
11	11	ÄÐ	0	50.00	1	0	1	1	0	0	50.00	4	3.0	6.0	9.0	12.0	-1.0	-1.0	-1.0	-1.0	-1.0	-1.0	-1.0	-1.0	60	60	1	1	0	178	194761454	403	169	0	0	437.00	0	-71.38	70.04	-500.00	-500.00
11	11	ÄÐ	0	50.00	1	0	1	1	0	0	50.00	4	3.0	6.0	9.0	12.0	-1.0	-1.0	-1.0	-1.0	-1.0	-1.0	-1.0	-1.0	60	60	1	1	0	179	194761494	401	172	0	0	436.33	0	-70.44	70.98	-500.00	-500.00
11	11	ÄÐ	0	50.00	1	0	1	1	0	0	50.00	4	3.0	6.0	9.0	12.0	-1.0	-1.0	-1.0	-1.0	-1.0	-1.0	-1.0	-1.0	60	60	1	1	0	180	194761534	398	175	0	0	434.77	0	-69.49	71.91	-500.00	-500.00
11	11	ÄÐ	0	50.00	1	0	1	1	0	0	50.00	4	3.0	6.0	9.0	12.0	-1.0	-1.0	-1.0	-1.0	-1.0	-1.0	-1.0	-1.0	60	60	1	1	0	181	194761574	395	178	0	0	433.25	0	-68.52	72.83	0.00	0.00
11	11	ÄÐ	0	50.00	1	0	1	1	0	0	50.00	4	3.0	6.0	9.0	12.0	-1.0	-1.0	-1.0	-1.0	-1.0	-1.0	-1.0	-1.0	60	60	1	1	0	182	194761614	392	181	0	0	431.77	0	-67.54	73.74	0.00	0.00
11	11	ÄÐ	0	50.00	1	0	1	1	0	0	50.00	4	3.0	6.0	9.0	12.0	-1.0	-1.0	-1.0	-1.0	-1.0	-1.0	-1.0	-1.0	60	60	1	1	0	183	194761654	390	184	0	0	431.23	0	-66.55	74.64	0.00	0.00
11	11	ÄÐ	0	50.00	1	0	1	1	0	0	50.00	4	3.0	6.0	9.0	12.0	-1.0	-1.0	-1.0	-1.0	-1.0	-1.0	-1.0	-1.0	60	60	1	1	0	184	194761694	387	187	0	0	429.81	0	-65.55	75.52	0.00	0.00
11	11	ÄÐ	0	50.00	1	0	1	1	0	0	50.00	4	3.0	6.0	9.0	12.0	-1.0	-1.0	-1.0	-1.0	-1.0	-1.0	-1.0	-1.0	60	60	1	1	0	185	194761734	384	190	0	0	428.43	0	-64.54	76.38	500.00	0.00
11	11	ÄÐ	0	50.00	1	0	1	1	0	0	50.00	4	3.0	6.0	9.0	12.0	-1.0	-1.0	-1.0	-1.0	-1.0	-1.0	-1.0	-1.0	60	60	1	1	0	186	194761774	382	193	0	0	427.99	0	-63.52	77.24	500.00	500.00
11	11	ÄÐ	0	50.00	1	0	1	1	0	0	50.00	4	3.0	6.0	9.0	12.0	-1.0	-1.0	-1.0	-1.0	-1.0	-1.0	-1.0	-1.0	60	60	1	1	0	187	194761814	379	196	0	0	426.68	0	-62.48	78.08	500.00	500.00
11	11	ÄÐ	0	50.00	1	0	1	1	0	0	50.00	4	3.0	6.0	9.0	12.0	-1.0	-1.0	-1.0	-1.0	-1.0	-1.0	-1.0	-1.0	60	60	1	1	0	188	194761854	377	199	0	0	426.30	0	-61.43	78.90	500.00	500.00
11	11	ÄÐ	0	50.00	1	0	1	1	0	0	50.00	4	3.0	6.0	9.0	12.0	-1.0	-1.0	-1.0	-1.0	-1.0	-1.0	-1.0	-1.0	60	60	1	1	0	189	194761894	374	202	0	0	425.06	0	-60.37	79.72	500.00	500.00
11	11	ÄÐ	0	50.00	1	0	1	1	0	0	50.00	4	3.0	6.0	9.0	12.0	-1.0	-1.0	-1.0	-1.0	-1.0	-1.0	-1.0	-1.0	60	60	1	1	0	190	194761934	372	206	0	0	425.23	0	-59.31	80.52	500.00	500.00
11	11	ÄÐ	0	50.00	1	0	1	1	0	0	50.00	4	3.0	6.0	9.0	12.0	-1.0	-1.0	-1.0	-1.0	-1.0	-1.0	-1.0	-1.0	60	60	1	1	0	191	194761974	370	209	0	0	424.95	0	-58.23	81.30	500.00	500.00
11	11	ÄÐ	0	50.00	1	0	1	1	0	0	50.00	4	3.0	6.0	9.0	12.0	-1.0	-1.0	-1.0	-1.0	-1.0	-1.0	-1.0	-1.0	60	60	1	1	0	192	194762014	367	212	0	0	423.83	0	-57.14	82.07	500.00	500.00
11	11	ÄÐ	0	50.00	1	0	1	1	0	0	50.00	4	3.0	6.0	9.0	12.0	-1.0	-1.0	-1.0	-1.0	-1.0	-1.0	-1.0	-1.0	60	60	1	1	0	193	194762054	365	215	0	0	423.62	0	-56.04	82.82	500.00	500.00
11	11	ÄÐ	0	50.00	1	0	1	1	0	0	50.00	4	3.0	6.0	9.0	12.0	-1.0	-1.0	-1.0	-1.0	-1.0	-1.0	-1.0	-1.0	60	60	1	1	0	194	194762094	363	219	0	0	423.95	0	-54.93	83.56	500.00	0.00
11	11	ÄÐ	0	50.00	1	0	1	1	0	0	50.00	4	3.0	6.0	9.0	12.0	-1.0	-1.0	-1.0	-1.0	-1.0	-1.0	-1.0	-1.0	60	60	1	1	0	195	194762134	361	222	0	0	423.80	0	-53.81	84.29	500.00	0.00
11	11	ÄÐ	0	50.00	1	0	1	1	0	0	50.00	4	3.0	6.0	9.0	12.0	-1.0	-1.0	-1.0	-1.0	-1.0	-1.0	-1.0	-1.0	60	60	1	1	0	196	194762174	359	225	0	0	423.68	0	-52.68	85.00	500.00	-500.00
11	11	ÄÐ	0	50.00	1	0	1	1	0	0	50.00	4	3.0	6.0	9.0	12.0	-1.0	-1.0	-1.0	-1.0	-1.0	-1.0	-1.0	-1.0	60	60	1	1	0	197	194762214	356	229	0	0	423.29	0	-51.54	85.69	500.00	-500.00
11	11	ÄÐ	0	50.00	1	0	1	1	0	0	50.00	4	3.0	6.0	9.0	12.0	-1.0	-1.0	-1.0	-1.0	-1.0	-1.0	-1.0	-1.0	60	60	1	1	0	198	194762254	354	232	0	0	423.25	0	-50.40	86.37	500.00	-500.00
11	11	ÄÐ	0	50.00	1	0	1	1	0	0	50.00	4	3.0	6.0	9.0	12.0	-1.0	-1.0	-1.0	-1.0	-1.0	-1.0	-1.0	-1.0	60	60	1	1	0	199	194762294	352	236	0	0	423.79	0	-49.24	87.04	500.00	-500.00
11	11	ÄÐ	0	50.00	1	0	1	1	0	0	50.00	4	3.0	6.0	9.0	12.0	-1.0	-1.0	-1.0	-1.0	-1.0	-1.0	-1.0	-1.0	60	60	1	1	0	200	194762334	350	239	0	0	423.82	0	-48.08	87.69	500.00	-500.00
11	11	ÄÐ	0	50.00	1	0	1	1	0	0	50.00	4	3.0	6.0	9.0	12.0	-1.0	-1.0	-1.0	-1.0	-1.0	-1.0	-1.0	-1.0	60	60	1	1	0	201	194762374	349	243	0	0	425.26	0	-46.90	88.32	500.00	-500.00
11	11	ÄÐ	0	50.00	1	0	1	1	0	0	50.00	4	3.0	6.0	9.0	12.0	-1.0	-1.0	-1.0	-1.0	-1.0	-1.0	-1.0	-1.0	60	60	1	1	0	202	194762414	347	246	0	0	425.35	0	-45.72	88.94	0.00	-500.00
11	11	ÄÐ	0	50.00	1	0	1	1	0	0	50.00	4	3.0	6.0	9.0	12.0	-1.0	-1.0	-1.0	-1.0	-1.0	-1.0	-1.0	-1.0	60	60	1	1	0	203	194762454	345	250	0	0	426.06	0	-44.53	89.54	0.00	-500.00
11	11	ÄÐ	0	50.00	1	0	1	1	0	0	50.00	4	3.0	6.0	9.0	12.0	-1.0	-1.0	-1.0	-1.0	-1.0	-1.0	-1.0	-1.0	60	60	1	1	0	204	194762494	343	254	0	0	426.81	0	-43.33	90.12	0.00	-500.00
11	11	ÄÐ	0	50.00	1	0	1	1	0	0	50.00	4	3.0	6.0	9.0	12.0	-1.0	-1.0	-1.0	-1.0	-1.0	-1.0	-1.0	-1.0	60	60	1	1	0	205	194762534	341	257	0	0	427.00	0	-42.13	90.69	-500.00	-500.00
11	11	ÄÐ	0	50.00	1	0	1	1	0	0	50.00	4	3.0	6.0	9.0	12.0	-1.0	-1.0	-1.0	-1.0	-1.0	-1.0	-1.0	-1.0	60	60	1	1	0	206	194762574	340	261	0	0	428.63	0	-40.91	91.25	-500.00	-500.00
11	11	ÄÐ	0	50.00	1	0	1	1	0	0	50.00	4	3.0	6.0	9.0	12.0	-1.0	-1.0	-1.0	-1.0	-1.0	-1.0	-1.0	-1.0	60	60	1	1	0	207	194762614	338	264	0	0	428.88	0	-39.69	91.78	-500.00	-500.00
11	11	ÄÐ	0	50.00	1	0	1	1	0	0	50.00	4	3.0	6.0	9.0	12.0	-1.0	-1.0	-1.0	-1.0	-1.0	-1.0	-1.0	-1.0	60	60	1	1	0	208	194762654	337	268	0	0	430.57	0	-38.47	92.31	-500.00	-500.00
11	11	ÄÐ	0	50.00	1	0	1	1	0	0	50.00	4	3.0	6.0	9.0	12.0	-1.0	-1.0	-1.0	-1.0	-1.0	-1.0	-1.0	-1.0	60	60	1	1	0	209	194762694	335	272	0	0	431.52	0	-37.23	92.81	-500.00	0.00
11	11	ÄÐ	0	50.00	1	0	1	1	0	0	50.00	4	3.0	6.0	9.0	12.0	-1.0	-1.0	-1.0	-1.0	-1.0	-1.0	-1.0	-1.0	60	60	1	1	0	210	194762734	334	276	0	0	433.28	0	-35.99	93.30	-500.00	0.00
11	11	ÄÐ	0	50.00	1	0	1	1	0	0	50.00	4	3.0	6.0	9.0	12.0	-1.0	-1.0	-1.0	-1.0	-1.0	-1.0	-1.0	-1.0	60	60	1	1	0	211	194762774	332	279	0	0	433.66	0	-34.74	93.77	-500.00	500.00
11	11	ÄÐ	0	50.00	1	0	1	1	0	0	50.00	4	3.0	6.0	9.0	12.0	-1.0	-1.0	-1.0	-1.0	-1.0	-1.0	-1.0	-1.0	60	60	1	1	0	212	194762814	331	283	0	0	435.49	0	-33.49	94.22	-500.00	500.00
11	11	ÄÐ	0	50.00	1	0	1	1	0	0	50.00	4	3.0	6.0	9.0	12.0	-1.0	-1.0	-1.0	-1.0	-1.0	-1.0	-1.0	-1.0	60	60	1	1	0	213	194762854	330	287	0	0	437.34	0	-32.23	94.66	0.00	500.00
11	11	ÄÐ	0	50.00	1	0	1	1	0	0	50.00	4	3.0	6.0	9.0	12.0	-1.0	-1.0	-1.0	-1.0	-1.0	-1.0	-1.0	-1.0	60	60	1	1	0	214	194762894	328	291	0	0	438.48	0	-30.97	95.08	0.00	500.00
11	11	ÄÐ	0	50.00	1	0	1	1	0	0	50.00	4	3.0	6.0	9.0	12.0	-1.0	-1.0	-1.0	-1.0	-1.0	-1.0	-1.0	-1.0	60	60	1	1	0	215	194762934	327	294	0	0	439.73	0	-29.70	95.49	0.00	500.00
11	11	ÄÐ	0	50.00	1	0	1	1	0	0	50.00	4	3.0	6.0	9.0	12.0	-1.0	-1.0	-1.0	-1.0	-1.0	-1.0	-1.0	-1.0	60	60	1	1	0	216	194762974	326	298	0	0	441.68	0	-28.42	95.88	500.00	500.00
11	11	ÄÐ	0	50.00	1	0	1	1	0	0	50.00	4	3.0	6.0	9.0	12.0	-1.0	-1.0	-1.0	-1.0	-1.0	-1.0	-1.0	-1.0	60	60	1	1	0	217	194763014	325	302	0	0	443.65	0	-27.14	96.25	500.00	500.00
11	11	ÄÐ	0	50.00	1	0	1	1	0	0	50.00	4	3.0	6.0	9.0	12.0	-1.0	-1.0	-1.0	-1.0	-1.0	-1.0	-1.0	-1.0	60	60	1	1	0	218	194763054	324	306	0	0	445.66	0	-25.85	96.60	500.00	0.00
11	11	ÄÐ	0	50.00	1	0	1	1	0	0	50.00	4	3.0	6.0	9.0	12.0	-1.0	-1.0	-1.0	-1.0	-1.0	-1.0	-1.0	-1.0	60	60	1	1	0	219	194763094	323	310	0	0	447.69	0	-24.56	96.94	0.00	0.00
11	11	ÄÐ	0	50.00	1	0	1	1	0	0	50.00	4	3.0	6.0	9.0	12.0	-1.0	-1.0	-1.0	-1.0	-1.0	-1.0	-1.0	-1.0	60	60	1	1	0	220	194763134	322	314	0	0	449.76	0	-23.27	97.26	0.00	0.00
11	11	ÄÐ	0	50.00	1	0	1	1	0	0	50.00	4	3.0	6.0	9.0	12.0	-1.0	-1.0	-1.0	-1.0	-1.0	-1.0	-1.0	-1.0	60	60	1	1	0	221	194763174	321	318	0	0	451.85	0	-21.97	97.56	0.00	0.00
11	11	ÄÐ	0	50.00	1	0	1	1	0	0	50.00	4	3.0	6.0	9.0	12.0	-1.0	-1.0	-1.0	-1.0	-1.0	-1.0	-1.0	-1.0	60	60	1	1	0	222	194763214	320	321	0	0	453.26	0	-20.67	97.84	0.00	0.00
11	11	ÄÐ	0	50.00	1	0	1	1	0	0	50.00	4	3.0	6.0	9.0	12.0	-1.0	-1.0	-1.0	-1.0	-1.0	-1.0	-1.0	-1.0	60	60	1	1	0	223	194763254	319	325	0	0	455.40	0	-19.36	98.11	0.00	0.00
11	11	ÄÐ	0	50.00	1	0	1	1	0	0	50.00	4	3.0	6.0	9.0	12.0	-1.0	-1.0	-1.0	-1.0	-1.0	-1.0	-1.0	-1.0	60	60	1	1	0	224	194763294	318	329	0	0	457.56	0	-18.05	98.36	0.00	0.00
11	11	ÄÐ	0	50.00	1	0	1	1	0	0	50.00	4	3.0	6.0	9.0	12.0	-1.0	-1.0	-1.0	-1.0	-1.0	-1.0	-1.0	-1.0	60	60	1	1	0	225	194763334	318	333	0	0	460.45	0	-16.74	98.59	0.00	0.00
11	11	ÄÐ	0	50.00	1	0	1	1	0	0	50.00	4	3.0	6.0	9.0	12.0	-1.0	-1.0	-1.0	-1.0	-1.0	-1.0	-1.0	-1.0	60	60	1	1	0	226	194763374	317	337	0	0	462.66	0	-15.42	98.80	0.00	0.00
11	11	ÄÐ	0	50.00	1	0	1	1	0	0	50.00	4	3.0	6.0	9.0	12.0	-1.0	-1.0	-1.0	-1.0	-1.0	-1.0	-1.0	-1.0	60	60	1	1	0	227	194763414	316	341	0	0	464.91	0	-14.10	99.00	0.00	0.00
11	11	ÄÐ	0	50.00	1	0	1	1	0	0	50.00	4	3.0	6.0	9.0	12.0	-1.0	-1.0	-1.0	-1.0	-1.0	-1.0	-1.0	-1.0	60	60	1	1	0	228	194763454	316	345	0	0	467.85	0	-12.78	99.18	0.00	0.00
11	11	ÄÐ	0	50.00	1	0	1	1	0	0	50.00	4	3.0	6.0	9.0	12.0	-1.0	-1.0	-1.0	-1.0	-1.0	-1.0	-1.0	-1.0	60	60	1	1	0	229	194763494	315	349	0	0	470.13	0	-11.46	99.34	0.00	0.00
11	11	ÄÐ	0	50.00	1	0	1	1	0	0	50.00	4	3.0	6.0	9.0	12.0	-1.0	-1.0	-1.0	-1.0	-1.0	-1.0	-1.0	-1.0	60	60	1	1	0	230	194763534	315	353	0	0	473.11	0	-10.13	99.49	0.00	0.00
11	11	ÄÐ	0	50.00	1	0	1	1	0	0	50.00	4	3.0	6.0	9.0	12.0	-1.0	-1.0	-1.0	-1.0	-1.0	-1.0	-1.0	-1.0	60	60	1	1	0	231	194763574	315	357	0	0	476.10	0	-8.81	99.61	0.00	0.00
11	11	ÄÐ	0	50.00	1	0	1	1	0	0	50.00	4	3.0	6.0	9.0	12.0	-1.0	-1.0	-1.0	-1.0	-1.0	-1.0	-1.0	-1.0	60	60	1	1	0	232	194763614	314	361	0	0	478.45	0	-7.48	99.72	0.00	0.00
11	11	ÄÐ	0	50.00	1	0	1	1	0	0	50.00	4	3.0	6.0	9.0	12.0	-1.0	-1.0	-1.0	-1.0	-1.0	-1.0	-1.0	-1.0	60	60	1	1	0	233	194763654	314	365	0	0	481.48	0	-6.15	99.81	0.00	0.00
11	11	ÄÐ	0	50.00	1	0	1	1	0	0	50.00	4	3.0	6.0	9.0	12.0	-1.0	-1.0	-1.0	-1.0	-1.0	-1.0	-1.0	-1.0	60	60	1	1	0	234	194763694	314	369	0	0	484.52	0	-4.82	99.88	0.00	0.00
11	11	ÄÐ	0	50.00	1	0	1	1	0	0	50.00	4	3.0	6.0	9.0	12.0	-1.0	-1.0	-1.0	-1.0	-1.0	-1.0	-1.0	-1.0	60	60	1	1	0	235	194763734	314	373	0	0	487.57	0	-3.48	99.94	0.00	0.00
11	11	ÄÐ	0	50.00	1	0	1	1	0	0	50.00	4	3.0	6.0	9.0	12.0	-1.0	-1.0	-1.0	-1.0	-1.0	-1.0	-1.0	-1.0	60	60	1	1	0	236	194763774	314	377	0	0	490.64	0	-2.15	99.98	0.00	0.00
11	11	ÄÐ	0	50.00	1	0	1	1	0	0	50.00	4	3.0	6.0	9.0	12.0	-1.0	-1.0	-1.0	-1.0	-1.0	-1.0	-1.0	-1.0	60	60	1	1	0	237	194763814	314	381	0	0	493.72	0	-0.82	100.00	0.00	0.00
11	11	ÄÐ	0	50.00	1	0	1	1	0	0	50.00	4	3.0	6.0	9.0	12.0	-1.0	-1.0	-1.0	-1.0	-1.0	-1.0	-1.0	-1.0	60	60	1	1	0	238	194763854	314	385	0	0	496.81	0	0.52	100.00	0.00	0.00
11	11	ÄÐ	0	50.00	1	0	1	1	0	0	50.00	4	3.0	6.0	9.0	12.0	-1.0	-1.0	-1.0	-1.0	-1.0	-1.0	-1.0	-1.0	60	60	1	1	0	239	194763894	314	389	0	0	499.92	0	1.85	99.98	0.00	0.00
11	11	ÄÐ	0	50.00	1	0	1	1	0	0	50.00	4	3.0	6.0	9.0	12.0	-1.0	-1.0	-1.0	-1.0	-1.0	-1.0	-1.0	-1.0	60	60	1	1	0	240	194763934	314	393	0	0	503.04	0	3.18	99.95	0.00	0.00
11	11	ÄÐ	0	50.00	1	0	1	1	0	0	50.00	4	3.0	6.0	9.0	12.0	-1.0	-1.0	-1.0	-1.0	-1.0	-1.0	-1.0	-1.0	60	60	1	1	0	241	194763974	314	397	0	0	506.17	0	4.51	99.90	0.00	0.00
11	11	ÄÐ	0	50.00	1	0	1	1	0	0	50.00	4	3.0	6.0	9.0	12.0	-1.0	-1.0	-1.0	-1.0	-1.0	-1.0	-1.0	-1.0	60	60	1	1	0	242	194764014	314	401	0	0	509.31	0	5.85	99.83	0.00	0.00
11	11	ÄÐ	0	50.00	1	0	1	1	0	0	50.00	4	3.0	6.0	9.0	12.0	-1.0	-1.0	-1.0	-1.0	-1.0	-1.0	-1.0	-1.0	60	60	1	1	0	243	194764054	314	405	0	0	512.47	0	7.18	99.74	0.00	0.00
11	11	ÄÐ	0	50.00	1	0	1	1	0	0	50.00	4	3.0	6.0	9.0	12.0	-1.0	-1.0	-1.0	-1.0	-1.0	-1.0	-1.0	-1.0	60	60	1	1	0	244	194764094	315	409	0	0	516.24	0	8.51	99.64	0.00	0.00
11	11	ÄÐ	0	50.00	1	0	1	1	0	0	50.00	4	3.0	6.0	9.0	12.0	-1.0	-1.0	-1.0	-1.0	-1.0	-1.0	-1.0	-1.0	60	60	1	1	0	245	194764134	315	413	0	0	519.42	0	9.83	99.52	0.00	0.00
11	11	ÄÐ	0	50.00	1	0	1	1	0	0	50.00	4	3.0	6.0	9.0	12.0	-1.0	-1.0	-1.0	-1.0	-1.0	-1.0	-1.0	-1.0	60	60	1	1	0	246	194764174	315	417	0	0	522.60	0	11.16	99.38	0.00	0.00
11	11	ÄÐ	0	50.00	1	0	1	1	0	0	50.00	4	3.0	6.0	9.0	12.0	-1.0	-1.0	-1.0	-1.0	-1.0	-1.0	-1.0	-1.0	60	60	1	1	0	247	194764214	316	421	0	0	526.40	0	12.48	99.22	0.00	0.00
11	11	ÄÐ	0	50.00	1	0	1	1	0	0	50.00	4	3.0	6.0	9.0	12.0	-1.0	-1.0	-1.0	-1.0	-1.0	-1.0	-1.0	-1.0	60	60	1	1	0	248	194764254	316	425	0	0	529.60	0	13.80	99.04	0.00	0.00
11	11	ÄÐ	0	50.00	1	0	1	1	0	0	50.00	4	3.0	6.0	9.0	12.0	-1.0	-1.0	-1.0	-1.0	-1.0	-1.0	-1.0	-1.0	60	60	1	1	0	249	194764294	317	429	0	0	533.41	0	15.12	98.85	0.00	0.00
11	11	ÄÐ	0	50.00	1	0	1	1	0	0	50.00	4	3.0	6.0	9.0	12.0	-1.0	-1.0	-1.0	-1.0	-1.0	-1.0	-1.0	-1.0	60	60	1	1	0	250	194764334	318	433	0	0	537.23	0	16.44	98.64	0.00	0.00
11	11	ÄÐ	0	50.00	1	0	1	1	0	0	50.00	4	3.0	6.0	9.0	12.0	-1.0	-1.0	-1.0	-1.0	-1.0	-1.0	-1.0	-1.0	60	60	1	1	0	251	194764374	318	437	0	0	540.46	0	17.75	98.41	0.00	0.00
11	11	ÄÐ	0	50.00	1	0	1	1	0	0	50.00	4	3.0	6.0	9.0	12.0	-1.0	-1.0	-1.0	-1.0	-1.0	-1.0	-1.0	-1.0	60	60	1	1	0	252	194764414	319	441	0	0	544.28	0	19.06	98.17	0.00	0.00
11	11	ÄÐ	0	50.00	1	0	1	1	0	0	50.00	4	3.0	6.0	9.0	12.0	-1.0	-1.0	-1.0	-1.0	-1.0	-1.0	-1.0	-1.0	60	60	1	1	0	253	194764454	320	445	0	0	548.11	0	20.37	97.90	0.00	0.00
11	11	ÄÐ	0	50.00	1	0	1	1	0	0	50.00	4	3.0	6.0	9.0	12.0	-1.0	-1.0	-1.0	-1.0	-1.0	-1.0	-1.0	-1.0	60	60	1	1	0	254	194764494	321	449	0	0	551.94	0	21.68	97.62	0.00	0.00
11	11	ÄÐ	0	50.00	1	0	1	1	0	0	50.00	4	3.0	6.0	9.0	12.0	-1.0	-1.0	-1.0	-1.0	-1.0	-1.0	-1.0	-1.0	60	60	1	1	0	255	194764534	322	452	0	0	554.97	0	22.98	97.32	0.00	0.00
11	11	ÄÐ	0	50.00	1	0	1	1	0	0	50.00	4	3.0	6.0	9.0	12.0	-1.0	-1.0	-1.0	-1.0	-1.0	-1.0	-1.0	-1.0	60	60	1	1	0	256	194764574	322	456	0	0	558.23	0	24.27	97.01	0.00	0.00
11	11	ÄÐ	0	50.00	1	0	1	1	0	0	50.00	4	3.0	6.0	9.0	12.0	-1.0	-1.0	-1.0	-1.0	-1.0	-1.0	-1.0	-1.0	60	60	1	1	0	257	194764614	323	460	0	0	562.08	0	25.56	96.68	0.00	0.00
11	11	ÄÐ	0	50.00	1	0	1	1	0	0	50.00	4	3.0	6.0	9.0	12.0	-1.0	-1.0	-1.0	-1.0	-1.0	-1.0	-1.0	-1.0	60	60	1	1	0	258	194764654	325	464	0	0	566.50	0	26.85	96.33	0.00	0.00
11	11	ÄÐ	0	50.00	1	0	1	1	0	0	50.00	4	3.0	6.0	9.0	12.0	-1.0	-1.0	-1.0	-1.0	-1.0	-1.0	-1.0	-1.0	60	60	1	1	0	259	194764694	326	468	0	0	570.35	0	28.13	95.96	0.00	0.00
11	11	ÄÐ	0	50.00	1	0	1	1	0	0	50.00	4	3.0	6.0	9.0	12.0	-1.0	-1.0	-1.0	-1.0	-1.0	-1.0	-1.0	-1.0	60	60	1	1	0	260	194764734	327	472	0	0	574.21	0	29.41	95.58	0.00	0.00
11	11	ÄÐ	0	50.00	1	0	1	1	0	0	50.00	4	3.0	6.0	9.0	12.0	-1.0	-1.0	-1.0	-1.0	-1.0	-1.0	-1.0	-1.0	60	60	1	1	0	261	194764774	328	476	0	0	578.07	0	30.68	95.18	0.00	0.00
11	11	ÄÐ	0	50.00	1	0	1	1	0	0	50.00	4	3.0	6.0	9.0	12.0	-1.0	-1.0	-1.0	-1.0	-1.0	-1.0	-1.0	-1.0	60	60	1	1	0	262	194764814	329	479	0	0	581.10	0	31.95	94.76	0.00	0.00
11	11	ÄÐ	0	50.00	1	0	1	1	0	0	50.00	4	3.0	6.0	9.0	12.0	-1.0	-1.0	-1.0	-1.0	-1.0	-1.0	-1.0	-1.0	60	60	1	1	0	263	194764854	331	483	0	0	585.53	0	33.21	94.33	0.00	0.00
11	11	ÄÐ	0	50.00	1	0	1	1	0	0	50.00	4	3.0	6.0	9.0	12.0	-1.0	-1.0	-1.0	-1.0	-1.0	-1.0	-1.0	-1.0	60	60	1	1	0	264	194764894	332	487	0	0	589.40	0	34.46	93.87	0.00	0.00
11	11	ÄÐ	0	50.00	1	0	1	1	0	0	50.00	4	3.0	6.0	9.0	12.0	-1.0	-1.0	-1.0	-1.0	-1.0	-1.0	-1.0	-1.0	60	60	1	1	0	265	194764934	333	491	0	0	593.27	0	35.71	93.41	0.00	0.00
11	11	ÄÐ	0	50.00	1	0	1	1	0	0	50.00	4	3.0	6.0	9.0	12.0	-1.0	-1.0	-1.0	-1.0	-1.0	-1.0	-1.0	-1.0	60	60	1	1	0	266	194764974	335	494	0	0	596.88	0	36.95	92.92	0.00	0.00
11	11	ÄÐ	0	50.00	1	0	1	1	0	0	50.00	4	3.0	6.0	9.0	12.0	-1.0	-1.0	-1.0	-1.0	-1.0	-1.0	-1.0	-1.0	60	60	1	1	0	267	194765014	336	498	0	0	600.75	0	38.19	92.42	0.00	0.00
11	11	ÄÐ	0	50.00	1	0	1	1	0	0	50.00	4	3.0	6.0	9.0	12.0	-1.0	-1.0	-1.0	-1.0	-1.0	-1.0	-1.0	-1.0	60	60	1	1	0	268	194765054	338	502	0	0	605.18	0	39.42	91.90	0.00	0.00
11	11	ÄÐ	0	50.00	1	0	1	1	0	0	50.00	4	3.0	6.0	9.0	12.0	-1.0	-1.0	-1.0	-1.0	-1.0	-1.0	-1.0	-1.0	60	60	1	1	0	269	194765094	339	505	0	0	608.23	0	40.64	91.37	0.00	0.00
11	11	ÄÐ	0	50.00	1	0	1	1	0	0	50.00	4	3.0	6.0	9.0	12.0	-1.0	-1.0	-1.0	-1.0	-1.0	-1.0	-1.0	-1.0	60	60	1	1	0	270	194765134	341	509	0	0	612.67	0	41.85	90.82	-500.00	-500.00
11	11	ÄÐ	0	50.00	1	0	1	1	0	0	50.00	4	3.0	6.0	9.0	12.0	-1.0	-1.0	-1.0	-1.0	-1.0	-1.0	-1.0	-1.0	60	60	1	1	0	271	194765174	343	513	0	0	617.10	0	43.06	90.25	-500.00	-500.00
11	11	ÄÐ	0	50.00	1	0	1	1	0	0	50.00	4	3.0	6.0	9.0	12.0	-1.0	-1.0	-1.0	-1.0	-1.0	-1.0	-1.0	-1.0	60	60	1	1	0	272	194765214	344	516	0	0	620.15	0	44.26	89.67	-500.00	0.00
11	11	ÄÐ	0	50.00	1	0	1	1	0	0	50.00	4	3.0	6.0	9.0	12.0	-1.0	-1.0	-1.0	-1.0	-1.0	-1.0	-1.0	-1.0	60	60	1	1	0	273	194765254	346	520	0	0	624.59	0	45.45	89.07	-500.00	0.00
11	11	ÄÐ	0	50.00	1	0	1	1	0	0	50.00	4	3.0	6.0	9.0	12.0	-1.0	-1.0	-1.0	-1.0	-1.0	-1.0	-1.0	-1.0	60	60	1	1	0	274	194765294	348	523	0	0	628.20	0	46.64	88.46	-500.00	0.00
11	11	ÄÐ	0	50.00	1	0	1	1	0	0	50.00	4	3.0	6.0	9.0	12.0	-1.0	-1.0	-1.0	-1.0	-1.0	-1.0	-1.0	-1.0	60	60	1	1	0	275	194765334	350	527	0	0	632.64	0	47.81	87.83	-500.00	0.00
11	11	ÄÐ	0	50.00	1	0	1	1	0	0	50.00	4	3.0	6.0	9.0	12.0	-1.0	-1.0	-1.0	-1.0	-1.0	-1.0	-1.0	-1.0	60	60	1	1	0	276	194765374	352	530	0	0	636.24	0	48.98	87.18	-500.00	0.00
11	11	ÄÐ	0	50.00	1	0	1	1	0	0	50.00	4	3.0	6.0	9.0	12.0	-1.0	-1.0	-1.0	-1.0	-1.0	-1.0	-1.0	-1.0	60	60	1	1	0	277	194765414	354	534	0	0	640.68	0	50.14	86.52	-500.00	0.00
11	11	ÄÐ	0	50.00	1	0	1	1	0	0	50.00	4	3.0	6.0	9.0	12.0	-1.0	-1.0	-1.0	-1.0	-1.0	-1.0	-1.0	-1.0	60	60	1	1	0	278	194765454	356	537	0	0	644.29	0	51.29	85.85	-500.00	0.00
11	11	ÄÐ	0	50.00	1	0	1	1	0	0	50.00	4	3.0	6.0	9.0	12.0	-1.0	-1.0	-1.0	-1.0	-1.0	-1.0	-1.0	-1.0	60	60	1	1	0	279	194765494	358	541	0	0	648.73	0	52.43	85.15	0.00	0.00
11	11	ÄÐ	0	50.00	1	0	1	1	0	0	50.00	4	3.0	6.0	9.0	12.0	-1.0	-1.0	-1.0	-1.0	-1.0	-1.0	-1.0	-1.0	60	60	1	1	0	280	194765534	360	544	0	0	652.33	0	53.56	84.45	0.00	0.00
11	11	ÄÐ	0	50.00	1	0	1	1	0	0	50.00	4	3.0	6.0	9.0	12.0	-1.0	-1.0	-1.0	-1.0	-1.0	-1.0	-1.0	-1.0	60	60	1	1	0	281	194765574	362	548	0	0	656.77	0	54.68	83.73	0.00	0.00
11	11	ÄÐ	0	50.00	1	0	1	1	0	0	50.00	4	3.0	6.0	9.0	12.0	-1.0	-1.0	-1.0	-1.0	-1.0	-1.0	-1.0	-1.0	60	60	1	1	0	282	194765614	365	551	0	0	660.93	0	55.79	82.99	0.00	0.00
11	11	ÄÐ	0	50.00	1	0	1	1	0	0	50.00	4	3.0	6.0	9.0	12.0	-1.0	-1.0	-1.0	-1.0	-1.0	-1.0	-1.0	-1.0	60	60	1	1	0	283	194765654	367	554	0	0	664.53	0	56.89	82.24	0.00	0.00
11	11	ÄÐ	0	50.00	1	0	1	1	0	0	50.00	4	3.0	6.0	9.0	12.0	-1.0	-1.0	-1.0	-1.0	-1.0	-1.0	-1.0	-1.0	60	60	1	1	0	284	194765694	369	557	0	0	668.14	0	57.98	81.47	0.00	0.00
11	11	ÄÐ	0	50.00	1	0	1	1	0	0	50.00	4	3.0	6.0	9.0	12.0	-1.0	-1.0	-1.0	-1.0	-1.0	-1.0	-1.0	-1.0	60	60	1	1	0	285	194765734	371	561	0	0	672.58	0	59.06	80.69	0.00	0.00
11	11	ÄÐ	0	50.00	1	0	1	1	0	0	50.00	4	3.0	6.0	9.0	12.0	-1.0	-1.0	-1.0	-1.0	-1.0	-1.0	-1.0	-1.0	60	60	1	1	0	286	194765774	374	564	0	0	676.74	0	60.14	79.90	0.00	0.00
11	11	ÄÐ	0	50.00	1	0	1	1	0	0	50.00	4	3.0	6.0	9.0	12.0	-1.0	-1.0	-1.0	-1.0	-1.0	-1.0	-1.0	-1.0	60	60	1	1	0	287	194765814	376	567	0	0	680.34	0	61.20	79.09	0.00	0.00
11	11	ÄÐ	0	50.00	1	0	1	1	0	0	50.00	4	3.0	6.0	9.0	12.0	-1.0	-1.0	-1.0	-1.0	-1.0	-1.0	-1.0	-1.0	60	60	1	1	0	288	194765854	379	570	0	0	684.50	0	62.24	78.27	0.00	0.00
11	11	ÄÐ	0	50.00	1	0	1	1	0	0	50.00	4	3.0	6.0	9.0	12.0	-1.0	-1.0	-1.0	-1.0	-1.0	-1.0	-1.0	-1.0	60	60	1	1	0	289	194765894	381	573	0	0	688.11	0	63.28	77.43	0.00	0.00
11	11	ÄÐ	0	50.00	1	0	1	1	0	0	50.00	4	3.0	6.0	9.0	12.0	-1.0	-1.0	-1.0	-1.0	-1.0	-1.0	-1.0	-1.0	60	60	1	1	0	290	194765934	384	576	0	0	692.27	0	64.31	76.58	0.00	0.00
11	11	ÄÐ	0	50.00	1	0	1	1	0	0	50.00	4	3.0	6.0	9.0	12.0	-1.0	-1.0	-1.0	-1.0	-1.0	-1.0	-1.0	-1.0	60	60	1	1	0	291	194765974	386	579	0	0	695.87	0	65.32	75.71	0.00	0.00
11	11	ÄÐ	0	50.00	1	0	1	1	0	0	50.00	4	3.0	6.0	9.0	12.0	-1.0	-1.0	-1.0	-1.0	-1.0	-1.0	-1.0	-1.0	60	60	1	1	0	292	194766014	389	582	0	0	700.03	0	66.33	74.84	0.00	0.00
11	11	ÄÐ	0	50.00	1	0	1	1	0	0	50.00	4	3.0	6.0	9.0	12.0	-1.0	-1.0	-1.0	-1.0	-1.0	-1.0	-1.0	-1.0	60	60	1	1	0	293	194766054	392	585	0	0	704.19	0	67.32	73.94	0.00	0.00
11	11	ÄÐ	0	50.00	1	0	1	1	0	0	50.00	4	3.0	6.0	9.0	12.0	-1.0	-1.0	-1.0	-1.0	-1.0	-1.0	-1.0	-1.0	60	60	1	1	0	294	194766094	394	588	0	0	707.80	0	68.30	73.04	0.00	0.00
11	11	ÄÐ	0	50.00	1	0	1	1	0	0	50.00	4	3.0	6.0	9.0	12.0	-1.0	-1.0	-1.0	-1.0	-1.0	-1.0	-1.0	-1.0	60	60	1	1	0	295	194766134	397	591	0	0	711.96	0	69.27	72.12	0.00	0.00
11	11	ÄÐ	0	50.00	1	0	1	1	0	0	50.00	4	3.0	6.0	9.0	12.0	-1.0	-1.0	-1.0	-1.0	-1.0	-1.0	-1.0	-1.0	60	60	1	1	0	296	194766174	400	594	0	0	716.13	0	70.22	71.19	0.00	0.00
11	11	ÄÐ	0	50.00	1	0	1	1	0	0	50.00	4	3.0	6.0	9.0	12.0	-1.0	-1.0	-1.0	-1.0	-1.0	-1.0	-1.0	-1.0	60	60	1	1	0	297	194766214	403	597	0	0	720.29	0	71.17	70.25	0.00	0.00
11	11	ÄÐ	0	50.00	1	0	1	1	0	0	50.00	4	3.0	6.0	9.0	12.0	-1.0	-1.0	-1.0	-1.0	-1.0	-1.0	-1.0	-1.0	60	60	1	1	0	298	194766254	406	600	0	0	724.46	0	72.10	69.30	0.00	0.00
11	11	ÄÐ	0	50.00	1	0	1	1	0	0	50.00	4	3.0	6.0	9.0	12.0	-1.0	-1.0	-1.0	-1.0	-1.0	-1.0	-1.0	-1.0	60	60	1	1	0	299	194766294	409	603	0	0	728.62	0	73.02	68.33	0.00	0.00
11	11	ÄÐ	0	50.00	1	0	1	1	0	0	50.00	4	3.0	6.0	9.0	12.0	-1.0	-1.0	-1.0	-1.0	-1.0	-1.0	-1.0	-1.0	60	60	1	1	0	300	194766334	411	605	0	0	731.40	0	73.92	67.35	0.00	0.00
11	11	ÄÐ	0	50.00	1	0	1	1	0	0	50.00	4	3.0	6.0	9.0	12.0	-1.0	-1.0	-1.0	-1.0	-1.0	-1.0	-1.0	-1.0	60	60	1	1	0	301	194766374	414	608	0	0	735.57	0	74.81	66.36	0.00	0.00
11	11	ÄÐ	0	50.00	1	0	1	1	0	0	50.00	4	3.0	6.0	9.0	12.0	-1.0	-1.0	-1.0	-1.0	-1.0	-1.0	-1.0	-1.0	60	60	1	1	0	302	194766414	417	611	0	0	739.74	0	75.69	65.35	500.00	500.00
11	11	ÄÐ	0	50.00	1	0	1	1	0	0	50.00	4	3.0	6.0	9.0	12.0	-1.0	-1.0	-1.0	-1.0	-1.0	-1.0	-1.0	-1.0	60	60	1	1	0	303	194766454	420	613	0	0	743.08	0	76.55	64.34	500.00	500.00
11	11	ÄÐ	0	50.00	1	0	1	1	0	0	50.00	4	3.0	6.0	9.0	12.0	-1.0	-1.0	-1.0	-1.0	-1.0	-1.0	-1.0	-1.0	60	60	1	1	0	304	194766494	424	616	0	0	747.82	0	77.41	63.31	500.00	500.00
11	11	ÄÐ	0	50.00	1	0	1	1	0	0	50.00	4	3.0	6.0	9.0	12.0	-1.0	-1.0	-1.0	-1.0	-1.0	-1.0	-1.0	-1.0	60	60	1	1	0	305	194766534	427	618	0	0	751.17	0	78.24	62.27	500.00	500.00
11	11	ÄÐ	0	50.00	1	0	1	1	0	0	50.00	4	3.0	6.0	9.0	12.0	-1.0	-1.0	-1.0	-1.0	-1.0	-1.0	-1.0	-1.0	60	60	1	1	0	306	194766574	430	621	0	0	755.34	0	79.07	61.23	500.00	500.00
11	11	ÄÐ	0	50.00	1	0	1	1	0	0	50.00	4	3.0	6.0	9.0	12.0	-1.0	-1.0	-1.0	-1.0	-1.0	-1.0	-1.0	-1.0	60	60	1	1	0	307	194766614	433	623	0	0	758.69	0	79.88	60.17	500.00	500.00
11	11	ÄÐ	0	50.00	1	0	1	1	0	0	50.00	4	3.0	6.0	9.0	12.0	-1.0	-1.0	-1.0	-1.0	-1.0	-1.0	-1.0	-1.0	60	60	1	1	0	308	194766654	436	626	0	0	762.87	0	80.67	59.10	500.00	500.00
11	11	ÄÐ	0	50.00	1	0	1	1	0	0	50.00	4	3.0	6.0	9.0	12.0	-1.0	-1.0	-1.0	-1.0	-1.0	-1.0	-1.0	-1.0	60	60	1	1	0	309	194766694	439	628	0	0	766.23	0	81.45	58.01	500.00	500.00
11	11	ÄÐ	0	50.00	1	0	1	1	0	0	50.00	4	3.0	6.0	9.0	12.0	-1.0	-1.0	-1.0	-1.0	-1.0	-1.0	-1.0	-1.0	60	60	1	1	0	310	194766734	443	630	0	0	770.16	0	82.22	56.92	500.00	-500.00
11	11	ÄÐ	0	50.00	1	0	1	1	0	0	50.00	4	3.0	6.0	9.0	12.0	-1.0	-1.0	-1.0	-1.0	-1.0	-1.0	-1.0	-1.0	60	60	1	1	0	311	194766774	446	632	0	0	773.52	0	82.97	55.82	500.00	-500.00
11	11	ÄÐ	0	50.00	1	0	1	1	0	0	50.00	4	3.0	6.0	9.0	12.0	-1.0	-1.0	-1.0	-1.0	-1.0	-1.0	-1.0	-1.0	60	60	1	1	0	312	194766814	449	635	0	0	777.71	0	83.71	54.71	500.00	-500.00
11	11	ÄÐ	0	50.00	1	0	1	1	0	0	50.00	4	3.0	6.0	9.0	12.0	-1.0	-1.0	-1.0	-1.0	-1.0	-1.0	-1.0	-1.0	60	60	1	1	0	313	194766854	453	637	0	0	781.65	0	84.43	53.59	500.00	-500.00
11	11	ÄÐ	0	50.00	1	0	1	1	0	0	50.00	4	3.0	6.0	9.0	12.0	-1.0	-1.0	-1.0	-1.0	-1.0	-1.0	-1.0	-1.0	60	60	1	1	0	314	194766894	456	639	0	0	785.02	0	85.13	52.46	500.00	-500.00
11	11	ÄÐ	0	50.00	1	0	1	1	0	0	50.00	4	3.0	6.0	9.0	12.0	-1.0	-1.0	-1.0	-1.0	-1.0	-1.0	-1.0	-1.0	60	60	1	1	0	315	194766934	460	641	0	0	788.97	0	85.83	51.32	0.00	-500.00
11	11	ÄÐ	0	50.00	1	0	1	1	0	0	50.00	4	3.0	6.0	9.0	12.0	-1.0	-1.0	-1.0	-1.0	-1.0	-1.0	-1.0	-1.0	60	60	1	1	0	316	194766974	463	643	0	0	792.35	0	86.50	50.17	0.00	-500.00
11	11	ÄÐ	0	50.00	1	0	1	1	0	0	50.00	4	3.0	6.0	9.0	12.0	-1.0	-1.0	-1.0	-1.0	-1.0	-1.0	-1.0	-1.0	60	60	1	1	0	317	194767014	466	645	0	0	795.73	0	87.16	49.01	0.00	-500.00
11	11	ÄÐ	0	50.00	1	0	1	1	0	0	50.00	4	3.0	6.0	9.0	12.0	-1.0	-1.0	-1.0	-1.0	-1.0	-1.0	-1.0	-1.0	60	60	1	1	0	318	194767054	470	647	0	0	799.69	0	87.81	47.85	0.00	-500.00
11	11	ÄÐ	0	50.00	1	0	1	1	0	0	50.00	4	3.0	6.0	9.0	12.0	-1.0	-1.0	-1.0	-1.0	-1.0	-1.0	-1.0	-1.0	60	60	1	1	0	319	194767094	473	649	0	0	803.08	0	88.44	46.67	0.00	0.00
11	11	ÄÐ	0	50.00	1	0	1	1	0	0	50.00	4	3.0	6.0	9.0	12.0	-1.0	-1.0	-1.0	-1.0	-1.0	-1.0	-1.0	-1.0	60	60	1	1	0	320	194767134	477	651	0	0	807.05	0	89.05	45.49	0.00	0.00
11	11	ÄÐ	0	50.00	1	0	1	1	0	0	50.00	4	3.0	6.0	9.0	12.0	-1.0	-1.0	-1.0	-1.0	-1.0	-1.0	-1.0	-1.0	60	60	1	1	0	321	194767174	481	652	0	0	810.23	0	89.65	44.30	0.00	0.00
11	11	ÄÐ	0	50.00	1	0	1	1	0	0	50.00	4	3.0	6.0	9.0	12.0	-1.0	-1.0	-1.0	-1.0	-1.0	-1.0	-1.0	-1.0	60	60	1	1	0	322	194767214	484	654	0	0	813.62	0	90.24	43.10	0.00	0.00
11	11	ÄÐ	0	50.00	1	0	1	1	0	0	50.00	4	3.0	6.0	9.0	12.0	-1.0	-1.0	-1.0	-1.0	-1.0	-1.0	-1.0	-1.0	60	60	1	1	0	323	194767254	488	656	0	0	817.61	0	90.80	41.89	0.00	0.00
11	11	ÄÐ	0	50.00	1	0	1	1	0	0	50.00	4	3.0	6.0	9.0	12.0	-1.0	-1.0	-1.0	-1.0	-1.0	-1.0	-1.0	-1.0	60	60	1	1	0	324	194767294	491	658	0	0	821.00	0	91.35	40.68	0.00	0.00
11	11	ÄÐ	0	50.00	1	0	1	1	0	0	50.00	4	3.0	6.0	9.0	12.0	-1.0	-1.0	-1.0	-1.0	-1.0	-1.0	-1.0	-1.0	60	60	1	1	0	325	194767334	495	659	0	0	824.20	0	91.89	39.45	0.00	0.00
11	11	ÄÐ	0	50.00	1	0	1	1	0	0	50.00	4	3.0	6.0	9.0	12.0	-1.0	-1.0	-1.0	-1.0	-1.0	-1.0	-1.0	-1.0	60	60	1	1	0	326	194767374	499	661	0	0	828.20	0	92.41	38.23	0.00	0.00
11	11	ÄÐ	0	50.00	1	0	1	1	0	0	50.00	4	3.0	6.0	9.0	12.0	-1.0	-1.0	-1.0	-1.0	-1.0	-1.0	-1.0	-1.0	60	60	1	1	0	327	194767414	503	662	0	0	831.42	0	92.91	36.99	0.00	0.00
11	11	ÄÐ	0	50.00	1	0	1	1	0	0	50.00	4	3.0	6.0	9.0	12.0	-1.0	-1.0	-1.0	-1.0	-1.0	-1.0	-1.0	-1.0	60	60	1	1	0	328	194767454	506	664	0	0	834.82	0	93.39	35.75	0.00	0.00
11	11	ÄÐ	0	50.00	1	0	1	1	0	0	50.00	4	3.0	6.0	9.0	12.0	-1.0	-1.0	-1.0	-1.0	-1.0	-1.0	-1.0	-1.0	60	60	1	1	0	329	194767494	510	665	0	0	838.05	0	93.86	34.50	0.00	0.00
11	11	ÄÐ	0	50.00	1	0	1	1	0	0	50.00	4	3.0	6.0	9.0	12.0	-1.0	-1.0	-1.0	-1.0	-1.0	-1.0	-1.0	-1.0	60	60	1	1	0	330	194767534	514	666	0	0	841.28	0	94.31	33.25	0.00	0.00
11	11	ÄÐ	0	50.00	1	0	1	1	0	0	50.00	4	3.0	6.0	9.0	12.0	-1.0	-1.0	-1.0	-1.0	-1.0	-1.0	-1.0	-1.0	60	60	1	1	0	331	194767574	518	668	0	0	845.31	0	94.75	31.99	0.00	0.00
11	11	ÄÐ	0	50.00	1	0	1	1	0	0	50.00	4	3.0	6.0	9.0	12.0	-1.0	-1.0	-1.0	-1.0	-1.0	-1.0	-1.0	-1.0	60	60	1	1	0	332	194767614	521	669	0	0	847.94	0	95.16	30.72	0.00	0.00
11	11	ÄÐ	0	50.00	1	0	1	1	0	0	50.00	4	3.0	6.0	9.0	12.0	-1.0	-1.0	-1.0	-1.0	-1.0	-1.0	-1.0	-1.0	60	60	1	1	0	333	194767654	525	670	0	0	851.19	0	95.57	29.45	0.00	0.00
11	11	ÄÐ	0	50.00	1	0	1	1	0	0	50.00	4	3.0	6.0	9.0	12.0	-1.0	-1.0	-1.0	-1.0	-1.0	-1.0	-1.0	-1.0	60	60	1	1	0	334	194767694	529	671	0	0	854.45	0	95.95	28.17	0.00	0.00
11	11	ÄÐ	0	50.00	1	0	1	1	0	0	50.00	4	3.0	6.0	9.0	12.0	-1.0	-1.0	-1.0	-1.0	-1.0	-1.0	-1.0	-1.0	60	60	1	1	0	335	194767734	533	672	0	0	857.71	0	96.32	26.89	0.00	0.00
11	11	ÄÐ	0	50.00	1	0	1	1	0	0	50.00	4	3.0	6.0	9.0	12.0	-1.0	-1.0	-1.0	-1.0	-1.0	-1.0	-1.0	-1.0	60	60	1	1	0	336	194767774	537	674	0	0	861.77	0	96.67	25.60	0.00	0.00
11	11	ÄÐ	0	50.00	1	0	1	1	0	0	50.00	4	3.0	6.0	9.0	12.0	-1.0	-1.0	-1.0	-1.0	-1.0	-1.0	-1.0	-1.0	60	60	1	1	0	337	194767814	541	674	0	0	864.27	0	97.00	24.31	0.00	0.00
11	11	ÄÐ	0	50.00	1	0	1	1	0	0	50.00	4	3.0	6.0	9.0	12.0	-1.0	-1.0	-1.0	-1.0	-1.0	-1.0	-1.0	-1.0	60	60	1	1	0	338	194767854	544	675	0	0	866.93	0	97.32	23.02	0.00	0.00
11	11	ÄÐ	0	50.00	1	0	1	1	0	0	50.00	4	3.0	6.0	9.0	12.0	-1.0	-1.0	-1.0	-1.0	-1.0	-1.0	-1.0	-1.0	60	60	1	1	0	339	194767894	548	676	0	0	870.22	0	97.61	21.72	0.00	0.00
11	11	ÄÐ	0	50.00	1	0	1	1	0	0	50.00	4	3.0	6.0	9.0	12.0	-1.0	-1.0	-1.0	-1.0	-1.0	-1.0	-1.0	-1.0	60	60	1	1	0	340	194767934	552	677	0	0	873.52	0	97.89	20.41	0.00	0.00
11	11	ÄÐ	0	50.00	1	0	1	1	0	0	50.00	4	3.0	6.0	9.0	12.0	-1.0	-1.0	-1.0	-1.0	-1.0	-1.0	-1.0	-1.0	60	60	1	1	0	341	194767974	556	678	0	0	876.82	0	98.16	19.11	0.00	0.00
11	11	ÄÐ	0	50.00	1	0	1	1	0	0	50.00	4	3.0	6.0	9.0	12.0	-1.0	-1.0	-1.0	-1.0	-1.0	-1.0	-1.0	-1.0	60	60	1	1	0	342	194768014	560	679	0	0	880.14	0	98.40	17.80	0.00	0.00
11	11	ÄÐ	0	50.00	1	0	1	1	0	0	50.00	4	3.0	6.0	9.0	12.0	-1.0	-1.0	-1.0	-1.0	-1.0	-1.0	-1.0	-1.0	60	60	1	1	0	343	194768054	564	679	0	0	882.69	0	98.63	16.48	0.00	0.00
11	11	ÄÐ	0	50.00	1	0	1	1	0	0	50.00	4	3.0	6.0	9.0	12.0	-1.0	-1.0	-1.0	-1.0	-1.0	-1.0	-1.0	-1.0	60	60	1	1	0	344	194768094	568	680	0	0	886.02	0	98.84	15.17	0.00	0.00
11	11	ÄÐ	0	50.00	1	0	1	1	0	0	50.00	4	3.0	6.0	9.0	12.0	-1.0	-1.0	-1.0	-1.0	-1.0	-1.0	-1.0	-1.0	60	60	1	1	0	345	194768134	572	681	0	0	889.35	0	99.04	13.85	0.00	0.00
11	11	ÄÐ	0	50.00	1	0	1	1	0	0	50.00	4	3.0	6.0	9.0	12.0	-1.0	-1.0	-1.0	-1.0	-1.0	-1.0	-1.0	-1.0	60	60	1	1	0	346	194768174	576	681	0	0	891.93	0	99.21	12.52	0.00	0.00
11	11	ÄÐ	0	50.00	1	0	1	1	0	0	50.00	4	3.0	6.0	9.0	12.0	-1.0	-1.0	-1.0	-1.0	-1.0	-1.0	-1.0	-1.0	60	60	1	1	0	347	194768214	580	682	0	0	895.28	0	99.37	11.20	0.00	0.00
11	11	ÄÐ	0	50.00	1	0	1	1	0	0	50.00	4	3.0	6.0	9.0	12.0	-1.0	-1.0	-1.0	-1.0	-1.0	-1.0	-1.0	-1.0	60	60	1	1	0	348	194768254	584	682	0	0	897.88	0	99.51	9.87	0.00	0.00
11	11	ÄÐ	0	50.00	1	0	1	1	0	0	50.00	4	3.0	6.0	9.0	12.0	-1.0	-1.0	-1.0	-1.0	-1.0	-1.0	-1.0	-1.0	60	60	1	1	0	349	194768294	588	682	0	0	900.48	0	99.63	8.55	0.00	0.00
11	11	ÄÐ	0	50.00	1	0	1	1	0	0	50.00	4	3.0	6.0	9.0	12.0	-1.0	-1.0	-1.0	-1.0	-1.0	-1.0	-1.0	-1.0	60	60	1	1	0	350	194768334	592	683	0	0	903.85	0	99.74	7.22	0.00	0.00
11	11	ÄÐ	0	50.00	1	0	1	1	0	0	50.00	4	3.0	6.0	9.0	12.0	-1.0	-1.0	-1.0	-1.0	-1.0	-1.0	-1.0	-1.0	60	60	1	1	0	351	194768374	596	683	0	0	906.48	0	99.83	5.89	0.00	0.00
11	11	ÄÐ	0	50.00	1	0	1	1	0	0	50.00	4	3.0	6.0	9.0	12.0	-1.0	-1.0	-1.0	-1.0	-1.0	-1.0	-1.0	-1.0	60	60	1	1	0	352	194768414	600	683	0	0	909.11	0	99.90	4.56	0.00	0.00
11	11	ÄÐ	0	50.00	1	0	1	1	0	0	50.00	4	3.0	6.0	9.0	12.0	-1.0	-1.0	-1.0	-1.0	-1.0	-1.0	-1.0	-1.0	60	60	1	1	0	353	194768454	604	683	0	0	911.76	0	99.95	3.22	0.00	0.00
11	11	ÄÐ	0	50.00	1	0	1	1	0	0	50.00	4	3.0	6.0	9.0	12.0	-1.0	-1.0	-1.0	-1.0	-1.0	-1.0	-1.0	-1.0	60	60	1	1	0	354	194768494	608	683	0	0	914.41	0	99.98	1.89	0.00	0.00
11	11	ÄÐ	0	50.00	1	0	1	1	0	0	50.00	4	3.0	6.0	9.0	12.0	-1.0	-1.0	-1.0	-1.0	-1.0	-1.0	-1.0	-1.0	60	60	1	1	0	355	194768534	612	683	0	0	917.08	0	100.00	0.56	0.00	0.00
11	11	ÄÐ	0	50.00	1	0	1	1	0	0	50.00	4	3.0	6.0	9.0	12.0	-1.0	-1.0	-1.0	-1.0	-1.0	-1.0	-1.0	-1.0	60	60	1	1	0	356	194768574	616	683	0	0	919.75	0	100.00	-0.78	0.00	0.00
11	11	ÄÐ	0	50.00	1	0	1	1	0	0	50.00	4	3.0	6.0	9.0	12.0	-1.0	-1.0	-1.0	-1.0	-1.0	-1.0	-1.0	-1.0	60	60	1	1	0	357	194768614	620	683	0	0	922.44	0	99.98	-2.11	0.00	0.00
11	11	ÄÐ	0	50.00	1	0	1	1	0	0	50.00	4	3.0	6.0	9.0	12.0	-1.0	-1.0	-1.0	-1.0	-1.0	-1.0	-1.0	-1.0	60	60	1	1	0	358	194768654	624	683	0	0	925.13	0	99.94	-3.44	0.00	0.00
11	11	ÄÐ	0	50.00	1	0	1	1	0	0	50.00	4	3.0	6.0	9.0	12.0	-1.0	-1.0	-1.0	-1.0	-1.0	-1.0	-1.0	-1.0	60	60	1	1	0	359	194768694	628	683	0	0	927.83	0	99.89	-4.77	0.00	0.00
11	11	ÄÐ	0	50.00	1	0	1	1	0	0	50.00	4	3.0	6.0	9.0	12.0	-1.0	-1.0	-1.0	-1.0	-1.0	-1.0	-1.0	-1.0	60	60	1	1	0	360	194768734	632	683	0	0	930.54	0	99.81	-6.11	0.00	0.00
11	11	ÄÐ	0	50.00	1	0	1	1	0	0	50.00	4	3.0	6.0	9.0	12.0	-1.0	-1.0	-1.0	-1.0	-1.0	-1.0	-1.0	-1.0	60	60	1	1	0	361	194768774	636	683	0	0	933.27	0	99.72	-7.44	0.00	0.00
11	11	ÄÐ	0	50.00	1	0	1	1	0	0	50.00	4	3.0	6.0	9.0	12.0	-1.0	-1.0	-1.0	-1.0	-1.0	-1.0	-1.0	-1.0	60	60	1	1	0	362	194768814	640	682	0	0	935.27	0	99.62	-8.77	0.00	0.00
11	11	ÄÐ	0	50.00	1	0	1	1	0	0	50.00	4	3.0	6.0	9.0	12.0	-1.0	-1.0	-1.0	-1.0	-1.0	-1.0	-1.0	-1.0	60	60	1	1	0	363	194768854	644	682	0	0	938.01	0	99.49	-10.09	0.00	0.00
11	11	ÄÐ	0	50.00	1	0	1	1	0	0	50.00	4	3.0	6.0	9.0	12.0	-1.0	-1.0	-1.0	-1.0	-1.0	-1.0	-1.0	-1.0	60	60	1	1	0	364	194768894	648	682	0	0	940.76	0	99.35	-11.42	0.00	0.00
11	11	ÄÐ	0	50.00	1	0	1	1	0	0	50.00	4	3.0	6.0	9.0	12.0	-1.0	-1.0	-1.0	-1.0	-1.0	-1.0	-1.0	-1.0	60	60	1	1	0	365	194768934	652	681	0	0	942.80	0	99.18	-12.74	0.00	0.00
11	11	ÄÐ	0	50.00	1	0	1	1	0	0	50.00	4	3.0	6.0	9.0	12.0	-1.0	-1.0	-1.0	-1.0	-1.0	-1.0	-1.0	-1.0	60	60	1	1	0	366	194768974	656	681	0	0	945.57	0	99.01	-14.06	0.00	0.00
11	11	ÄÐ	0	50.00	1	0	1	1	0	0	50.00	4	3.0	6.0	9.0	12.0	-1.0	-1.0	-1.0	-1.0	-1.0	-1.0	-1.0	-1.0	60	60	1	1	0	367	194769014	660	680	0	0	947.63	0	98.81	-15.38	0.00	0.00
11	11	ÄÐ	0	50.00	1	0	1	1	0	0	50.00	4	3.0	6.0	9.0	12.0	-1.0	-1.0	-1.0	-1.0	-1.0	-1.0	-1.0	-1.0	60	60	1	1	0	368	194769054	664	679	0	0	949.70	0	98.60	-16.70	0.00	0.00
11	11	ÄÐ	0	50.00	1	0	1	1	0	0	50.00	4	3.0	6.0	9.0	12.0	-1.0	-1.0	-1.0	-1.0	-1.0	-1.0	-1.0	-1.0	60	60	1	1	0	369	194769094	668	679	0	0	952.50	0	98.36	-18.01	500.00	0.00
11	11	ÄÐ	0	50.00	1	0	1	1	0	0	50.00	4	3.0	6.0	9.0	12.0	-1.0	-1.0	-1.0	-1.0	-1.0	-1.0	-1.0	-1.0	60	60	1	1	0	370	194769134	671	678	0	0	953.90	0	98.12	-19.32	500.00	0.00
11	11	ÄÐ	0	50.00	1	0	1	1	0	0	50.00	4	3.0	6.0	9.0	12.0	-1.0	-1.0	-1.0	-1.0	-1.0	-1.0	-1.0	-1.0	60	60	1	1	0	371	194769174	675	677	0	0	956.01	0	97.85	-20.63	500.00	0.00
11	11	ÄÐ	0	50.00	1	0	1	1	0	0	50.00	4	3.0	6.0	9.0	12.0	-1.0	-1.0	-1.0	-1.0	-1.0	-1.0	-1.0	-1.0	60	60	1	1	0	372	194769214	679	676	0	0	958.13	0	97.57	-21.93	500.00	-500.00
11	11	ÄÐ	0	50.00	1	0	1	1	0	0	50.00	4	3.0	6.0	9.0	12.0	-1.0	-1.0	-1.0	-1.0	-1.0	-1.0	-1.0	-1.0	60	60	1	1	0	373	194769254	683	675	0	0	960.27	0	97.26	-23.23	0.00	0.00
11	11	ÄÐ	0	50.00	1	0	1	1	0	0	50.00	4	3.0	6.0	9.0	12.0	-1.0	-1.0	-1.0	-1.0	-1.0	-1.0	-1.0	-1.0	60	60	1	1	0	374	194769294	687	674	0	0	962.42	0	96.95	-24.52	0.00	0.00
11	11	ÄÐ	0	50.00	1	0	1	1	0	0	50.00	4	3.0	6.0	9.0	12.0	-1.0	-1.0	-1.0	-1.0	-1.0	-1.0	-1.0	-1.0	60	60	1	1	0	375	194769334	691	673	0	0	964.58	0	96.61	-25.81	0.00	0.00
11	11	ÄÐ	0	50.00	1	0	1	1	0	0	50.00	4	3.0	6.0	9.0	12.0	-1.0	-1.0	-1.0	-1.0	-1.0	-1.0	-1.0	-1.0	60	60	1	1	0	376	194769374	695	672	0	0	966.75	0	96.26	-27.10	0.00	0.00
11	11	ÄÐ	0	50.00	1	0	1	1	0	0	50.00	4	3.0	6.0	9.0	12.0	-1.0	-1.0	-1.0	-1.0	-1.0	-1.0	-1.0	-1.0	60	60	1	1	0	377	194769414	699	671	0	0	968.94	0	95.89	-28.38	0.00	0.00
11	11	ÄÐ	0	50.00	1	0	1	1	0	0	50.00	4	3.0	6.0	9.0	12.0	-1.0	-1.0	-1.0	-1.0	-1.0	-1.0	-1.0	-1.0	60	60	1	1	0	378	194769454	702	670	0	0	970.41	0	95.50	-29.66	0.00	0.00
11	11	ÄÐ	0	50.00	1	0	1	1	0	0	50.00	4	3.0	6.0	9.0	12.0	-1.0	-1.0	-1.0	-1.0	-1.0	-1.0	-1.0	-1.0	60	60	1	1	0	379	194769494	706	669	0	0	972.62	0	95.10	-30.93	0.00	0.00
11	11	ÄÐ	0	50.00	1	0	1	1	0	0	50.00	4	3.0	6.0	9.0	12.0	-1.0	-1.0	-1.0	-1.0	-1.0	-1.0	-1.0	-1.0	60	60	1	1	0	380	194769534	710	668	0	0	974.85	0	94.68	-32.19	0.00	0.00
11	11	ÄÐ	0	50.00	1	0	1	1	0	0	50.00	4	3.0	6.0	9.0	12.0	-1.0	-1.0	-1.0	-1.0	-1.0	-1.0	-1.0	-1.0	60	60	1	1	0	381	194769574	714	666	0	0	976.40	0	94.24	-33.45	0.00	0.00
11	11	ÄÐ	0	50.00	1	0	1	1	0	0	50.00	4	3.0	6.0	9.0	12.0	-1.0	-1.0	-1.0	-1.0	-1.0	-1.0	-1.0	-1.0	60	60	1	1	0	382	194769614	718	665	0	0	978.65	0	93.78	-34.71	0.00	0.00
11	11	ÄÐ	0	50.00	1	0	1	1	0	0	50.00	4	3.0	6.0	9.0	12.0	-1.0	-1.0	-1.0	-1.0	-1.0	-1.0	-1.0	-1.0	60	60	1	1	0	383	194769654	721	663	0	0	979.49	0	93.31	-35.95	0.00	0.00
11	11	ÄÐ	0	50.00	1	0	1	1	0	0	50.00	4	3.0	6.0	9.0	12.0	-1.0	-1.0	-1.0	-1.0	-1.0	-1.0	-1.0	-1.0	60	60	1	1	0	384	194769694	725	662	0	0	981.77	0	92.83	-37.19	0.00	0.00
11	11	ÄÐ	0	50.00	1	0	1	1	0	0	50.00	4	3.0	6.0	9.0	12.0	-1.0	-1.0	-1.0	-1.0	-1.0	-1.0	-1.0	-1.0	60	60	1	1	0	385	194769734	729	660	0	0	983.38	0	92.32	-38.43	0.00	0.00
11	11	ÄÐ	0	50.00	1	0	1	1	0	0	50.00	4	3.0	6.0	9.0	12.0	-1.0	-1.0	-1.0	-1.0	-1.0	-1.0	-1.0	-1.0	60	60	1	1	0	386	194769774	732	659	0	0	984.94	0	91.80	-39.66	0.00	0.00
11	11	ÄÐ	0	50.00	1	0	1	1	0	0	50.00	4	3.0	6.0	9.0	12.0	-1.0	-1.0	-1.0	-1.0	-1.0	-1.0	-1.0	-1.0	60	60	1	1	0	387	194769814	736	657	0	0	986.58	0	91.26	-40.88	0.00	0.00
11	11	ÄÐ	0	50.00	1	0	1	1	0	0	50.00	4	3.0	6.0	9.0	12.0	-1.0	-1.0	-1.0	-1.0	-1.0	-1.0	-1.0	-1.0	60	60	1	1	0	388	194769854	740	656	0	0	988.91	0	90.71	-42.09	0.00	0.00
11	11	ÄÐ	0	50.00	1	0	1	1	0	0	50.00	4	3.0	6.0	9.0	12.0	-1.0	-1.0	-1.0	-1.0	-1.0	-1.0	-1.0	-1.0	60	60	1	1	0	389	194769894	743	654	0	0	989.83	0	90.14	-43.30	0.00	0.00
11	11	ÄÐ	0	50.00	1	0	1	1	0	0	50.00	4	3.0	6.0	9.0	12.0	-1.0	-1.0	-1.0	-1.0	-1.0	-1.0	-1.0	-1.0	60	60	1	1	0	390	194769934	747	652	0	0	991.52	0	89.56	-44.49	0.00	0.00
11	11	ÄÐ	0	50.00	1	0	1	1	0	0	50.00	4	3.0	6.0	9.0	12.0	-1.0	-1.0	-1.0	-1.0	-1.0	-1.0	-1.0	-1.0	60	60	1	1	0	391	194769974	751	650	0	0	993.23	0	88.96	-45.68	0.00	0.00
11	11	ÄÐ	0	50.00	1	0	1	1	0	0	50.00	4	3.0	6.0	9.0	12.0	-1.0	-1.0	-1.0	-1.0	-1.0	-1.0	-1.0	-1.0	60	60	1	1	0	392	194770014	754	649	0	0	994.85	0	88.34	-46.87	0.00	0.00
11	11	ÄÐ	0	50.00	1	0	1	1	0	0	50.00	4	3.0	6.0	9.0	12.0	-1.0	-1.0	-1.0	-1.0	-1.0	-1.0	-1.0	-1.0	60	60	1	1	0	393	194770054	758	647	0	0	996.58	0	87.71	-48.04	0.00	0.00
11	11	ÄÐ	0	50.00	1	0	1	1	0	0	50.00	4	3.0	6.0	9.0	12.0	-1.0	-1.0	-1.0	-1.0	-1.0	-1.0	-1.0	-1.0	60	60	1	1	0	394	194770094	761	645	0	0	997.57	0	87.06	-49.20	0.00	0.00
11	11	ÄÐ	0	50.00	1	0	1	1	0	0	50.00	4	3.0	6.0	9.0	12.0	-1.0	-1.0	-1.0	-1.0	-1.0	-1.0	-1.0	-1.0	60	60	1	1	0	395	194770134	765	643	0	0	999.34	0	86.39	-50.36	0.00	0.00
11	11	ÄÐ	0	50.00	1	0	1	1	0	0	50.00	4	3.0	6.0	9.0	12.0	-1.0	-1.0	-1.0	-1.0	-1.0	-1.0	-1.0	-1.0	60	60	1	1	0	396	194770174	768	641	0	0	1000.35	0	85.71	-51.51	0.00	0.00
11	11	ÄÐ	0	50.00	1	0	1	1	0	0	50.00	4	3.0	6.0	9.0	12.0	-1.0	-1.0	-1.0	-1.0	-1.0	-1.0	-1.0	-1.0	60	60	1	1	0	397	194770214	771	639	0	0	1001.38	0	85.02	-52.65	0.00	0.00
11	11	ÄÐ	0	50.00	1	0	1	1	0	0	50.00	4	3.0	6.0	9.0	12.0	-1.0	-1.0	-1.0	-1.0	-1.0	-1.0	-1.0	-1.0	60	60	1	1	0	398	194770254	775	636	0	0	1002.56	0	84.31	-53.78	0.00	0.00
11	11	ÄÐ	0	50.00	1	0	1	1	0	0	50.00	4	3.0	6.0	9.0	12.0	-1.0	-1.0	-1.0	-1.0	-1.0	-1.0	-1.0	-1.0	60	60	1	1	0	399	194770294	778	634	0	0	1003.61	0	83.59	-54.89	0.00	0.00
11	11	ÄÐ	0	50.00	1	0	1	1	0	0	50.00	4	3.0	6.0	9.0	12.0	-1.0	-1.0	-1.0	-1.0	-1.0	-1.0	-1.0	-1.0	60	60	1	1	0	400	194770334	782	632	0	0	1005.46	0	82.85	-56.00	0.00	0.00
11	11	ÄÐ	0	50.00	1	0	1	1	0	0	50.00	4	3.0	6.0	9.0	12.0	-1.0	-1.0	-1.0	-1.0	-1.0	-1.0	-1.0	-1.0	60	60	1	1	0	401	194770374	785	630	0	0	1006.54	0	82.09	-57.10	0.00	0.00
11	11	ÄÐ	0	50.00	1	0	1	1	0	0	50.00	4	3.0	6.0	9.0	12.0	-1.0	-1.0	-1.0	-1.0	-1.0	-1.0	-1.0	-1.0	60	60	1	1	0	402	194770414	788	627	0	0	1007.01	0	81.32	-58.19	0.00	0.00
11	11	ÄÐ	0	50.00	1	0	1	1	0	0	50.00	4	3.0	6.0	9.0	12.0	-1.0	-1.0	-1.0	-1.0	-1.0	-1.0	-1.0	-1.0	60	60	1	1	0	403	194770454	791	625	0	0	1008.12	0	80.54	-59.27	0.00	0.00
11	11	ÄÐ	0	50.00	1	0	1	1	0	0	50.00	4	3.0	6.0	9.0	12.0	-1.0	-1.0	-1.0	-1.0	-1.0	-1.0	-1.0	-1.0	60	60	1	1	0	404	194770494	795	623	0	0	1010.03	0	79.74	-60.34	0.00	0.00
11	11	ÄÐ	0	50.00	1	0	1	1	0	0	50.00	4	3.0	6.0	9.0	12.0	-1.0	-1.0	-1.0	-1.0	-1.0	-1.0	-1.0	-1.0	60	60	1	1	0	405	194770534	798	620	0	0	1010.55	0	78.93	-61.40	0.00	0.00
11	11	ÄÐ	0	50.00	1	0	1	1	0	0	50.00	4	3.0	6.0	9.0	12.0	-1.0	-1.0	-1.0	-1.0	-1.0	-1.0	-1.0	-1.0	60	60	1	1	0	406	194770574	801	618	0	0	1011.69	0	78.11	-62.45	0.00	0.00
11	11	ÄÐ	0	50.00	1	0	1	1	0	0	50.00	4	3.0	6.0	9.0	12.0	-1.0	-1.0	-1.0	-1.0	-1.0	-1.0	-1.0	-1.0	60	60	1	1	0	407	194770614	804	615	0	0	1012.25	0	77.27	-63.48	0.00	0.00
11	11	ÄÐ	0	50.00	1	0	1	1	0	0	50.00	4	3.0	6.0	9.0	12.0	-1.0	-1.0	-1.0	-1.0	-1.0	-1.0	-1.0	-1.0	60	60	1	1	0	408	194770654	807	613	0	0	1013.42	0	76.41	-64.51	0.00	0.00
11	11	ÄÐ	0	50.00	1	0	1	1	0	0	50.00	4	3.0	6.0	9.0	12.0	-1.0	-1.0	-1.0	-1.0	-1.0	-1.0	-1.0	-1.0	60	60	1	1	0	409	194770694	810	610	0	0	1014.00	0	75.55	-65.52	0.00	0.00
11	11	ÄÐ	0	50.00	1	0	1	1	0	0	50.00	4	3.0	6.0	9.0	12.0	-1.0	-1.0	-1.0	-1.0	-1.0	-1.0	-1.0	-1.0	60	60	1	1	0	410	194770734	813	607	0	0	1014.60	0	74.67	-66.52	0.00	0.00
11	11	ÄÐ	0	50.00	1	0	1	1	0	0	50.00	4	3.0	6.0	9.0	12.0	-1.0	-1.0	-1.0	-1.0	-1.0	-1.0	-1.0	-1.0	60	60	1	1	0	411	194770774	816	605	0	0	1015.82	0	73.77	-67.51	0.00	0.00
