ID	Name	Sex	Session	DistanceError	PracMode	ExperMode	MainTask	SubTask	Background	Direction	InitSpeed	HoldTimeNum	HoldTime1	HoldTime2	HoldTime3	HoldTime4	HoldTime5	HoldTime6	HoldTime7	HoldTime8	HoldTime9	HoldTime10	HoldTime11	HoldTime12	PracTime	ExperTime	PracTimes	ExperTimes	Pra_Test	PointNum	PointTime	ObjPointX	ObjPointY	PostPointX	PostPointY	Distance	Hit	ObjSpeedX	ObjSpeedY	PostSpeedX	PostSpeedY
11	11	ÄÐ	0	10.00	1	0	1	1	0	0	5.00	5	0.0	0.0	0.0	0.0	0.0	-1.0	-1.0	-1.0	-1.0	-1.0	-1.0	-1.0	60	60	1	1	0	1	4222824	940	371	640	371	18889.90	0	0.00	0.00	0.00	-200.00
11	11	ÄÐ	0	10.00	1	0	1	1	0	0	5.00	5	0.0	0.0	0.0	0.0	0.0	-1.0	-1.0	-1.0	-1.0	-1.0	-1.0	-1.0	60	60	1	1	0	2	4222864	940	371	640	363	300.11	0	-0.00	-0.00	-200.00	-200.00
11	11	ÄÐ	0	10.00	1	0	1	1	0	0	5.00	5	0.0	0.0	0.0	0.0	0.0	-1.0	-1.0	-1.0	-1.0	-1.0	-1.0	-1.0	60	60	1	1	0	3	4222904	940	371	632	355	308.42	0	-0.00	-0.00	-200.00	-200.00
11	11	ÄÐ	0	10.00	1	0	1	1	0	0	5.00	5	0.0	0.0	0.0	0.0	0.0	-1.0	-1.0	-1.0	-1.0	-1.0	-1.0	-1.0	60	60	1	1	0	4	4222944	940	371	624	347	316.91	0	-0.00	-0.00	-200.00	-200.00
11	11	ÄÐ	0	10.00	1	0	1	1	0	0	5.00	5	0.0	0.0	0.0	0.0	0.0	-1.0	-1.0	-1.0	-1.0	-1.0	-1.0	-1.0	60	60	1	1	0	5	4222984	940	371	616	339	325.58	0	-0.00	-0.00	-200.00	-200.00
11	11	ÄÐ	0	10.00	1	0	1	1	0	0	5.00	5	0.0	0.0	0.0	0.0	0.0	-1.0	-1.0	-1.0	-1.0	-1.0	-1.0	-1.0	60	60	1	1	0	6	4223024	940	371	608	331	334.40	0	-0.00	-0.00	-200.00	-200.00
11	11	ÄÐ	0	10.00	1	0	1	1	0	0	5.00	5	0.0	0.0	0.0	0.0	0.0	-1.0	-1.0	-1.0	-1.0	-1.0	-1.0	-1.0	60	60	1	1	0	7	4223064	940	371	600	323	343.37	0	-0.00	-0.00	-200.00	-200.00
11	11	ÄÐ	0	10.00	1	0	1	1	0	0	5.00	5	0.0	0.0	0.0	0.0	0.0	-1.0	-1.0	-1.0	-1.0	-1.0	-1.0	-1.0	60	60	1	1	0	8	4223104	940	371	591	314	353.62	0	-0.00	-0.00	-200.00	-200.00
11	11	ÄÐ	0	10.00	1	0	1	1	0	0	5.00	5	0.0	0.0	0.0	0.0	0.0	-1.0	-1.0	-1.0	-1.0	-1.0	-1.0	-1.0	60	60	1	1	0	9	4223144	940	371	583	306	362.87	0	-0.00	-0.00	0.00	-200.00
11	11	ÄÐ	0	10.00	1	0	1	1	0	0	5.00	5	0.0	0.0	0.0	0.0	0.0	-1.0	-1.0	-1.0	-1.0	-1.0	-1.0	-1.0	60	60	1	1	0	10	4223184	940	371	583	298	364.39	0	-0.00	-0.00	0.00	-200.00
11	11	ÄÐ	0	10.00	1	0	1	1	0	0	5.00	5	0.0	0.0	0.0	0.0	0.0	-1.0	-1.0	-1.0	-1.0	-1.0	-1.0	-1.0	60	60	1	1	0	11	4223224	940	371	583	290	366.07	0	-0.00	-0.00	200.00	-200.00
11	11	ÄÐ	0	10.00	1	0	1	1	0	0	5.00	5	0.0	0.0	0.0	0.0	0.0	-1.0	-1.0	-1.0	-1.0	-1.0	-1.0	-1.0	60	60	1	1	0	12	4223264	940	371	591	282	360.17	0	-0.00	-0.00	200.00	-200.00
11	11	ÄÐ	0	10.00	1	0	1	1	0	0	5.00	5	0.0	0.0	0.0	0.0	0.0	-1.0	-1.0	-1.0	-1.0	-1.0	-1.0	-1.0	60	60	1	1	0	13	4223304	940	371	599	274	354.53	0	-0.00	-0.00	200.00	-200.00
11	11	ÄÐ	0	10.00	1	0	1	1	0	0	5.00	5	0.0	0.0	0.0	0.0	0.0	-1.0	-1.0	-1.0	-1.0	-1.0	-1.0	-1.0	60	60	1	1	0	14	4223344	940	371	608	266	348.21	0	-0.00	-0.00	200.00	-200.00
11	11	ÄÐ	0	10.00	1	0	1	1	0	0	5.00	5	0.0	0.0	0.0	0.0	0.0	-1.0	-1.0	-1.0	-1.0	-1.0	-1.0	-1.0	60	60	1	1	0	15	4223384	940	371	616	258	343.14	0	-0.00	-0.00	200.00	-200.00
11	11	ÄÐ	0	10.00	1	0	1	1	0	0	5.00	5	0.0	0.0	0.0	0.0	0.0	-1.0	-1.0	-1.0	-1.0	-1.0	-1.0	-1.0	60	60	1	1	0	16	4223424	940	371	624	250	338.37	0	-0.00	-0.00	200.00	-200.00
11	11	ÄÐ	0	10.00	1	0	1	1	0	0	5.00	5	0.0	0.0	0.0	0.0	0.0	-1.0	-1.0	-1.0	-1.0	-1.0	-1.0	-1.0	60	60	1	1	0	17	4223464	940	371	632	242	333.92	0	-0.00	-0.00	200.00	0.00
11	11	ÄÐ	0	10.00	1	0	1	1	0	0	5.00	5	0.0	0.0	0.0	0.0	0.0	-1.0	-1.0	-1.0	-1.0	-1.0	-1.0	-1.0	60	60	1	1	0	18	4223504	940	371	640	242	326.56	0	-0.00	-0.00	0.00	0.00
11	11	ÄÐ	0	10.00	1	0	1	1	0	0	5.00	5	0.0	0.0	0.0	0.0	0.0	-1.0	-1.0	-1.0	-1.0	-1.0	-1.0	-1.0	60	60	1	1	0	19	4223544	940	371	640	242	326.56	0	-0.00	-0.00	0.00	0.00
11	11	ÄÐ	0	10.00	1	0	1	1	0	0	5.00	5	0.0	0.0	0.0	0.0	0.0	-1.0	-1.0	-1.0	-1.0	-1.0	-1.0	-1.0	60	60	1	1	0	20	4223584	940	371	640	242	326.56	0	-0.00	-0.00	0.00	0.00
11	11	ÄÐ	0	10.00	1	0	1	1	0	0	5.00	5	0.0	0.0	0.0	0.0	0.0	-1.0	-1.0	-1.0	-1.0	-1.0	-1.0	-1.0	60	60	1	1	0	21	4223624	940	371	640	242	326.56	0	-0.00	-0.00	0.00	0.00
11	11	ÄÐ	0	10.00	1	0	1	1	0	0	5.00	5	0.0	0.0	0.0	0.0	0.0	-1.0	-1.0	-1.0	-1.0	-1.0	-1.0	-1.0	60	60	1	1	0	22	4223664	940	371	640	242	326.56	0	-0.00	-0.00	-200.00	0.00
11	11	ÄÐ	0	10.00	1	0	1	1	0	0	5.00	5	0.0	0.0	0.0	0.0	0.0	-1.0	-1.0	-1.0	-1.0	-1.0	-1.0	-1.0	60	60	1	1	0	23	4223704	940	371	632	242	333.92	0	-0.00	-0.00	-200.00	-200.00
11	11	ÄÐ	0	10.00	1	0	1	1	0	0	5.00	5	0.0	0.0	0.0	0.0	0.0	-1.0	-1.0	-1.0	-1.0	-1.0	-1.0	-1.0	60	60	1	1	0	24	4223744	940	371	624	234	344.42	0	-0.00	-0.00	-200.00	-200.00
11	11	ÄÐ	0	10.00	1	0	1	1	0	0	5.00	5	0.0	0.0	0.0	0.0	0.0	-1.0	-1.0	-1.0	-1.0	-1.0	-1.0	-1.0	60	60	1	1	0	25	4223784	940	371	616	226	354.97	0	-0.00	-0.00	-200.00	-200.00
11	11	ÄÐ	0	10.00	1	0	1	1	0	0	5.00	5	0.0	0.0	0.0	0.0	0.0	-1.0	-1.0	-1.0	-1.0	-1.0	-1.0	-1.0	60	60	1	1	0	26	4223824	940	371	608	218	365.56	0	-0.00	-0.00	-200.00	-200.00
11	11	ÄÐ	0	10.00	1	0	1	1	0	0	5.00	5	0.0	0.0	0.0	0.0	0.0	-1.0	-1.0	-1.0	-1.0	-1.0	-1.0	-1.0	60	60	1	1	0	27	4223864	940	371	600	210	376.19	0	-0.00	-0.00	-200.00	-200.00
11	11	ÄÐ	0	10.00	1	0	1	1	0	0	5.00	5	0.0	0.0	0.0	0.0	0.0	-1.0	-1.0	-1.0	-1.0	-1.0	-1.0	-1.0	60	60	1	1	0	28	4223904	940	371	592	202	386.87	0	-0.00	-0.00	-200.00	-200.00
11	11	ÄÐ	0	10.00	1	0	1	1	0	0	5.00	5	0.0	0.0	0.0	0.0	0.0	-1.0	-1.0	-1.0	-1.0	-1.0	-1.0	-1.0	60	60	1	1	0	29	4223944	940	371	584	194	397.57	0	-0.00	-0.00	-200.00	-200.00
11	11	ÄÐ	0	10.00	1	0	1	1	0	0	5.00	5	0.0	0.0	0.0	0.0	0.0	-1.0	-1.0	-1.0	-1.0	-1.0	-1.0	-1.0	60	60	1	1	0	30	4223984	940	371	576	186	408.31	0	-0.00	-0.00	-200.00	-200.00
11	11	ÄÐ	0	10.00	1	0	1	1	0	0	5.00	5	0.0	0.0	0.0	0.0	0.0	-1.0	-1.0	-1.0	-1.0	-1.0	-1.0	-1.0	60	60	1	1	0	31	4224024	940	371	568	178	419.09	0	-0.00	-0.00	0.00	-200.00
11	11	ÄÐ	0	10.00	1	0	1	1	0	0	5.00	5	0.0	0.0	0.0	0.0	0.0	-1.0	-1.0	-1.0	-1.0	-1.0	-1.0	-1.0	60	60	1	1	0	32	4224064	940	371	568	170	422.83	0	-0.00	-0.00	0.00	0.00
11	11	ÄÐ	0	10.00	1	0	1	1	0	0	5.00	5	0.0	0.0	0.0	0.0	0.0	-1.0	-1.0	-1.0	-1.0	-1.0	-1.0	-1.0	60	60	1	1	0	33	4224104	940	371	568	170	422.83	0	-0.00	-0.00	0.00	0.00
11	11	ÄÐ	0	10.00	1	0	1	1	0	0	5.00	5	0.0	0.0	0.0	0.0	0.0	-1.0	-1.0	-1.0	-1.0	-1.0	-1.0	-1.0	60	60	1	1	0	34	4224144	940	371	568	170	422.83	0	-0.00	-0.00	0.00	0.00
11	11	ÄÐ	0	10.00	1	0	1	1	0	0	5.00	5	0.0	0.0	0.0	0.0	0.0	-1.0	-1.0	-1.0	-1.0	-1.0	-1.0	-1.0	60	60	1	1	0	35	4224184	940	371	568	170	422.83	0	-0.00	-0.00	0.00	0.00
11	11	ÄÐ	0	10.00	1	0	1	1	0	0	5.00	5	0.0	0.0	0.0	0.0	0.0	-1.0	-1.0	-1.0	-1.0	-1.0	-1.0	-1.0	60	60	1	1	0	36	4224224	940	371	568	170	422.83	0	-0.00	-0.00	0.00	0.00
11	11	ÄÐ	0	10.00	1	0	1	1	0	0	5.00	5	0.0	0.0	0.0	0.0	0.0	-1.0	-1.0	-1.0	-1.0	-1.0	-1.0	-1.0	60	60	1	1	0	37	4224264	940	371	568	170	422.83	0	-0.00	-0.00	0.00	0.00
11	11	ÄÐ	0	10.00	1	0	1	1	0	0	5.00	5	0.0	0.0	0.0	0.0	0.0	-1.0	-1.0	-1.0	-1.0	-1.0	-1.0	-1.0	60	60	1	1	0	38	4224304	940	371	568	170	422.83	0	-0.00	-0.00	0.00	0.00
11	11	ÄÐ	0	10.00	1	0	1	1	0	0	5.00	5	0.0	0.0	0.0	0.0	0.0	-1.0	-1.0	-1.0	-1.0	-1.0	-1.0	-1.0	60	60	1	1	0	39	4224344	940	371	568	170	422.83	0	-0.00	-0.00	0.00	0.00
11	11	ÄÐ	0	10.00	1	0	1	1	0	0	5.00	5	0.0	0.0	0.0	0.0	0.0	-1.0	-1.0	-1.0	-1.0	-1.0	-1.0	-1.0	60	60	1	1	0	40	4224384	940	371	568	170	422.83	0	-0.00	-0.00	0.00	0.00
11	11	ÄÐ	0	10.00	1	0	1	1	0	0	5.00	5	0.0	0.0	0.0	0.0	0.0	-1.0	-1.0	-1.0	-1.0	-1.0	-1.0	-1.0	60	60	1	1	0	41	4224424	940	371	568	170	422.83	0	-0.00	-0.00	0.00	0.00
11	11	ÄÐ	0	10.00	1	0	1	1	0	0	5.00	5	0.0	0.0	0.0	0.0	0.0	-1.0	-1.0	-1.0	-1.0	-1.0	-1.0	-1.0	60	60	1	1	0	42	4224464	940	371	568	170	422.83	0	-0.00	-0.00	0.00	0.00
11	11	ÄÐ	0	10.00	1	0	1	1	0	0	5.00	5	0.0	0.0	0.0	0.0	0.0	-1.0	-1.0	-1.0	-1.0	-1.0	-1.0	-1.0	60	60	1	1	0	43	4224504	940	371	568	170	422.83	0	-0.00	-0.00	0.00	0.00
11	11	ÄÐ	0	10.00	1	0	1	1	0	0	5.00	5	0.0	0.0	0.0	0.0	0.0	-1.0	-1.0	-1.0	-1.0	-1.0	-1.0	-1.0	60	60	1	1	0	44	4224544	940	371	568	170	422.83	0	-0.00	-0.00	0.00	0.00
11	11	ÄÐ	0	10.00	1	0	1	1	0	0	5.00	5	0.0	0.0	0.0	0.0	0.0	-1.0	-1.0	-1.0	-1.0	-1.0	-1.0	-1.0	60	60	1	1	0	45	4224584	940	371	568	170	422.83	0	-0.00	-0.00	0.00	0.00
11	11	ÄÐ	0	10.00	1	0	1	1	0	0	5.00	5	0.0	0.0	0.0	0.0	0.0	-1.0	-1.0	-1.0	-1.0	-1.0	-1.0	-1.0	60	60	1	1	0	46	4224624	940	371	568	170	422.83	0	-0.00	-0.00	0.00	0.00
11	11	ÄÐ	0	10.00	1	0	1	1	0	0	5.00	5	0.0	0.0	0.0	0.0	0.0	-1.0	-1.0	-1.0	-1.0	-1.0	-1.0	-1.0	60	60	1	1	0	47	4224664	940	371	568	170	422.83	0	-0.00	-0.00	0.00	0.00
11	11	ÄÐ	0	10.00	1	0	1	1	0	0	5.00	5	0.0	0.0	0.0	0.0	0.0	-1.0	-1.0	-1.0	-1.0	-1.0	-1.0	-1.0	60	60	1	1	0	48	4224704	940	371	568	170	422.83	0	-0.00	-0.00	0.00	0.00
11	11	ÄÐ	0	10.00	1	0	1	1	0	0	5.00	5	0.0	0.0	0.0	0.0	0.0	-1.0	-1.0	-1.0	-1.0	-1.0	-1.0	-1.0	60	60	1	1	0	49	4224744	940	371	568	170	422.83	0	-0.00	-0.00	0.00	0.00
11	11	ÄÐ	0	10.00	1	0	1	1	0	0	5.00	5	0.0	0.0	0.0	0.0	0.0	-1.0	-1.0	-1.0	-1.0	-1.0	-1.0	-1.0	60	60	1	1	0	50	4224784	940	371	568	170	422.83	0	-0.00	-0.00	0.00	0.00
11	11	ÄÐ	0	10.00	1	0	1	1	0	0	5.00	5	0.0	0.0	0.0	0.0	0.0	-1.0	-1.0	-1.0	-1.0	-1.0	-1.0	-1.0	60	60	1	1	0	51	4224824	940	371	568	170	422.83	0	-0.00	-0.00	0.00	0.00
11	11	ÄÐ	0	10.00	1	0	1	1	0	0	5.00	5	0.0	0.0	0.0	0.0	0.0	-1.0	-1.0	-1.0	-1.0	-1.0	-1.0	-1.0	60	60	1	1	0	52	4224864	940	371	568	170	422.83	0	-0.00	-0.00	0.00	0.00
11	11	ÄÐ	0	10.00	1	0	1	1	0	0	5.00	5	0.0	0.0	0.0	0.0	0.0	-1.0	-1.0	-1.0	-1.0	-1.0	-1.0	-1.0	60	60	1	1	0	53	4224904	940	371	568	170	422.83	0	-0.00	-0.00	0.00	0.00
11	11	ÄÐ	0	10.00	1	0	1	1	0	0	5.00	5	0.0	0.0	0.0	0.0	0.0	-1.0	-1.0	-1.0	-1.0	-1.0	-1.0	-1.0	60	60	1	1	0	54	4224944	940	371	568	170	422.83	0	-0.00	-0.00	0.00	0.00
11	11	ÄÐ	0	10.00	1	0	1	1	0	0	5.00	5	0.0	0.0	0.0	0.0	0.0	-1.0	-1.0	-1.0	-1.0	-1.0	-1.0	-1.0	60	60	1	1	0	55	4224984	940	371	568	170	422.83	0	-0.00	-0.00	0.00	0.00
11	11	ÄÐ	0	10.00	1	0	1	1	0	0	5.00	5	0.0	0.0	0.0	0.0	0.0	-1.0	-1.0	-1.0	-1.0	-1.0	-1.0	-1.0	60	60	1	1	0	56	4225024	940	371	568	170	422.83	0	-0.00	-0.00	0.00	0.00
11	11	ÄÐ	0	10.00	1	0	1	1	0	0	5.00	5	0.0	0.0	0.0	0.0	0.0	-1.0	-1.0	-1.0	-1.0	-1.0	-1.0	-1.0	60	60	1	1	0	57	4225064	940	371	568	170	422.83	0	-0.00	-0.00	0.00	0.00
11	11	ÄÐ	0	10.00	1	0	1	1	0	0	5.00	5	0.0	0.0	0.0	0.0	0.0	-1.0	-1.0	-1.0	-1.0	-1.0	-1.0	-1.0	60	60	1	1	0	58	4225104	940	371	568	170	422.83	0	-0.00	-0.00	0.00	0.00
11	11	ÄÐ	0	10.00	1	0	1	1	0	0	5.00	5	0.0	0.0	0.0	0.0	0.0	-1.0	-1.0	-1.0	-1.0	-1.0	-1.0	-1.0	60	60	1	1	0	59	4225144	940	371	568	170	422.83	0	-0.00	-0.00	0.00	0.00
11	11	ÄÐ	0	10.00	1	0	1	1	0	0	5.00	5	0.0	0.0	0.0	0.0	0.0	-1.0	-1.0	-1.0	-1.0	-1.0	-1.0	-1.0	60	60	1	1	0	60	4225184	940	371	568	170	422.83	0	-0.00	-0.00	0.00	0.00
11	11	ÄÐ	0	10.00	1	0	1	1	0	0	5.00	5	0.0	0.0	0.0	0.0	0.0	-1.0	-1.0	-1.0	-1.0	-1.0	-1.0	-1.0	60	60	1	1	0	61	4225224	940	371	568	170	422.83	0	-0.00	-0.00	0.00	0.00
11	11	ÄÐ	0	10.00	1	0	1	1	0	0	5.00	5	0.0	0.0	0.0	0.0	0.0	-1.0	-1.0	-1.0	-1.0	-1.0	-1.0	-1.0	60	60	1	1	0	62	4225264	940	371	568	170	422.83	0	-0.00	-0.00	0.00	0.00
11	11	ÄÐ	0	10.00	1	0	1	1	0	0	5.00	5	0.0	0.0	0.0	0.0	0.0	-1.0	-1.0	-1.0	-1.0	-1.0	-1.0	-1.0	60	60	1	1	0	63	4225304	940	371	568	170	422.83	0	-0.00	-0.00	0.00	0.00
11	11	ÄÐ	0	10.00	1	0	1	1	0	0	5.00	5	0.0	0.0	0.0	0.0	0.0	-1.0	-1.0	-1.0	-1.0	-1.0	-1.0	-1.0	60	60	1	1	0	64	4225344	940	371	568	170	422.83	0	-0.00	-0.00	0.00	0.00
11	11	ÄÐ	0	10.00	1	0	1	1	0	0	5.00	5	0.0	0.0	0.0	0.0	0.0	-1.0	-1.0	-1.0	-1.0	-1.0	-1.0	-1.0	60	60	1	1	0	65	4225384	940	371	568	170	422.83	0	-0.00	-0.00	0.00	0.00
11	11	ÄÐ	0	10.00	1	0	1	1	0	0	5.00	5	0.0	0.0	0.0	0.0	0.0	-1.0	-1.0	-1.0	-1.0	-1.0	-1.0	-1.0	60	60	1	1	0	66	4225424	940	371	568	170	422.83	0	-0.00	-0.00	0.00	0.00
11	11	ÄÐ	0	10.00	1	0	1	1	0	0	5.00	5	0.0	0.0	0.0	0.0	0.0	-1.0	-1.0	-1.0	-1.0	-1.0	-1.0	-1.0	60	60	1	1	0	67	4225464	940	371	568	170	422.83	0	-0.00	-0.00	0.00	0.00
11	11	ÄÐ	0	10.00	1	0	1	1	0	0	5.00	5	0.0	0.0	0.0	0.0	0.0	-1.0	-1.0	-1.0	-1.0	-1.0	-1.0	-1.0	60	60	1	1	0	68	4225504	940	371	568	170	422.83	0	-0.00	-0.00	0.00	0.00
11	11	ÄÐ	0	10.00	1	0	1	1	0	0	5.00	5	0.0	0.0	0.0	0.0	0.0	-1.0	-1.0	-1.0	-1.0	-1.0	-1.0	-1.0	60	60	1	1	0	69	4225544	940	371	568	170	422.83	0	-0.00	-0.00	0.00	0.00
11	11	ÄÐ	0	10.00	1	0	1	1	0	0	5.00	5	0.0	0.0	0.0	0.0	0.0	-1.0	-1.0	-1.0	-1.0	-1.0	-1.0	-1.0	60	60	1	1	0	70	4225584	940	371	568	170	422.83	0	-0.00	-0.00	0.00	0.00
11	11	ÄÐ	0	10.00	1	0	1	1	0	0	5.00	5	0.0	0.0	0.0	0.0	0.0	-1.0	-1.0	-1.0	-1.0	-1.0	-1.0	-1.0	60	60	1	1	0	71	4225624	940	371	568	170	422.83	0	-0.00	-0.00	0.00	0.00
11	11	ÄÐ	0	10.00	1	0	1	1	0	0	5.00	5	0.0	0.0	0.0	0.0	0.0	-1.0	-1.0	-1.0	-1.0	-1.0	-1.0	-1.0	60	60	1	1	0	72	4225664	940	371	568	170	422.83	0	-0.00	-0.00	0.00	0.00
11	11	ÄÐ	0	10.00	1	0	1	1	0	0	5.00	5	0.0	0.0	0.0	0.0	0.0	-1.0	-1.0	-1.0	-1.0	-1.0	-1.0	-1.0	60	60	1	1	0	73	4225704	940	371	568	170	422.83	0	-0.00	-0.00	0.00	0.00
11	11	ÄÐ	0	10.00	1	0	1	1	0	0	5.00	5	0.0	0.0	0.0	0.0	0.0	-1.0	-1.0	-1.0	-1.0	-1.0	-1.0	-1.0	60	60	1	1	0	74	4225744	940	371	568	170	422.83	0	-0.00	-0.00	0.00	0.00
11	11	ÄÐ	0	10.00	1	0	1	1	0	0	5.00	5	0.0	0.0	0.0	0.0	0.0	-1.0	-1.0	-1.0	-1.0	-1.0	-1.0	-1.0	60	60	1	1	0	75	4225784	940	371	568	170	422.83	0	-0.00	-0.00	0.00	0.00
11	11	ÄÐ	0	10.00	1	0	1	1	0	0	5.00	5	0.0	0.0	0.0	0.0	0.0	-1.0	-1.0	-1.0	-1.0	-1.0	-1.0	-1.0	60	60	1	1	0	76	4225824	940	371	568	170	422.83	0	-0.00	-0.00	0.00	0.00
11	11	ÄÐ	0	10.00	1	0	1	1	0	0	5.00	5	0.0	0.0	0.0	0.0	0.0	-1.0	-1.0	-1.0	-1.0	-1.0	-1.0	-1.0	60	60	1	1	0	77	4225864	940	371	568	170	422.83	0	-0.00	-0.00	0.00	0.00
11	11	ÄÐ	0	10.00	1	0	1	1	0	0	5.00	5	0.0	0.0	0.0	0.0	0.0	-1.0	-1.0	-1.0	-1.0	-1.0	-1.0	-1.0	60	60	1	1	0	78	4225904	940	371	568	170	422.83	0	-0.00	-0.00	0.00	0.00
11	11	ÄÐ	0	10.00	1	0	1	1	0	0	5.00	5	0.0	0.0	0.0	0.0	0.0	-1.0	-1.0	-1.0	-1.0	-1.0	-1.0	-1.0	60	60	1	1	0	79	4225944	940	371	568	170	422.83	0	-0.00	-0.00	0.00	0.00
11	11	ÄÐ	0	10.00	1	0	1	1	0	0	5.00	5	0.0	0.0	0.0	0.0	0.0	-1.0	-1.0	-1.0	-1.0	-1.0	-1.0	-1.0	60	60	1	1	0	80	4225984	940	371	568	170	422.83	0	-0.00	-0.00	0.00	0.00
11	11	ÄÐ	0	10.00	1	0	1	1	0	0	5.00	5	0.0	0.0	0.0	0.0	0.0	-1.0	-1.0	-1.0	-1.0	-1.0	-1.0	-1.0	60	60	1	1	0	81	4226024	940	371	568	170	422.83	0	-0.00	-0.00	0.00	0.00
11	11	ÄÐ	0	10.00	1	0	1	1	0	0	5.00	5	0.0	0.0	0.0	0.0	0.0	-1.0	-1.0	-1.0	-1.0	-1.0	-1.0	-1.0	60	60	1	1	0	82	4226064	940	371	568	170	422.83	0	-0.00	-0.00	0.00	0.00
11	11	ÄÐ	0	10.00	1	0	1	1	0	0	5.00	5	0.0	0.0	0.0	0.0	0.0	-1.0	-1.0	-1.0	-1.0	-1.0	-1.0	-1.0	60	60	1	1	0	83	4226104	940	371	568	170	422.83	0	-0.00	-0.00	0.00	0.00
11	11	ÄÐ	0	10.00	1	0	1	1	0	0	5.00	5	0.0	0.0	0.0	0.0	0.0	-1.0	-1.0	-1.0	-1.0	-1.0	-1.0	-1.0	60	60	1	1	0	84	4226144	940	371	568	170	422.83	0	-0.00	-0.00	0.00	0.00
11	11	ÄÐ	0	10.00	1	0	1	1	0	0	5.00	5	0.0	0.0	0.0	0.0	0.0	-1.0	-1.0	-1.0	-1.0	-1.0	-1.0	-1.0	60	60	1	1	0	85	4226184	940	371	568	170	422.83	0	-0.00	-0.00	0.00	0.00
11	11	ÄÐ	0	10.00	1	0	1	1	0	0	5.00	5	0.0	0.0	0.0	0.0	0.0	-1.0	-1.0	-1.0	-1.0	-1.0	-1.0	-1.0	60	60	1	1	0	86	4226224	940	371	568	170	422.83	0	-0.00	-0.00	0.00	0.00
11	11	ÄÐ	0	10.00	1	0	1	1	0	0	5.00	5	0.0	0.0	0.0	0.0	0.0	-1.0	-1.0	-1.0	-1.0	-1.0	-1.0	-1.0	60	60	1	1	0	87	4226264	940	371	568	170	422.83	0	-0.00	-0.00	0.00	0.00
11	11	ÄÐ	0	10.00	1	0	1	1	0	0	5.00	5	0.0	0.0	0.0	0.0	0.0	-1.0	-1.0	-1.0	-1.0	-1.0	-1.0	-1.0	60	60	1	1	0	88	4226304	940	371	568	170	422.83	0	-0.00	-0.00	0.00	0.00
11	11	ÄÐ	0	10.00	1	0	1	1	0	0	5.00	5	0.0	0.0	0.0	0.0	0.0	-1.0	-1.0	-1.0	-1.0	-1.0	-1.0	-1.0	60	60	1	1	0	89	4226344	940	371	568	170	422.83	0	-0.00	-0.00	0.00	0.00
11	11	ÄÐ	0	10.00	1	0	1	1	0	0	5.00	5	0.0	0.0	0.0	0.0	0.0	-1.0	-1.0	-1.0	-1.0	-1.0	-1.0	-1.0	60	60	1	1	0	90	4226384	940	371	568	170	422.83	0	-0.00	-0.00	0.00	0.00
11	11	ÄÐ	0	10.00	1	0	1	1	0	0	5.00	5	0.0	0.0	0.0	0.0	0.0	-1.0	-1.0	-1.0	-1.0	-1.0	-1.0	-1.0	60	60	1	1	0	91	4226424	940	371	568	170	422.83	0	-0.00	-0.00	0.00	0.00
11	11	ÄÐ	0	10.00	1	0	1	1	0	0	5.00	5	0.0	0.0	0.0	0.0	0.0	-1.0	-1.0	-1.0	-1.0	-1.0	-1.0	-1.0	60	60	1	1	0	92	4226464	940	371	568	170	422.83	0	-0.00	-0.00	0.00	0.00
11	11	ÄÐ	0	10.00	1	0	1	1	0	0	5.00	5	0.0	0.0	0.0	0.0	0.0	-1.0	-1.0	-1.0	-1.0	-1.0	-1.0	-1.0	60	60	1	1	0	93	4226504	940	371	568	170	422.83	0	-0.00	-0.00	0.00	0.00
11	11	ÄÐ	0	10.00	1	0	1	1	0	0	5.00	5	0.0	0.0	0.0	0.0	0.0	-1.0	-1.0	-1.0	-1.0	-1.0	-1.0	-1.0	60	60	1	1	0	94	4226544	940	371	568	170	422.83	0	-0.00	-0.00	0.00	0.00
11	11	ÄÐ	0	10.00	1	0	1	1	0	0	5.00	5	0.0	0.0	0.0	0.0	0.0	-1.0	-1.0	-1.0	-1.0	-1.0	-1.0	-1.0	60	60	1	1	0	95	4226584	940	371	568	170	422.83	0	-0.00	-0.00	0.00	0.00
11	11	ÄÐ	0	10.00	1	0	1	1	0	0	5.00	5	0.0	0.0	0.0	0.0	0.0	-1.0	-1.0	-1.0	-1.0	-1.0	-1.0	-1.0	60	60	1	1	0	96	4226624	940	371	568	170	422.83	0	-0.00	-0.00	0.00	0.00
11	11	ÄÐ	0	10.00	1	0	1	1	0	0	5.00	5	0.0	0.0	0.0	0.0	0.0	-1.0	-1.0	-1.0	-1.0	-1.0	-1.0	-1.0	60	60	1	1	0	97	4226664	940	371	568	170	422.83	0	-0.00	-0.00	0.00	0.00
11	11	ÄÐ	0	10.00	1	0	1	1	0	0	5.00	5	0.0	0.0	0.0	0.0	0.0	-1.0	-1.0	-1.0	-1.0	-1.0	-1.0	-1.0	60	60	1	1	0	98	4226704	940	371	568	170	422.83	0	-0.00	-0.00	0.00	0.00
11	11	ÄÐ	0	10.00	1	0	1	1	0	0	5.00	5	0.0	0.0	0.0	0.0	0.0	-1.0	-1.0	-1.0	-1.0	-1.0	-1.0	-1.0	60	60	1	1	0	99	4226744	940	371	568	170	422.83	0	-0.00	-0.00	0.00	0.00
11	11	ÄÐ	0	10.00	1	0	1	1	0	0	5.00	5	0.0	0.0	0.0	0.0	0.0	-1.0	-1.0	-1.0	-1.0	-1.0	-1.0	-1.0	60	60	1	1	0	100	4226784	940	371	568	170	422.83	0	-0.00	-0.00	0.00	0.00
11	11	ÄÐ	0	10.00	1	0	1	1	0	0	5.00	5	0.0	0.0	0.0	0.0	0.0	-1.0	-1.0	-1.0	-1.0	-1.0	-1.0	-1.0	60	60	1	1	0	101	4226824	940	371	568	170	422.83	0	-0.00	-0.00	0.00	0.00
11	11	ÄÐ	0	10.00	1	0	1	1	0	0	5.00	5	0.0	0.0	0.0	0.0	0.0	-1.0	-1.0	-1.0	-1.0	-1.0	-1.0	-1.0	60	60	1	1	0	102	4226864	940	371	568	170	422.83	0	-0.00	-0.00	0.00	0.00
11	11	ÄÐ	0	10.00	1	0	1	1	0	0	5.00	5	0.0	0.0	0.0	0.0	0.0	-1.0	-1.0	-1.0	-1.0	-1.0	-1.0	-1.0	60	60	1	1	0	103	4226904	940	371	568	170	422.83	0	-0.00	-0.00	0.00	0.00
11	11	ÄÐ	0	10.00	1	0	1	1	0	0	5.00	5	0.0	0.0	0.0	0.0	0.0	-1.0	-1.0	-1.0	-1.0	-1.0	-1.0	-1.0	60	60	1	1	0	104	4226944	940	371	568	170	422.83	0	-0.00	-0.00	0.00	0.00
11	11	ÄÐ	0	10.00	1	0	1	1	0	0	5.00	5	0.0	0.0	0.0	0.0	0.0	-1.0	-1.0	-1.0	-1.0	-1.0	-1.0	-1.0	60	60	1	1	0	105	4226984	940	371	568	170	422.83	0	-0.00	-0.00	0.00	0.00
11	11	ÄÐ	0	10.00	1	0	1	1	0	0	5.00	5	0.0	0.0	0.0	0.0	0.0	-1.0	-1.0	-1.0	-1.0	-1.0	-1.0	-1.0	60	60	1	1	0	106	4227024	940	371	568	170	422.83	0	-0.00	-0.00	0.00	0.00
11	11	ÄÐ	0	10.00	1	0	1	1	0	0	5.00	5	0.0	0.0	0.0	0.0	0.0	-1.0	-1.0	-1.0	-1.0	-1.0	-1.0	-1.0	60	60	1	1	0	107	4227064	940	371	568	170	422.83	0	-0.00	-0.00	0.00	0.00
11	11	ÄÐ	0	10.00	1	0	1	1	0	0	5.00	5	0.0	0.0	0.0	0.0	0.0	-1.0	-1.0	-1.0	-1.0	-1.0	-1.0	-1.0	60	60	1	1	0	108	4227104	940	371	568	170	422.83	0	-0.00	-0.00	0.00	0.00
11	11	ÄÐ	0	10.00	1	0	1	1	0	0	5.00	5	0.0	0.0	0.0	0.0	0.0	-1.0	-1.0	-1.0	-1.0	-1.0	-1.0	-1.0	60	60	1	1	0	109	4227144	940	371	568	170	422.83	0	-0.00	-0.00	0.00	0.00
11	11	ÄÐ	0	10.00	1	0	1	1	0	0	5.00	5	0.0	0.0	0.0	0.0	0.0	-1.0	-1.0	-1.0	-1.0	-1.0	-1.0	-1.0	60	60	1	1	0	110	4227184	940	371	568	170	422.83	0	-0.00	-0.00	0.00	0.00
11	11	ÄÐ	0	10.00	1	0	1	1	0	0	5.00	5	0.0	0.0	0.0	0.0	0.0	-1.0	-1.0	-1.0	-1.0	-1.0	-1.0	-1.0	60	60	1	1	0	111	4227224	940	371	568	170	422.83	0	-0.00	-0.00	0.00	0.00
11	11	ÄÐ	0	10.00	1	0	1	1	0	0	5.00	5	0.0	0.0	0.0	0.0	0.0	-1.0	-1.0	-1.0	-1.0	-1.0	-1.0	-1.0	60	60	1	1	0	112	4227264	940	371	568	170	422.83	0	-0.00	-0.00	0.00	0.00
11	11	ÄÐ	0	10.00	1	0	1	1	0	0	5.00	5	0.0	0.0	0.0	0.0	0.0	-1.0	-1.0	-1.0	-1.0	-1.0	-1.0	-1.0	60	60	1	1	0	113	4227304	940	371	568	170	422.83	0	-0.00	-0.00	0.00	0.00
11	11	ÄÐ	0	10.00	1	0	1	1	0	0	5.00	5	0.0	0.0	0.0	0.0	0.0	-1.0	-1.0	-1.0	-1.0	-1.0	-1.0	-1.0	60	60	1	1	0	114	4227344	940	371	568	170	422.83	0	-0.00	-0.00	0.00	0.00
11	11	ÄÐ	0	10.00	1	0	1	1	0	0	5.00	5	0.0	0.0	0.0	0.0	0.0	-1.0	-1.0	-1.0	-1.0	-1.0	-1.0	-1.0	60	60	1	1	0	115	4227384	940	371	568	170	422.83	0	-0.00	-0.00	0.00	0.00
11	11	ÄÐ	0	10.00	1	0	1	1	0	0	5.00	5	0.0	0.0	0.0	0.0	0.0	-1.0	-1.0	-1.0	-1.0	-1.0	-1.0	-1.0	60	60	1	1	0	116	4227424	940	371	568	170	422.83	0	-0.00	-0.00	0.00	0.00
11	11	ÄÐ	0	10.00	1	0	1	1	0	0	5.00	5	0.0	0.0	0.0	0.0	0.0	-1.0	-1.0	-1.0	-1.0	-1.0	-1.0	-1.0	60	60	1	1	0	117	4227464	940	371	568	170	422.83	0	-0.00	-0.00	0.00	0.00
11	11	ÄÐ	0	10.00	1	0	1	1	0	0	5.00	5	0.0	0.0	0.0	0.0	0.0	-1.0	-1.0	-1.0	-1.0	-1.0	-1.0	-1.0	60	60	1	1	0	118	4227504	940	371	568	170	422.83	0	-0.00	-0.00	0.00	0.00
11	11	ÄÐ	0	10.00	1	0	1	1	0	0	5.00	5	0.0	0.0	0.0	0.0	0.0	-1.0	-1.0	-1.0	-1.0	-1.0	-1.0	-1.0	60	60	1	1	0	119	4227544	940	371	568	170	422.83	0	-0.00	-0.00	0.00	0.00
11	11	ÄÐ	0	10.00	1	0	1	1	0	0	5.00	5	0.0	0.0	0.0	0.0	0.0	-1.0	-1.0	-1.0	-1.0	-1.0	-1.0	-1.0	60	60	1	1	0	120	4227584	940	371	568	170	422.83	0	-0.00	-0.00	0.00	0.00
11	11	ÄÐ	0	10.00	1	0	1	1	0	0	5.00	5	0.0	0.0	0.0	0.0	0.0	-1.0	-1.0	-1.0	-1.0	-1.0	-1.0	-1.0	60	60	1	1	0	121	4227624	940	371	568	170	422.83	0	-0.00	-0.00	0.00	0.00
11	11	ÄÐ	0	10.00	1	0	1	1	0	0	5.00	5	0.0	0.0	0.0	0.0	0.0	-1.0	-1.0	-1.0	-1.0	-1.0	-1.0	-1.0	60	60	1	1	0	122	4227664	940	371	568	170	422.83	0	-0.00	-0.00	0.00	0.00
11	11	ÄÐ	0	10.00	1	0	1	1	0	0	5.00	5	0.0	0.0	0.0	0.0	0.0	-1.0	-1.0	-1.0	-1.0	-1.0	-1.0	-1.0	60	60	1	1	0	123	4227704	940	371	568	170	422.83	0	-0.00	-0.00	0.00	0.00
11	11	ÄÐ	0	10.00	1	0	1	1	0	0	5.00	5	0.0	0.0	0.0	0.0	0.0	-1.0	-1.0	-1.0	-1.0	-1.0	-1.0	-1.0	60	60	1	1	0	124	4227744	940	371	568	170	422.83	0	-0.00	-0.00	0.00	0.00
11	11	ÄÐ	0	10.00	1	0	1	1	0	0	5.00	5	0.0	0.0	0.0	0.0	0.0	-1.0	-1.0	-1.0	-1.0	-1.0	-1.0	-1.0	60	60	1	1	0	125	4227784	940	371	568	170	422.83	0	-0.00	-0.00	0.00	0.00
11	11	ÄÐ	0	10.00	1	0	1	1	0	0	5.00	5	0.0	0.0	0.0	0.0	0.0	-1.0	-1.0	-1.0	-1.0	-1.0	-1.0	-1.0	60	60	1	1	0	126	4227824	940	371	568	170	422.83	0	-0.00	-0.00	0.00	0.00
11	11	ÄÐ	0	10.00	1	0	1	1	0	0	5.00	5	0.0	0.0	0.0	0.0	0.0	-1.0	-1.0	-1.0	-1.0	-1.0	-1.0	-1.0	60	60	1	1	0	127	4227864	940	371	568	170	422.83	0	-0.00	-0.00	0.00	0.00
11	11	ÄÐ	0	10.00	1	0	1	1	0	0	5.00	5	0.0	0.0	0.0	0.0	0.0	-1.0	-1.0	-1.0	-1.0	-1.0	-1.0	-1.0	60	60	1	1	0	128	4227904	940	371	568	170	422.83	0	-0.00	-0.00	0.00	0.00
11	11	ÄÐ	0	10.00	1	0	1	1	0	0	5.00	5	0.0	0.0	0.0	0.0	0.0	-1.0	-1.0	-1.0	-1.0	-1.0	-1.0	-1.0	60	60	1	1	0	129	4227944	940	371	568	170	422.83	0	-0.00	-0.00	0.00	0.00
11	11	ÄÐ	0	10.00	1	0	1	1	0	0	5.00	5	0.0	0.0	0.0	0.0	0.0	-1.0	-1.0	-1.0	-1.0	-1.0	-1.0	-1.0	60	60	1	1	0	130	4227984	940	371	568	170	422.83	0	-0.00	-0.00	0.00	0.00
11	11	ÄÐ	0	10.00	1	0	1	1	0	0	5.00	5	0.0	0.0	0.0	0.0	0.0	-1.0	-1.0	-1.0	-1.0	-1.0	-1.0	-1.0	60	60	1	1	0	131	4228024	940	371	568	170	422.83	0	-0.00	-0.00	0.00	0.00
11	11	ÄÐ	0	10.00	1	0	1	1	0	0	5.00	5	0.0	0.0	0.0	0.0	0.0	-1.0	-1.0	-1.0	-1.0	-1.0	-1.0	-1.0	60	60	1	1	0	132	4228064	940	371	568	170	422.83	0	-0.00	-0.00	0.00	0.00
11	11	ÄÐ	0	10.00	1	0	1	1	0	0	5.00	5	0.0	0.0	0.0	0.0	0.0	-1.0	-1.0	-1.0	-1.0	-1.0	-1.0	-1.0	60	60	1	1	0	133	4228104	940	371	568	170	422.83	0	-0.00	-0.00	0.00	0.00
11	11	ÄÐ	0	10.00	1	0	1	1	0	0	5.00	5	0.0	0.0	0.0	0.0	0.0	-1.0	-1.0	-1.0	-1.0	-1.0	-1.0	-1.0	60	60	1	1	0	134	4228144	940	371	568	170	422.83	0	-0.00	-0.00	0.00	0.00
11	11	ÄÐ	0	10.00	1	0	1	1	0	0	5.00	5	0.0	0.0	0.0	0.0	0.0	-1.0	-1.0	-1.0	-1.0	-1.0	-1.0	-1.0	60	60	1	1	0	135	4228184	940	371	568	170	422.83	0	-0.00	-0.00	0.00	0.00
11	11	ÄÐ	0	10.00	1	0	1	1	0	0	5.00	5	0.0	0.0	0.0	0.0	0.0	-1.0	-1.0	-1.0	-1.0	-1.0	-1.0	-1.0	60	60	1	1	0	136	4228224	940	371	568	170	422.83	0	-0.00	-0.00	0.00	0.00
11	11	ÄÐ	0	10.00	1	0	1	1	0	0	5.00	5	0.0	0.0	0.0	0.0	0.0	-1.0	-1.0	-1.0	-1.0	-1.0	-1.0	-1.0	60	60	1	1	0	137	4228264	940	371	568	170	422.83	0	-0.00	-0.00	0.00	0.00
11	11	ÄÐ	0	10.00	1	0	1	1	0	0	5.00	5	0.0	0.0	0.0	0.0	0.0	-1.0	-1.0	-1.0	-1.0	-1.0	-1.0	-1.0	60	60	1	1	0	138	4228304	940	371	568	170	422.83	0	-0.00	-0.00	0.00	0.00
11	11	ÄÐ	0	10.00	1	0	1	1	0	0	5.00	5	0.0	0.0	0.0	0.0	0.0	-1.0	-1.0	-1.0	-1.0	-1.0	-1.0	-1.0	60	60	1	1	0	139	4228344	940	371	568	170	422.83	0	-0.00	-0.00	0.00	0.00
11	11	ÄÐ	0	10.00	1	0	1	1	0	0	5.00	5	0.0	0.0	0.0	0.0	0.0	-1.0	-1.0	-1.0	-1.0	-1.0	-1.0	-1.0	60	60	1	1	0	140	4228384	940	371	568	170	422.83	0	-0.00	-0.00	0.00	0.00
11	11	ÄÐ	0	10.00	1	0	1	1	0	0	5.00	5	0.0	0.0	0.0	0.0	0.0	-1.0	-1.0	-1.0	-1.0	-1.0	-1.0	-1.0	60	60	1	1	0	141	4228424	940	371	568	170	422.83	0	-0.00	-0.00	0.00	0.00
11	11	ÄÐ	0	10.00	1	0	1	1	0	0	5.00	5	0.0	0.0	0.0	0.0	0.0	-1.0	-1.0	-1.0	-1.0	-1.0	-1.0	-1.0	60	60	1	1	0	142	4228464	940	371	568	170	422.83	0	-0.00	-0.00	0.00	0.00
11	11	ÄÐ	0	10.00	1	0	1	1	0	0	5.00	5	0.0	0.0	0.0	0.0	0.0	-1.0	-1.0	-1.0	-1.0	-1.0	-1.0	-1.0	60	60	1	1	0	143	4228504	940	371	568	170	422.83	0	-0.00	-0.00	0.00	0.00
11	11	ÄÐ	0	10.00	1	0	1	1	0	0	5.00	5	0.0	0.0	0.0	0.0	0.0	-1.0	-1.0	-1.0	-1.0	-1.0	-1.0	-1.0	60	60	1	1	0	144	4228544	940	371	568	170	422.83	0	-0.00	-0.00	0.00	0.00
11	11	ÄÐ	0	10.00	1	0	1	1	0	0	5.00	5	0.0	0.0	0.0	0.0	0.0	-1.0	-1.0	-1.0	-1.0	-1.0	-1.0	-1.0	60	60	1	1	0	145	4228584	940	371	568	170	422.83	0	-0.00	-0.00	0.00	0.00
11	11	ÄÐ	0	10.00	1	0	1	1	0	0	5.00	5	0.0	0.0	0.0	0.0	0.0	-1.0	-1.0	-1.0	-1.0	-1.0	-1.0	-1.0	60	60	1	1	0	146	4228624	940	371	568	170	422.83	0	-0.00	-0.00	0.00	0.00
11	11	ÄÐ	0	10.00	1	0	1	1	0	0	5.00	5	0.0	0.0	0.0	0.0	0.0	-1.0	-1.0	-1.0	-1.0	-1.0	-1.0	-1.0	60	60	1	1	0	147	4228664	940	371	568	170	422.83	0	-0.00	-0.00	0.00	0.00
11	11	ÄÐ	0	10.00	1	0	1	1	0	0	5.00	5	0.0	0.0	0.0	0.0	0.0	-1.0	-1.0	-1.0	-1.0	-1.0	-1.0	-1.0	60	60	1	1	0	148	4228704	940	371	568	170	422.83	0	-0.00	-0.00	0.00	0.00
11	11	ÄÐ	0	10.00	1	0	1	1	0	0	5.00	5	0.0	0.0	0.0	0.0	0.0	-1.0	-1.0	-1.0	-1.0	-1.0	-1.0	-1.0	60	60	1	1	0	149	4228744	940	371	568	170	422.83	0	-0.00	-0.00	0.00	0.00
11	11	ÄÐ	0	10.00	1	0	1	1	0	0	5.00	5	0.0	0.0	0.0	0.0	0.0	-1.0	-1.0	-1.0	-1.0	-1.0	-1.0	-1.0	60	60	1	1	0	150	4228784	940	371	568	170	422.83	0	-0.00	-0.00	0.00	0.00
11	11	ÄÐ	0	10.00	1	0	1	1	0	0	5.00	5	0.0	0.0	0.0	0.0	0.0	-1.0	-1.0	-1.0	-1.0	-1.0	-1.0	-1.0	60	60	1	1	0	151	4228824	940	371	568	170	422.83	0	-0.00	-0.00	0.00	0.00
11	11	ÄÐ	0	10.00	1	0	1	1	0	0	5.00	5	0.0	0.0	0.0	0.0	0.0	-1.0	-1.0	-1.0	-1.0	-1.0	-1.0	-1.0	60	60	1	1	0	152	4228864	940	371	568	170	422.83	0	-0.00	-0.00	0.00	0.00
11	11	ÄÐ	0	10.00	1	0	1	1	0	0	5.00	5	0.0	0.0	0.0	0.0	0.0	-1.0	-1.0	-1.0	-1.0	-1.0	-1.0	-1.0	60	60	1	1	0	153	4228904	940	371	568	170	422.83	0	-0.00	-0.00	0.00	0.00
11	11	ÄÐ	0	10.00	1	0	1	1	0	0	5.00	5	0.0	0.0	0.0	0.0	0.0	-1.0	-1.0	-1.0	-1.0	-1.0	-1.0	-1.0	60	60	1	1	0	154	4228944	940	371	568	170	422.83	0	-0.00	-0.00	0.00	0.00
11	11	ÄÐ	0	10.00	1	0	1	1	0	0	5.00	5	0.0	0.0	0.0	0.0	0.0	-1.0	-1.0	-1.0	-1.0	-1.0	-1.0	-1.0	60	60	1	1	0	155	4228984	940	371	568	170	422.83	0	-0.00	-0.00	0.00	0.00
11	11	ÄÐ	0	10.00	1	0	1	1	0	0	5.00	5	0.0	0.0	0.0	0.0	0.0	-1.0	-1.0	-1.0	-1.0	-1.0	-1.0	-1.0	60	60	1	1	0	156	4229024	940	371	568	170	422.83	0	-0.00	-0.00	0.00	0.00
11	11	ÄÐ	0	10.00	1	0	1	1	0	0	5.00	5	0.0	0.0	0.0	0.0	0.0	-1.0	-1.0	-1.0	-1.0	-1.0	-1.0	-1.0	60	60	1	1	0	157	4229064	940	371	568	170	422.83	0	-0.00	-0.00	0.00	0.00
11	11	ÄÐ	0	10.00	1	0	1	1	0	0	5.00	5	0.0	0.0	0.0	0.0	0.0	-1.0	-1.0	-1.0	-1.0	-1.0	-1.0	-1.0	60	60	1	1	0	158	4229104	940	371	568	170	422.83	0	-0.00	-0.00	0.00	0.00
11	11	ÄÐ	0	10.00	1	0	1	1	0	0	5.00	5	0.0	0.0	0.0	0.0	0.0	-1.0	-1.0	-1.0	-1.0	-1.0	-1.0	-1.0	60	60	1	1	0	159	4229144	940	371	568	170	422.83	0	-0.00	-0.00	0.00	0.00
11	11	ÄÐ	0	10.00	1	0	1	1	0	0	5.00	5	0.0	0.0	0.0	0.0	0.0	-1.0	-1.0	-1.0	-1.0	-1.0	-1.0	-1.0	60	60	1	1	0	160	4229184	940	371	568	170	422.83	0	-0.00	-0.00	0.00	0.00
11	11	ÄÐ	0	10.00	1	0	1	1	0	0	5.00	5	0.0	0.0	0.0	0.0	0.0	-1.0	-1.0	-1.0	-1.0	-1.0	-1.0	-1.0	60	60	1	1	0	161	4229224	940	371	568	170	422.83	0	-0.00	-0.00	0.00	0.00
11	11	ÄÐ	0	10.00	1	0	1	1	0	0	5.00	5	0.0	0.0	0.0	0.0	0.0	-1.0	-1.0	-1.0	-1.0	-1.0	-1.0	-1.0	60	60	1	1	0	162	4229264	940	371	568	170	422.83	0	-0.00	-0.00	0.00	0.00
11	11	ÄÐ	0	10.00	1	0	1	1	0	0	5.00	5	0.0	0.0	0.0	0.0	0.0	-1.0	-1.0	-1.0	-1.0	-1.0	-1.0	-1.0	60	60	1	1	0	163	4229304	940	371	568	170	422.83	0	-0.00	-0.00	0.00	0.00
11	11	ÄÐ	0	10.00	1	0	1	1	0	0	5.00	5	0.0	0.0	0.0	0.0	0.0	-1.0	-1.0	-1.0	-1.0	-1.0	-1.0	-1.0	60	60	1	1	0	164	4229344	940	371	568	170	422.83	0	-0.00	-0.00	0.00	0.00
11	11	ÄÐ	0	10.00	1	0	1	1	0	0	5.00	5	0.0	0.0	0.0	0.0	0.0	-1.0	-1.0	-1.0	-1.0	-1.0	-1.0	-1.0	60	60	1	1	0	165	4229384	940	371	568	170	422.83	0	-0.00	-0.00	0.00	0.00
11	11	ÄÐ	0	10.00	1	0	1	1	0	0	5.00	5	0.0	0.0	0.0	0.0	0.0	-1.0	-1.0	-1.0	-1.0	-1.0	-1.0	-1.0	60	60	1	1	0	166	4229424	940	371	568	170	422.83	0	-0.00	-0.00	0.00	0.00
11	11	ÄÐ	0	10.00	1	0	1	1	0	0	5.00	5	0.0	0.0	0.0	0.0	0.0	-1.0	-1.0	-1.0	-1.0	-1.0	-1.0	-1.0	60	60	1	1	0	167	4229464	940	371	568	170	422.83	0	-0.00	-0.00	0.00	0.00
11	11	ÄÐ	0	10.00	1	0	1	1	0	0	5.00	5	0.0	0.0	0.0	0.0	0.0	-1.0	-1.0	-1.0	-1.0	-1.0	-1.0	-1.0	60	60	1	1	0	168	4229504	940	371	568	170	422.83	0	-0.00	-0.00	0.00	0.00
11	11	ÄÐ	0	10.00	1	0	1	1	0	0	5.00	5	0.0	0.0	0.0	0.0	0.0	-1.0	-1.0	-1.0	-1.0	-1.0	-1.0	-1.0	60	60	1	1	0	169	4229544	940	371	568	170	422.83	0	-0.00	-0.00	0.00	0.00
11	11	ÄÐ	0	10.00	1	0	1	1	0	0	5.00	5	0.0	0.0	0.0	0.0	0.0	-1.0	-1.0	-1.0	-1.0	-1.0	-1.0	-1.0	60	60	1	1	0	170	4229584	940	371	568	170	422.83	0	-0.00	-0.00	0.00	0.00
11	11	ÄÐ	0	10.00	1	0	1	1	0	0	5.00	5	0.0	0.0	0.0	0.0	0.0	-1.0	-1.0	-1.0	-1.0	-1.0	-1.0	-1.0	60	60	1	1	0	171	4229624	940	371	568	170	422.83	0	-0.00	-0.00	0.00	0.00
11	11	ÄÐ	0	10.00	1	0	1	1	0	0	5.00	5	0.0	0.0	0.0	0.0	0.0	-1.0	-1.0	-1.0	-1.0	-1.0	-1.0	-1.0	60	60	1	1	0	172	4229664	940	371	568	170	422.83	0	-0.00	-0.00	0.00	0.00
11	11	ÄÐ	0	10.00	1	0	1	1	0	0	5.00	5	0.0	0.0	0.0	0.0	0.0	-1.0	-1.0	-1.0	-1.0	-1.0	-1.0	-1.0	60	60	1	1	0	173	4229704	940	371	568	170	422.83	0	-0.00	-0.00	0.00	0.00
11	11	ÄÐ	0	10.00	1	0	1	1	0	0	5.00	5	0.0	0.0	0.0	0.0	0.0	-1.0	-1.0	-1.0	-1.0	-1.0	-1.0	-1.0	60	60	1	1	0	174	4229744	940	371	568	170	422.83	0	-0.00	-0.00	0.00	0.00
11	11	ÄÐ	0	10.00	1	0	1	1	0	0	5.00	5	0.0	0.0	0.0	0.0	0.0	-1.0	-1.0	-1.0	-1.0	-1.0	-1.0	-1.0	60	60	1	1	0	175	4229784	940	371	568	170	422.83	0	-0.00	-0.00	0.00	0.00
11	11	ÄÐ	0	10.00	1	0	1	1	0	0	5.00	5	0.0	0.0	0.0	0.0	0.0	-1.0	-1.0	-1.0	-1.0	-1.0	-1.0	-1.0	60	60	1	1	0	176	4229824	940	371	568	170	422.83	0	-0.00	-0.00	0.00	0.00
11	11	ÄÐ	0	10.00	1	0	1	1	0	0	5.00	5	0.0	0.0	0.0	0.0	0.0	-1.0	-1.0	-1.0	-1.0	-1.0	-1.0	-1.0	60	60	1	1	0	177	4229864	940	371	568	170	422.83	0	-0.00	-0.00	0.00	0.00
11	11	ÄÐ	0	10.00	1	0	1	1	0	0	5.00	5	0.0	0.0	0.0	0.0	0.0	-1.0	-1.0	-1.0	-1.0	-1.0	-1.0	-1.0	60	60	1	1	0	178	4229904	940	371	568	170	422.83	0	-0.00	-0.00	0.00	0.00
11	11	ÄÐ	0	10.00	1	0	1	1	0	0	5.00	5	0.0	0.0	0.0	0.0	0.0	-1.0	-1.0	-1.0	-1.0	-1.0	-1.0	-1.0	60	60	1	1	0	179	4229944	940	371	568	170	422.83	0	-0.00	-0.00	0.00	0.00
11	11	ÄÐ	0	10.00	1	0	1	1	0	0	5.00	5	0.0	0.0	0.0	0.0	0.0	-1.0	-1.0	-1.0	-1.0	-1.0	-1.0	-1.0	60	60	1	1	0	180	4229984	940	371	568	170	422.83	0	-0.00	-0.00	0.00	0.00
11	11	ÄÐ	0	10.00	1	0	1	1	0	0	5.00	5	0.0	0.0	0.0	0.0	0.0	-1.0	-1.0	-1.0	-1.0	-1.0	-1.0	-1.0	60	60	1	1	0	181	4230024	940	371	568	170	422.83	0	-0.00	-0.00	0.00	0.00
11	11	ÄÐ	0	10.00	1	0	1	1	0	0	5.00	5	0.0	0.0	0.0	0.0	0.0	-1.0	-1.0	-1.0	-1.0	-1.0	-1.0	-1.0	60	60	1	1	0	182	4230064	940	371	568	170	422.83	0	-0.00	-0.00	0.00	0.00
11	11	ÄÐ	0	10.00	1	0	1	1	0	0	5.00	5	0.0	0.0	0.0	0.0	0.0	-1.0	-1.0	-1.0	-1.0	-1.0	-1.0	-1.0	60	60	1	1	0	183	4230104	940	371	568	170	422.83	0	-0.00	-0.00	0.00	0.00
11	11	ÄÐ	0	10.00	1	0	1	1	0	0	5.00	5	0.0	0.0	0.0	0.0	0.0	-1.0	-1.0	-1.0	-1.0	-1.0	-1.0	-1.0	60	60	1	1	0	184	4230144	940	371	568	170	422.83	0	-0.00	-0.00	0.00	0.00
11	11	ÄÐ	0	10.00	1	0	1	1	0	0	5.00	5	0.0	0.0	0.0	0.0	0.0	-1.0	-1.0	-1.0	-1.0	-1.0	-1.0	-1.0	60	60	1	1	0	185	4230184	940	371	568	170	422.83	0	-0.00	-0.00	0.00	0.00
11	11	ÄÐ	0	10.00	1	0	1	1	0	0	5.00	5	0.0	0.0	0.0	0.0	0.0	-1.0	-1.0	-1.0	-1.0	-1.0	-1.0	-1.0	60	60	1	1	0	186	4230224	940	371	568	170	422.83	0	-0.00	-0.00	0.00	0.00
11	11	ÄÐ	0	10.00	1	0	1	1	0	0	5.00	5	0.0	0.0	0.0	0.0	0.0	-1.0	-1.0	-1.0	-1.0	-1.0	-1.0	-1.0	60	60	1	1	0	187	4230264	940	371	568	170	422.83	0	-0.00	-0.00	0.00	0.00
11	11	ÄÐ	0	10.00	1	0	1	1	0	0	5.00	5	0.0	0.0	0.0	0.0	0.0	-1.0	-1.0	-1.0	-1.0	-1.0	-1.0	-1.0	60	60	1	1	0	188	4230304	940	371	568	170	422.83	0	-0.00	-0.00	0.00	0.00
11	11	ÄÐ	0	10.00	1	0	1	1	0	0	5.00	5	0.0	0.0	0.0	0.0	0.0	-1.0	-1.0	-1.0	-1.0	-1.0	-1.0	-1.0	60	60	1	1	0	189	4230344	940	371	568	170	422.83	0	-0.00	-0.00	0.00	0.00
11	11	ÄÐ	0	10.00	1	0	1	1	0	0	5.00	5	0.0	0.0	0.0	0.0	0.0	-1.0	-1.0	-1.0	-1.0	-1.0	-1.0	-1.0	60	60	1	1	0	190	4230384	940	371	568	170	422.83	0	-0.00	-0.00	0.00	0.00
11	11	ÄÐ	0	10.00	1	0	1	1	0	0	5.00	5	0.0	0.0	0.0	0.0	0.0	-1.0	-1.0	-1.0	-1.0	-1.0	-1.0	-1.0	60	60	1	1	0	191	4230424	940	371	568	170	422.83	0	-0.00	-0.00	0.00	0.00
11	11	ÄÐ	0	10.00	1	0	1	1	0	0	5.00	5	0.0	0.0	0.0	0.0	0.0	-1.0	-1.0	-1.0	-1.0	-1.0	-1.0	-1.0	60	60	1	1	0	192	4230464	940	371	568	170	422.83	0	-0.00	-0.00	0.00	0.00
11	11	ÄÐ	0	10.00	1	0	1	1	0	0	5.00	5	0.0	0.0	0.0	0.0	0.0	-1.0	-1.0	-1.0	-1.0	-1.0	-1.0	-1.0	60	60	1	1	0	193	4230504	940	371	568	170	422.83	0	-0.00	-0.00	0.00	0.00
11	11	ÄÐ	0	10.00	1	0	1	1	0	0	5.00	5	0.0	0.0	0.0	0.0	0.0	-1.0	-1.0	-1.0	-1.0	-1.0	-1.0	-1.0	60	60	1	1	0	194	4230544	940	371	568	170	422.83	0	-0.00	-0.00	0.00	0.00
11	11	ÄÐ	0	10.00	1	0	1	1	0	0	5.00	5	0.0	0.0	0.0	0.0	0.0	-1.0	-1.0	-1.0	-1.0	-1.0	-1.0	-1.0	60	60	1	1	0	195	4230584	940	371	568	170	422.83	0	-0.00	-0.00	0.00	0.00
11	11	ÄÐ	0	10.00	1	0	1	1	0	0	5.00	5	0.0	0.0	0.0	0.0	0.0	-1.0	-1.0	-1.0	-1.0	-1.0	-1.0	-1.0	60	60	1	1	0	196	4230624	940	371	568	170	422.83	0	-0.00	-0.00	0.00	0.00
11	11	ÄÐ	0	10.00	1	0	1	1	0	0	5.00	5	0.0	0.0	0.0	0.0	0.0	-1.0	-1.0	-1.0	-1.0	-1.0	-1.0	-1.0	60	60	1	1	0	197	4230664	940	371	568	170	422.83	0	-0.00	-0.00	0.00	0.00
11	11	ÄÐ	0	10.00	1	0	1	1	0	0	5.00	5	0.0	0.0	0.0	0.0	0.0	-1.0	-1.0	-1.0	-1.0	-1.0	-1.0	-1.0	60	60	1	1	0	198	4230704	940	371	568	170	422.83	0	-0.00	-0.00	0.00	0.00
11	11	ÄÐ	0	10.00	1	0	1	1	0	0	5.00	5	0.0	0.0	0.0	0.0	0.0	-1.0	-1.0	-1.0	-1.0	-1.0	-1.0	-1.0	60	60	1	1	0	199	4230744	940	371	568	170	422.83	0	-0.00	-0.00	0.00	0.00
11	11	ÄÐ	0	10.00	1	0	1	1	0	0	5.00	5	0.0	0.0	0.0	0.0	0.0	-1.0	-1.0	-1.0	-1.0	-1.0	-1.0	-1.0	60	60	1	1	0	200	4230784	940	371	568	170	422.83	0	-0.00	-0.00	0.00	0.00
11	11	ÄÐ	0	10.00	1	0	1	1	0	0	5.00	5	0.0	0.0	0.0	0.0	0.0	-1.0	-1.0	-1.0	-1.0	-1.0	-1.0	-1.0	60	60	1	1	0	201	4230824	940	371	568	170	422.83	0	-0.00	-0.00	0.00	0.00
11	11	ÄÐ	0	10.00	1	0	1	1	0	0	5.00	5	0.0	0.0	0.0	0.0	0.0	-1.0	-1.0	-1.0	-1.0	-1.0	-1.0	-1.0	60	60	1	1	0	202	4230864	940	371	568	170	422.83	0	-0.00	-0.00	0.00	0.00
11	11	ÄÐ	0	10.00	1	0	1	1	0	0	5.00	5	0.0	0.0	0.0	0.0	0.0	-1.0	-1.0	-1.0	-1.0	-1.0	-1.0	-1.0	60	60	1	1	0	203	4230904	940	371	568	170	422.83	0	-0.00	-0.00	0.00	0.00
11	11	ÄÐ	0	10.00	1	0	1	1	0	0	5.00	5	0.0	0.0	0.0	0.0	0.0	-1.0	-1.0	-1.0	-1.0	-1.0	-1.0	-1.0	60	60	1	1	0	204	4230944	940	371	568	170	422.83	0	-0.00	-0.00	0.00	0.00
11	11	ÄÐ	0	10.00	1	0	1	1	0	0	5.00	5	0.0	0.0	0.0	0.0	0.0	-1.0	-1.0	-1.0	-1.0	-1.0	-1.0	-1.0	60	60	1	1	0	205	4230984	940	371	568	170	422.83	0	-0.00	-0.00	0.00	0.00
11	11	ÄÐ	0	10.00	1	0	1	1	0	0	5.00	5	0.0	0.0	0.0	0.0	0.0	-1.0	-1.0	-1.0	-1.0	-1.0	-1.0	-1.0	60	60	1	1	0	206	4231024	940	371	568	170	422.83	0	-0.00	-0.00	0.00	0.00
11	11	ÄÐ	0	10.00	1	0	1	1	0	0	5.00	5	0.0	0.0	0.0	0.0	0.0	-1.0	-1.0	-1.0	-1.0	-1.0	-1.0	-1.0	60	60	1	1	0	207	4231064	940	371	568	170	422.83	0	-0.00	-0.00	0.00	0.00
11	11	ÄÐ	0	10.00	1	0	1	1	0	0	5.00	5	0.0	0.0	0.0	0.0	0.0	-1.0	-1.0	-1.0	-1.0	-1.0	-1.0	-1.0	60	60	1	1	0	208	4231104	940	371	568	170	422.83	0	-0.00	-0.00	0.00	0.00
11	11	ÄÐ	0	10.00	1	0	1	1	0	0	5.00	5	0.0	0.0	0.0	0.0	0.0	-1.0	-1.0	-1.0	-1.0	-1.0	-1.0	-1.0	60	60	1	1	0	209	4231144	940	371	568	170	422.83	0	-0.00	-0.00	0.00	0.00
11	11	ÄÐ	0	10.00	1	0	1	1	0	0	5.00	5	0.0	0.0	0.0	0.0	0.0	-1.0	-1.0	-1.0	-1.0	-1.0	-1.0	-1.0	60	60	1	1	0	210	4231184	940	371	568	170	422.83	0	-0.00	-0.00	0.00	0.00
11	11	ÄÐ	0	10.00	1	0	1	1	0	0	5.00	5	0.0	0.0	0.0	0.0	0.0	-1.0	-1.0	-1.0	-1.0	-1.0	-1.0	-1.0	60	60	1	1	0	211	4231224	940	371	568	170	422.83	0	-0.00	-0.00	0.00	0.00
11	11	ÄÐ	0	10.00	1	0	1	1	0	0	5.00	5	0.0	0.0	0.0	0.0	0.0	-1.0	-1.0	-1.0	-1.0	-1.0	-1.0	-1.0	60	60	1	1	0	212	4231264	940	371	568	170	422.83	0	-0.00	-0.00	0.00	0.00
11	11	ÄÐ	0	10.00	1	0	1	1	0	0	5.00	5	0.0	0.0	0.0	0.0	0.0	-1.0	-1.0	-1.0	-1.0	-1.0	-1.0	-1.0	60	60	1	1	0	213	4231304	940	371	568	170	422.83	0	-0.00	-0.00	0.00	0.00
11	11	ÄÐ	0	10.00	1	0	1	1	0	0	5.00	5	0.0	0.0	0.0	0.0	0.0	-1.0	-1.0	-1.0	-1.0	-1.0	-1.0	-1.0	60	60	1	1	0	214	4231344	940	371	568	170	422.83	0	-0.00	-0.00	0.00	0.00
11	11	ÄÐ	0	10.00	1	0	1	1	0	0	5.00	5	0.0	0.0	0.0	0.0	0.0	-1.0	-1.0	-1.0	-1.0	-1.0	-1.0	-1.0	60	60	1	1	0	215	4231384	940	371	568	170	422.83	0	-0.00	-0.00	0.00	0.00
11	11	ÄÐ	0	10.00	1	0	1	1	0	0	5.00	5	0.0	0.0	0.0	0.0	0.0	-1.0	-1.0	-1.0	-1.0	-1.0	-1.0	-1.0	60	60	1	1	0	216	4231424	940	371	568	170	422.83	0	-0.00	-0.00	0.00	0.00
11	11	ÄÐ	0	10.00	1	0	1	1	0	0	5.00	5	0.0	0.0	0.0	0.0	0.0	-1.0	-1.0	-1.0	-1.0	-1.0	-1.0	-1.0	60	60	1	1	0	217	4231464	940	371	568	170	422.83	0	-0.00	-0.00	0.00	0.00
11	11	ÄÐ	0	10.00	1	0	1	1	0	0	5.00	5	0.0	0.0	0.0	0.0	0.0	-1.0	-1.0	-1.0	-1.0	-1.0	-1.0	-1.0	60	60	1	1	0	218	4231504	940	371	568	170	422.83	0	-0.00	-0.00	0.00	0.00
11	11	ÄÐ	0	10.00	1	0	1	1	0	0	5.00	5	0.0	0.0	0.0	0.0	0.0	-1.0	-1.0	-1.0	-1.0	-1.0	-1.0	-1.0	60	60	1	1	0	219	4231544	940	371	568	170	422.83	0	-0.00	-0.00	0.00	0.00
11	11	ÄÐ	0	10.00	1	0	1	1	0	0	5.00	5	0.0	0.0	0.0	0.0	0.0	-1.0	-1.0	-1.0	-1.0	-1.0	-1.0	-1.0	60	60	1	1	0	220	4231584	940	371	568	170	422.83	0	-0.00	-0.00	0.00	0.00
11	11	ÄÐ	0	10.00	1	0	1	1	0	0	5.00	5	0.0	0.0	0.0	0.0	0.0	-1.0	-1.0	-1.0	-1.0	-1.0	-1.0	-1.0	60	60	1	1	0	221	4231624	940	371	568	170	422.83	0	-0.00	-0.00	0.00	0.00
11	11	ÄÐ	0	10.00	1	0	1	1	0	0	5.00	5	0.0	0.0	0.0	0.0	0.0	-1.0	-1.0	-1.0	-1.0	-1.0	-1.0	-1.0	60	60	1	1	0	222	4231664	940	371	568	170	422.83	0	-0.00	-0.00	0.00	0.00
11	11	ÄÐ	0	10.00	1	0	1	1	0	0	5.00	5	0.0	0.0	0.0	0.0	0.0	-1.0	-1.0	-1.0	-1.0	-1.0	-1.0	-1.0	60	60	1	1	0	223	4231704	940	371	568	170	422.83	0	-0.00	-0.00	0.00	0.00
11	11	ÄÐ	0	10.00	1	0	1	1	0	0	5.00	5	0.0	0.0	0.0	0.0	0.0	-1.0	-1.0	-1.0	-1.0	-1.0	-1.0	-1.0	60	60	1	1	0	224	4231744	940	371	568	170	422.83	0	-0.00	-0.00	0.00	0.00
11	11	ÄÐ	0	10.00	1	0	1	1	0	0	5.00	5	0.0	0.0	0.0	0.0	0.0	-1.0	-1.0	-1.0	-1.0	-1.0	-1.0	-1.0	60	60	1	1	0	225	4231784	940	371	568	170	422.83	0	-0.00	-0.00	0.00	0.00
11	11	ÄÐ	0	10.00	1	0	1	1	0	0	5.00	5	0.0	0.0	0.0	0.0	0.0	-1.0	-1.0	-1.0	-1.0	-1.0	-1.0	-1.0	60	60	1	1	0	226	4231824	940	371	568	170	422.83	0	-0.00	-0.00	0.00	0.00
11	11	ÄÐ	0	10.00	1	0	1	1	0	0	5.00	5	0.0	0.0	0.0	0.0	0.0	-1.0	-1.0	-1.0	-1.0	-1.0	-1.0	-1.0	60	60	1	1	0	227	4231864	940	371	568	170	422.83	0	-0.00	-0.00	0.00	0.00
11	11	ÄÐ	0	10.00	1	0	1	1	0	0	5.00	5	0.0	0.0	0.0	0.0	0.0	-1.0	-1.0	-1.0	-1.0	-1.0	-1.0	-1.0	60	60	1	1	0	228	4231904	940	371	568	170	422.83	0	-0.00	-0.00	0.00	0.00
11	11	ÄÐ	0	10.00	1	0	1	1	0	0	5.00	5	0.0	0.0	0.0	0.0	0.0	-1.0	-1.0	-1.0	-1.0	-1.0	-1.0	-1.0	60	60	1	1	0	229	4231944	940	371	568	170	422.83	0	-0.00	-0.00	0.00	0.00
11	11	ÄÐ	0	10.00	1	0	1	1	0	0	5.00	5	0.0	0.0	0.0	0.0	0.0	-1.0	-1.0	-1.0	-1.0	-1.0	-1.0	-1.0	60	60	1	1	0	230	4231984	940	371	568	170	422.83	0	-0.00	-0.00	0.00	0.00
11	11	ÄÐ	0	10.00	1	0	1	1	0	0	5.00	5	0.0	0.0	0.0	0.0	0.0	-1.0	-1.0	-1.0	-1.0	-1.0	-1.0	-1.0	60	60	1	1	0	231	4232024	940	371	568	170	422.83	0	-0.00	-0.00	0.00	0.00
11	11	ÄÐ	0	10.00	1	0	1	1	0	0	5.00	5	0.0	0.0	0.0	0.0	0.0	-1.0	-1.0	-1.0	-1.0	-1.0	-1.0	-1.0	60	60	1	1	0	232	4232064	940	371	568	170	422.83	0	-0.00	-0.00	0.00	0.00
11	11	ÄÐ	0	10.00	1	0	1	1	0	0	5.00	5	0.0	0.0	0.0	0.0	0.0	-1.0	-1.0	-1.0	-1.0	-1.0	-1.0	-1.0	60	60	1	1	0	233	4232104	940	371	568	170	422.83	0	-0.00	-0.00	0.00	0.00
11	11	ÄÐ	0	10.00	1	0	1	1	0	0	5.00	5	0.0	0.0	0.0	0.0	0.0	-1.0	-1.0	-1.0	-1.0	-1.0	-1.0	-1.0	60	60	1	1	0	234	4232144	940	371	568	170	422.83	0	-0.00	-0.00	0.00	0.00
11	11	ÄÐ	0	10.00	1	0	1	1	0	0	5.00	5	0.0	0.0	0.0	0.0	0.0	-1.0	-1.0	-1.0	-1.0	-1.0	-1.0	-1.0	60	60	1	1	0	235	4232184	940	371	568	170	422.83	0	-0.00	-0.00	0.00	0.00
11	11	ÄÐ	0	10.00	1	0	1	1	0	0	5.00	5	0.0	0.0	0.0	0.0	0.0	-1.0	-1.0	-1.0	-1.0	-1.0	-1.0	-1.0	60	60	1	1	0	236	4232224	940	371	568	170	422.83	0	-0.00	-0.00	0.00	0.00
11	11	ÄÐ	0	10.00	1	0	1	1	0	0	5.00	5	0.0	0.0	0.0	0.0	0.0	-1.0	-1.0	-1.0	-1.0	-1.0	-1.0	-1.0	60	60	1	1	0	237	4232264	940	371	568	170	422.83	0	-0.00	-0.00	0.00	0.00
11	11	ÄÐ	0	10.00	1	0	1	1	0	0	5.00	5	0.0	0.0	0.0	0.0	0.0	-1.0	-1.0	-1.0	-1.0	-1.0	-1.0	-1.0	60	60	1	1	0	238	4232304	940	371	568	170	422.83	0	-0.00	-0.00	0.00	0.00
11	11	ÄÐ	0	10.00	1	0	1	1	0	0	5.00	5	0.0	0.0	0.0	0.0	0.0	-1.0	-1.0	-1.0	-1.0	-1.0	-1.0	-1.0	60	60	1	1	0	239	4232344	940	371	568	170	422.83	0	-0.00	-0.00	0.00	0.00
11	11	ÄÐ	0	10.00	1	0	1	1	0	0	5.00	5	0.0	0.0	0.0	0.0	0.0	-1.0	-1.0	-1.0	-1.0	-1.0	-1.0	-1.0	60	60	1	1	0	240	4232384	940	371	568	170	422.83	0	-0.00	-0.00	0.00	0.00
11	11	ÄÐ	0	10.00	1	0	1	1	0	0	5.00	5	0.0	0.0	0.0	0.0	0.0	-1.0	-1.0	-1.0	-1.0	-1.0	-1.0	-1.0	60	60	1	1	0	241	4232424	940	371	568	170	422.83	0	-0.00	-0.00	0.00	0.00
11	11	ÄÐ	0	10.00	1	0	1	1	0	0	5.00	5	0.0	0.0	0.0	0.0	0.0	-1.0	-1.0	-1.0	-1.0	-1.0	-1.0	-1.0	60	60	1	1	0	242	4232464	940	371	568	170	422.83	0	-0.00	-0.00	0.00	0.00
11	11	ÄÐ	0	10.00	1	0	1	1	0	0	5.00	5	0.0	0.0	0.0	0.0	0.0	-1.0	-1.0	-1.0	-1.0	-1.0	-1.0	-1.0	60	60	1	1	0	243	4232504	940	371	568	170	422.83	0	-0.00	-0.00	0.00	0.00
11	11	ÄÐ	0	10.00	1	0	1	1	0	0	5.00	5	0.0	0.0	0.0	0.0	0.0	-1.0	-1.0	-1.0	-1.0	-1.0	-1.0	-1.0	60	60	1	1	0	244	4232544	940	371	568	170	422.83	0	-0.00	-0.00	0.00	0.00
11	11	ÄÐ	0	10.00	1	0	1	1	0	0	5.00	5	0.0	0.0	0.0	0.0	0.0	-1.0	-1.0	-1.0	-1.0	-1.0	-1.0	-1.0	60	60	1	1	0	245	4232584	940	371	568	170	422.83	0	-0.00	-0.00	0.00	0.00
11	11	ÄÐ	0	10.00	1	0	1	1	0	0	5.00	5	0.0	0.0	0.0	0.0	0.0	-1.0	-1.0	-1.0	-1.0	-1.0	-1.0	-1.0	60	60	1	1	0	246	4232624	940	371	568	170	422.83	0	-0.00	-0.00	0.00	0.00
11	11	ÄÐ	0	10.00	1	0	1	1	0	0	5.00	5	0.0	0.0	0.0	0.0	0.0	-1.0	-1.0	-1.0	-1.0	-1.0	-1.0	-1.0	60	60	1	1	0	247	4232664	940	371	568	170	422.83	0	-0.00	-0.00	0.00	0.00
11	11	ÄÐ	0	10.00	1	0	1	1	0	0	5.00	5	0.0	0.0	0.0	0.0	0.0	-1.0	-1.0	-1.0	-1.0	-1.0	-1.0	-1.0	60	60	1	1	0	248	4232704	940	371	568	170	422.83	0	-0.00	-0.00	0.00	0.00
11	11	ÄÐ	0	10.00	1	0	1	1	0	0	5.00	5	0.0	0.0	0.0	0.0	0.0	-1.0	-1.0	-1.0	-1.0	-1.0	-1.0	-1.0	60	60	1	1	0	249	4232744	940	371	568	170	422.83	0	-0.00	-0.00	0.00	0.00
11	11	ÄÐ	0	10.00	1	0	1	1	0	0	5.00	5	0.0	0.0	0.0	0.0	0.0	-1.0	-1.0	-1.0	-1.0	-1.0	-1.0	-1.0	60	60	1	1	0	250	4232784	940	371	568	170	422.83	0	-0.00	-0.00	0.00	0.00
11	11	ÄÐ	0	10.00	1	0	1	1	0	0	5.00	5	0.0	0.0	0.0	0.0	0.0	-1.0	-1.0	-1.0	-1.0	-1.0	-1.0	-1.0	60	60	1	1	0	251	4232824	940	371	568	170	422.83	0	-0.00	-0.00	0.00	0.00
11	11	ÄÐ	0	10.00	1	0	1	1	0	0	5.00	5	0.0	0.0	0.0	0.0	0.0	-1.0	-1.0	-1.0	-1.0	-1.0	-1.0	-1.0	60	60	1	1	0	252	4232864	940	371	568	170	422.83	0	-0.00	-0.00	0.00	0.00
11	11	ÄÐ	0	10.00	1	0	1	1	0	0	5.00	5	0.0	0.0	0.0	0.0	0.0	-1.0	-1.0	-1.0	-1.0	-1.0	-1.0	-1.0	60	60	1	1	0	253	4232904	940	371	568	170	422.83	0	-0.00	-0.00	0.00	0.00
11	11	ÄÐ	0	10.00	1	0	1	1	0	0	5.00	5	0.0	0.0	0.0	0.0	0.0	-1.0	-1.0	-1.0	-1.0	-1.0	-1.0	-1.0	60	60	1	1	0	254	4232944	940	371	568	170	422.83	0	-0.00	-0.00	0.00	0.00
11	11	ÄÐ	0	10.00	1	0	1	1	0	0	5.00	5	0.0	0.0	0.0	0.0	0.0	-1.0	-1.0	-1.0	-1.0	-1.0	-1.0	-1.0	60	60	1	1	0	255	4232984	940	371	568	170	422.83	0	-0.00	-0.00	0.00	0.00
11	11	ÄÐ	0	10.00	1	0	1	1	0	0	5.00	5	0.0	0.0	0.0	0.0	0.0	-1.0	-1.0	-1.0	-1.0	-1.0	-1.0	-1.0	60	60	1	1	0	256	4233024	940	371	568	170	422.83	0	-0.00	-0.00	0.00	0.00
11	11	ÄÐ	0	10.00	1	0	1	1	0	0	5.00	5	0.0	0.0	0.0	0.0	0.0	-1.0	-1.0	-1.0	-1.0	-1.0	-1.0	-1.0	60	60	1	1	0	257	4233064	940	371	568	170	422.83	0	-0.00	-0.00	0.00	0.00
11	11	ÄÐ	0	10.00	1	0	1	1	0	0	5.00	5	0.0	0.0	0.0	0.0	0.0	-1.0	-1.0	-1.0	-1.0	-1.0	-1.0	-1.0	60	60	1	1	0	258	4233104	940	371	568	170	422.83	0	-0.00	-0.00	0.00	0.00
11	11	ÄÐ	0	10.00	1	0	1	1	0	0	5.00	5	0.0	0.0	0.0	0.0	0.0	-1.0	-1.0	-1.0	-1.0	-1.0	-1.0	-1.0	60	60	1	1	0	259	4233144	940	371	568	170	422.83	0	-0.00	-0.00	0.00	0.00
11	11	ÄÐ	0	10.00	1	0	1	1	0	0	5.00	5	0.0	0.0	0.0	0.0	0.0	-1.0	-1.0	-1.0	-1.0	-1.0	-1.0	-1.0	60	60	1	1	0	260	4233184	940	371	568	170	422.83	0	-0.00	-0.00	0.00	0.00
11	11	ÄÐ	0	10.00	1	0	1	1	0	0	5.00	5	0.0	0.0	0.0	0.0	0.0	-1.0	-1.0	-1.0	-1.0	-1.0	-1.0	-1.0	60	60	1	1	0	261	4233224	940	371	568	170	422.83	0	-0.00	-0.00	0.00	0.00
11	11	ÄÐ	0	10.00	1	0	1	1	0	0	5.00	5	0.0	0.0	0.0	0.0	0.0	-1.0	-1.0	-1.0	-1.0	-1.0	-1.0	-1.0	60	60	1	1	0	262	4233264	940	371	568	170	422.83	0	-0.00	-0.00	0.00	0.00
11	11	ÄÐ	0	10.00	1	0	1	1	0	0	5.00	5	0.0	0.0	0.0	0.0	0.0	-1.0	-1.0	-1.0	-1.0	-1.0	-1.0	-1.0	60	60	1	1	0	263	4233304	940	371	568	170	422.83	0	-0.00	-0.00	0.00	0.00
11	11	ÄÐ	0	10.00	1	0	1	1	0	0	5.00	5	0.0	0.0	0.0	0.0	0.0	-1.0	-1.0	-1.0	-1.0	-1.0	-1.0	-1.0	60	60	1	1	0	264	4233344	940	371	568	170	422.83	0	-0.00	-0.00	0.00	0.00
11	11	ÄÐ	0	10.00	1	0	1	1	0	0	5.00	5	0.0	0.0	0.0	0.0	0.0	-1.0	-1.0	-1.0	-1.0	-1.0	-1.0	-1.0	60	60	1	1	0	265	4233384	940	371	568	170	422.83	0	-0.00	-0.00	0.00	0.00
11	11	ÄÐ	0	10.00	1	0	1	1	0	0	5.00	5	0.0	0.0	0.0	0.0	0.0	-1.0	-1.0	-1.0	-1.0	-1.0	-1.0	-1.0	60	60	1	1	0	266	4233424	940	371	568	170	422.83	0	-0.00	-0.00	0.00	0.00
11	11	ÄÐ	0	10.00	1	0	1	1	0	0	5.00	5	0.0	0.0	0.0	0.0	0.0	-1.0	-1.0	-1.0	-1.0	-1.0	-1.0	-1.0	60	60	1	1	0	267	4233464	940	371	568	170	422.83	0	-0.00	-0.00	0.00	0.00
11	11	ÄÐ	0	10.00	1	0	1	1	0	0	5.00	5	0.0	0.0	0.0	0.0	0.0	-1.0	-1.0	-1.0	-1.0	-1.0	-1.0	-1.0	60	60	1	1	0	268	4233504	940	371	568	170	422.83	0	-0.00	-0.00	0.00	0.00
11	11	ÄÐ	0	10.00	1	0	1	1	0	0	5.00	5	0.0	0.0	0.0	0.0	0.0	-1.0	-1.0	-1.0	-1.0	-1.0	-1.0	-1.0	60	60	1	1	0	269	4233544	940	371	568	170	422.83	0	-0.00	-0.00	0.00	0.00
11	11	ÄÐ	0	10.00	1	0	1	1	0	0	5.00	5	0.0	0.0	0.0	0.0	0.0	-1.0	-1.0	-1.0	-1.0	-1.0	-1.0	-1.0	60	60	1	1	0	270	4233584	940	371	568	170	422.83	0	-0.00	-0.00	0.00	0.00
11	11	ÄÐ	0	10.00	1	0	1	1	0	0	5.00	5	0.0	0.0	0.0	0.0	0.0	-1.0	-1.0	-1.0	-1.0	-1.0	-1.0	-1.0	60	60	1	1	0	271	4233624	940	371	568	170	422.83	0	-0.00	-0.00	0.00	0.00
11	11	ÄÐ	0	10.00	1	0	1	1	0	0	5.00	5	0.0	0.0	0.0	0.0	0.0	-1.0	-1.0	-1.0	-1.0	-1.0	-1.0	-1.0	60	60	1	1	0	272	4233664	940	371	568	170	422.83	0	-0.00	-0.00	0.00	0.00
11	11	ÄÐ	0	10.00	1	0	1	1	0	0	5.00	5	0.0	0.0	0.0	0.0	0.0	-1.0	-1.0	-1.0	-1.0	-1.0	-1.0	-1.0	60	60	1	1	0	273	4233704	940	371	568	170	422.83	0	-0.00	-0.00	0.00	0.00
11	11	ÄÐ	0	10.00	1	0	1	1	0	0	5.00	5	0.0	0.0	0.0	0.0	0.0	-1.0	-1.0	-1.0	-1.0	-1.0	-1.0	-1.0	60	60	1	1	0	274	4233744	940	371	568	170	422.83	0	-0.00	-0.00	0.00	0.00
11	11	ÄÐ	0	10.00	1	0	1	1	0	0	5.00	5	0.0	0.0	0.0	0.0	0.0	-1.0	-1.0	-1.0	-1.0	-1.0	-1.0	-1.0	60	60	1	1	0	275	4233784	940	371	568	170	422.83	0	-0.00	-0.00	0.00	0.00
11	11	ÄÐ	0	10.00	1	0	1	1	0	0	5.00	5	0.0	0.0	0.0	0.0	0.0	-1.0	-1.0	-1.0	-1.0	-1.0	-1.0	-1.0	60	60	1	1	0	276	4233824	940	371	568	170	422.83	0	-0.00	-0.00	0.00	0.00
11	11	ÄÐ	0	10.00	1	0	1	1	0	0	5.00	5	0.0	0.0	0.0	0.0	0.0	-1.0	-1.0	-1.0	-1.0	-1.0	-1.0	-1.0	60	60	1	1	0	277	4233864	940	371	568	170	422.83	0	-0.00	-0.00	0.00	0.00
11	11	ÄÐ	0	10.00	1	0	1	1	0	0	5.00	5	0.0	0.0	0.0	0.0	0.0	-1.0	-1.0	-1.0	-1.0	-1.0	-1.0	-1.0	60	60	1	1	0	278	4233904	940	371	568	170	422.83	0	-0.00	-0.00	0.00	0.00
11	11	ÄÐ	0	10.00	1	0	1	1	0	0	5.00	5	0.0	0.0	0.0	0.0	0.0	-1.0	-1.0	-1.0	-1.0	-1.0	-1.0	-1.0	60	60	1	1	0	279	4233944	940	371	568	170	422.83	0	-0.00	-0.00	0.00	0.00
11	11	ÄÐ	0	10.00	1	0	1	1	0	0	5.00	5	0.0	0.0	0.0	0.0	0.0	-1.0	-1.0	-1.0	-1.0	-1.0	-1.0	-1.0	60	60	1	1	0	280	4233984	940	371	568	170	422.83	0	-0.00	-0.00	0.00	0.00
11	11	ÄÐ	0	10.00	1	0	1	1	0	0	5.00	5	0.0	0.0	0.0	0.0	0.0	-1.0	-1.0	-1.0	-1.0	-1.0	-1.0	-1.0	60	60	1	1	0	281	4234024	940	371	568	170	422.83	0	-0.00	-0.00	0.00	0.00
11	11	ÄÐ	0	10.00	1	0	1	1	0	0	5.00	5	0.0	0.0	0.0	0.0	0.0	-1.0	-1.0	-1.0	-1.0	-1.0	-1.0	-1.0	60	60	1	1	0	282	4234064	940	371	568	170	422.83	0	-0.00	-0.00	0.00	0.00
11	11	ÄÐ	0	10.00	1	0	1	1	0	0	5.00	5	0.0	0.0	0.0	0.0	0.0	-1.0	-1.0	-1.0	-1.0	-1.0	-1.0	-1.0	60	60	1	1	0	283	4234104	940	371	568	170	422.83	0	-0.00	-0.00	0.00	0.00
11	11	ÄÐ	0	10.00	1	0	1	1	0	0	5.00	5	0.0	0.0	0.0	0.0	0.0	-1.0	-1.0	-1.0	-1.0	-1.0	-1.0	-1.0	60	60	1	1	0	284	4234144	940	371	568	170	422.83	0	-0.00	-0.00	0.00	0.00
11	11	ÄÐ	0	10.00	1	0	1	1	0	0	5.00	5	0.0	0.0	0.0	0.0	0.0	-1.0	-1.0	-1.0	-1.0	-1.0	-1.0	-1.0	60	60	1	1	0	285	4234184	940	371	568	170	422.83	0	-0.00	-0.00	0.00	0.00
11	11	ÄÐ	0	10.00	1	0	1	1	0	0	5.00	5	0.0	0.0	0.0	0.0	0.0	-1.0	-1.0	-1.0	-1.0	-1.0	-1.0	-1.0	60	60	1	1	0	286	4234224	940	371	568	170	422.83	0	-0.00	-0.00	0.00	0.00
11	11	ÄÐ	0	10.00	1	0	1	1	0	0	5.00	5	0.0	0.0	0.0	0.0	0.0	-1.0	-1.0	-1.0	-1.0	-1.0	-1.0	-1.0	60	60	1	1	0	287	4234264	940	371	568	170	422.83	0	-0.00	-0.00	0.00	0.00
11	11	ÄÐ	0	10.00	1	0	1	1	0	0	5.00	5	0.0	0.0	0.0	0.0	0.0	-1.0	-1.0	-1.0	-1.0	-1.0	-1.0	-1.0	60	60	1	1	0	288	4234304	940	371	568	170	422.83	0	-0.00	-0.00	0.00	0.00
11	11	ÄÐ	0	10.00	1	0	1	1	0	0	5.00	5	0.0	0.0	0.0	0.0	0.0	-1.0	-1.0	-1.0	-1.0	-1.0	-1.0	-1.0	60	60	1	1	0	289	4234344	940	371	568	170	422.83	0	-0.00	-0.00	0.00	0.00
11	11	ÄÐ	0	10.00	1	0	1	1	0	0	5.00	5	0.0	0.0	0.0	0.0	0.0	-1.0	-1.0	-1.0	-1.0	-1.0	-1.0	-1.0	60	60	1	1	0	290	4234384	940	371	568	170	422.83	0	-0.00	-0.00	0.00	0.00
11	11	ÄÐ	0	10.00	1	0	1	1	0	0	5.00	5	0.0	0.0	0.0	0.0	0.0	-1.0	-1.0	-1.0	-1.0	-1.0	-1.0	-1.0	60	60	1	1	0	291	4234424	940	371	568	170	422.83	0	-0.00	-0.00	0.00	0.00
11	11	ÄÐ	0	10.00	1	0	1	1	0	0	5.00	5	0.0	0.0	0.0	0.0	0.0	-1.0	-1.0	-1.0	-1.0	-1.0	-1.0	-1.0	60	60	1	1	0	292	4234464	940	371	568	170	422.83	0	-0.00	-0.00	0.00	0.00
11	11	ÄÐ	0	10.00	1	0	1	1	0	0	5.00	5	0.0	0.0	0.0	0.0	0.0	-1.0	-1.0	-1.0	-1.0	-1.0	-1.0	-1.0	60	60	1	1	0	293	4234504	940	371	568	170	422.83	0	-0.00	-0.00	0.00	0.00
11	11	ÄÐ	0	10.00	1	0	1	1	0	0	5.00	5	0.0	0.0	0.0	0.0	0.0	-1.0	-1.0	-1.0	-1.0	-1.0	-1.0	-1.0	60	60	1	1	0	294	4234544	940	371	568	170	422.83	0	-0.00	-0.00	0.00	0.00
11	11	ÄÐ	0	10.00	1	0	1	1	0	0	5.00	5	0.0	0.0	0.0	0.0	0.0	-1.0	-1.0	-1.0	-1.0	-1.0	-1.0	-1.0	60	60	1	1	0	295	4234584	940	371	568	170	422.83	0	-0.00	-0.00	0.00	0.00
11	11	ÄÐ	0	10.00	1	0	1	1	0	0	5.00	5	0.0	0.0	0.0	0.0	0.0	-1.0	-1.0	-1.0	-1.0	-1.0	-1.0	-1.0	60	60	1	1	0	296	4234624	940	371	568	170	422.83	0	-0.00	-0.00	0.00	0.00
11	11	ÄÐ	0	10.00	1	0	1	1	0	0	5.00	5	0.0	0.0	0.0	0.0	0.0	-1.0	-1.0	-1.0	-1.0	-1.0	-1.0	-1.0	60	60	1	1	0	297	4234664	940	371	568	170	422.83	0	-0.00	-0.00	0.00	0.00
11	11	ÄÐ	0	10.00	1	0	1	1	0	0	5.00	5	0.0	0.0	0.0	0.0	0.0	-1.0	-1.0	-1.0	-1.0	-1.0	-1.0	-1.0	60	60	1	1	0	298	4234704	940	371	568	170	422.83	0	-0.00	-0.00	0.00	0.00
11	11	ÄÐ	0	10.00	1	0	1	1	0	0	5.00	5	0.0	0.0	0.0	0.0	0.0	-1.0	-1.0	-1.0	-1.0	-1.0	-1.0	-1.0	60	60	1	1	0	299	4234744	940	371	568	170	422.83	0	-0.00	-0.00	0.00	0.00
11	11	ÄÐ	0	10.00	1	0	1	1	0	0	5.00	5	0.0	0.0	0.0	0.0	0.0	-1.0	-1.0	-1.0	-1.0	-1.0	-1.0	-1.0	60	60	1	1	0	300	4234784	940	371	568	170	422.83	0	-0.00	-0.00	0.00	0.00
11	11	ÄÐ	0	10.00	1	0	1	1	0	0	5.00	5	0.0	0.0	0.0	0.0	0.0	-1.0	-1.0	-1.0	-1.0	-1.0	-1.0	-1.0	60	60	1	1	0	301	4234824	940	371	568	170	422.83	0	-0.00	-0.00	0.00	0.00
11	11	ÄÐ	0	10.00	1	0	1	1	0	0	5.00	5	0.0	0.0	0.0	0.0	0.0	-1.0	-1.0	-1.0	-1.0	-1.0	-1.0	-1.0	60	60	1	1	0	302	4234864	940	371	568	170	422.83	0	-0.00	-0.00	0.00	0.00
11	11	ÄÐ	0	10.00	1	0	1	1	0	0	5.00	5	0.0	0.0	0.0	0.0	0.0	-1.0	-1.0	-1.0	-1.0	-1.0	-1.0	-1.0	60	60	1	1	0	303	4234904	940	371	568	170	422.83	0	-0.00	-0.00	0.00	0.00
11	11	ÄÐ	0	10.00	1	0	1	1	0	0	5.00	5	0.0	0.0	0.0	0.0	0.0	-1.0	-1.0	-1.0	-1.0	-1.0	-1.0	-1.0	60	60	1	1	0	304	4234944	940	371	568	170	422.83	0	-0.00	-0.00	0.00	0.00
11	11	ÄÐ	0	10.00	1	0	1	1	0	0	5.00	5	0.0	0.0	0.0	0.0	0.0	-1.0	-1.0	-1.0	-1.0	-1.0	-1.0	-1.0	60	60	1	1	0	305	4234984	940	371	568	170	422.83	0	-0.00	-0.00	0.00	0.00
11	11	ÄÐ	0	10.00	1	0	1	1	0	0	5.00	5	0.0	0.0	0.0	0.0	0.0	-1.0	-1.0	-1.0	-1.0	-1.0	-1.0	-1.0	60	60	1	1	0	306	4235024	940	371	568	170	422.83	0	-0.00	-0.00	0.00	0.00
11	11	ÄÐ	0	10.00	1	0	1	1	0	0	5.00	5	0.0	0.0	0.0	0.0	0.0	-1.0	-1.0	-1.0	-1.0	-1.0	-1.0	-1.0	60	60	1	1	0	307	4235064	940	371	568	170	422.83	0	-0.00	-0.00	0.00	0.00
11	11	ÄÐ	0	10.00	1	0	1	1	0	0	5.00	5	0.0	0.0	0.0	0.0	0.0	-1.0	-1.0	-1.0	-1.0	-1.0	-1.0	-1.0	60	60	1	1	0	308	4235104	940	371	568	170	422.83	0	-0.00	-0.00	0.00	0.00
11	11	ÄÐ	0	10.00	1	0	1	1	0	0	5.00	5	0.0	0.0	0.0	0.0	0.0	-1.0	-1.0	-1.0	-1.0	-1.0	-1.0	-1.0	60	60	1	1	0	309	4235144	940	371	568	170	422.83	0	-0.00	-0.00	0.00	0.00
11	11	ÄÐ	0	10.00	1	0	1	1	0	0	5.00	5	0.0	0.0	0.0	0.0	0.0	-1.0	-1.0	-1.0	-1.0	-1.0	-1.0	-1.0	60	60	1	1	0	310	4235184	940	371	568	170	422.83	0	-0.00	-0.00	0.00	0.00
11	11	ÄÐ	0	10.00	1	0	1	1	0	0	5.00	5	0.0	0.0	0.0	0.0	0.0	-1.0	-1.0	-1.0	-1.0	-1.0	-1.0	-1.0	60	60	1	1	0	311	4235224	940	371	568	170	422.83	0	-0.00	-0.00	0.00	0.00
11	11	ÄÐ	0	10.00	1	0	1	1	0	0	5.00	5	0.0	0.0	0.0	0.0	0.0	-1.0	-1.0	-1.0	-1.0	-1.0	-1.0	-1.0	60	60	1	1	0	312	4235264	940	371	568	170	422.83	0	-0.00	-0.00	0.00	0.00
11	11	ÄÐ	0	10.00	1	0	1	1	0	0	5.00	5	0.0	0.0	0.0	0.0	0.0	-1.0	-1.0	-1.0	-1.0	-1.0	-1.0	-1.0	60	60	1	1	0	313	4235304	940	371	568	170	422.83	0	-0.00	-0.00	0.00	0.00
11	11	ÄÐ	0	10.00	1	0	1	1	0	0	5.00	5	0.0	0.0	0.0	0.0	0.0	-1.0	-1.0	-1.0	-1.0	-1.0	-1.0	-1.0	60	60	1	1	0	314	4235344	940	371	568	170	422.83	0	-0.00	-0.00	0.00	0.00
11	11	ÄÐ	0	10.00	1	0	1	1	0	0	5.00	5	0.0	0.0	0.0	0.0	0.0	-1.0	-1.0	-1.0	-1.0	-1.0	-1.0	-1.0	60	60	1	1	0	315	4235384	940	371	568	170	422.83	0	-0.00	-0.00	0.00	0.00
11	11	ÄÐ	0	10.00	1	0	1	1	0	0	5.00	5	0.0	0.0	0.0	0.0	0.0	-1.0	-1.0	-1.0	-1.0	-1.0	-1.0	-1.0	60	60	1	1	0	316	4235424	940	371	568	170	422.83	0	-0.00	-0.00	0.00	0.00
11	11	ÄÐ	0	10.00	1	0	1	1	0	0	5.00	5	0.0	0.0	0.0	0.0	0.0	-1.0	-1.0	-1.0	-1.0	-1.0	-1.0	-1.0	60	60	1	1	0	317	4235464	940	371	568	170	422.83	0	-0.00	-0.00	0.00	0.00
11	11	ÄÐ	0	10.00	1	0	1	1	0	0	5.00	5	0.0	0.0	0.0	0.0	0.0	-1.0	-1.0	-1.0	-1.0	-1.0	-1.0	-1.0	60	60	1	1	0	318	4235504	940	371	568	170	422.83	0	-0.00	-0.00	0.00	0.00
11	11	ÄÐ	0	10.00	1	0	1	1	0	0	5.00	5	0.0	0.0	0.0	0.0	0.0	-1.0	-1.0	-1.0	-1.0	-1.0	-1.0	-1.0	60	60	1	1	0	319	4235544	940	371	568	170	422.83	0	-0.00	-0.00	0.00	0.00
11	11	ÄÐ	0	10.00	1	0	1	1	0	0	5.00	5	0.0	0.0	0.0	0.0	0.0	-1.0	-1.0	-1.0	-1.0	-1.0	-1.0	-1.0	60	60	1	1	0	320	4235584	940	371	568	170	422.83	0	-0.00	-0.00	0.00	0.00
11	11	ÄÐ	0	10.00	1	0	1	1	0	0	5.00	5	0.0	0.0	0.0	0.0	0.0	-1.0	-1.0	-1.0	-1.0	-1.0	-1.0	-1.0	60	60	1	1	0	321	4235624	940	371	568	170	422.83	0	-0.00	-0.00	0.00	0.00
11	11	ÄÐ	0	10.00	1	0	1	1	0	0	5.00	5	0.0	0.0	0.0	0.0	0.0	-1.0	-1.0	-1.0	-1.0	-1.0	-1.0	-1.0	60	60	1	1	0	322	4235664	940	371	568	170	422.83	0	-0.00	-0.00	0.00	0.00
11	11	ÄÐ	0	10.00	1	0	1	1	0	0	5.00	5	0.0	0.0	0.0	0.0	0.0	-1.0	-1.0	-1.0	-1.0	-1.0	-1.0	-1.0	60	60	1	1	0	323	4235704	940	371	568	170	422.83	0	-0.00	-0.00	0.00	0.00
11	11	ÄÐ	0	10.00	1	0	1	1	0	0	5.00	5	0.0	0.0	0.0	0.0	0.0	-1.0	-1.0	-1.0	-1.0	-1.0	-1.0	-1.0	60	60	1	1	0	324	4235744	940	371	568	170	422.83	0	-0.00	-0.00	0.00	0.00
11	11	ÄÐ	0	10.00	1	0	1	1	0	0	5.00	5	0.0	0.0	0.0	0.0	0.0	-1.0	-1.0	-1.0	-1.0	-1.0	-1.0	-1.0	60	60	1	1	0	325	4235784	940	371	568	170	422.83	0	-0.00	-0.00	0.00	0.00
11	11	ÄÐ	0	10.00	1	0	1	1	0	0	5.00	5	0.0	0.0	0.0	0.0	0.0	-1.0	-1.0	-1.0	-1.0	-1.0	-1.0	-1.0	60	60	1	1	0	326	4235824	940	371	568	170	422.83	0	-0.00	-0.00	0.00	0.00
