ID	Name	Sex	Session	DistanceError	PracMode	ExperMode	MainTask	SubTask	Background	Direction	InitSpeed	HoldTimeNum	HoldTime1	HoldTime2	HoldTime3	HoldTime4	HoldTime5	HoldTime6	HoldTime7	HoldTime8	HoldTime9	HoldTime10	HoldTime11	HoldTime12	PracTime	ExperTime	PracTimes	ExperTimes	Pra_Test	PointNum	PointTime	ObjPointX	ObjPointY	PostPointX	PostPointY	Distance	Hit	ObjSpeedX	ObjSpeedY	PostSpeedX	PostSpeedY
11	11	ÄÐ	0	10.00	1	0	1	1	0	0	50.00	4	3.0	6.0	9.0	12.0	-1.0	-1.0	-1.0	-1.0	-1.0	-1.0	-1.0	-1.0	60	60	1	1	0	1	2529317	795	371	495	371	18687.43	0	100.00	0.00	0.00	-200.00
11	11	ÄÐ	0	10.00	1	0	1	1	0	0	50.00	4	3.0	6.0	9.0	12.0	-1.0	-1.0	-1.0	-1.0	-1.0	-1.0	-1.0	-1.0	60	60	1	1	0	2	2529357	795	371	495	362	300.13	0	-0.00	-100.00	200.00	-200.00
11	11	ÄÐ	0	10.00	1	0	1	1	0	0	50.00	4	3.0	6.0	9.0	12.0	-1.0	-1.0	-1.0	-1.0	-1.0	-1.0	-1.0	-1.0	60	60	1	1	0	3	2529397	794	367	503	354	291.29	0	-1.33	-99.99	200.00	-200.00
11	11	ÄÐ	0	10.00	1	0	1	1	0	0	50.00	4	3.0	6.0	9.0	12.0	-1.0	-1.0	-1.0	-1.0	-1.0	-1.0	-1.0	-1.0	60	60	1	1	0	4	2529437	794	363	511	346	283.51	0	-2.67	-99.96	200.00	-200.00
11	11	ÄÐ	0	10.00	1	0	1	1	0	0	50.00	4	3.0	6.0	9.0	12.0	-1.0	-1.0	-1.0	-1.0	-1.0	-1.0	-1.0	-1.0	60	60	1	1	0	5	2529477	794	358	519	338	275.73	0	-4.00	-99.92	200.00	-200.00
11	11	ÄÐ	0	10.00	1	0	1	1	0	0	50.00	4	3.0	6.0	9.0	12.0	-1.0	-1.0	-1.0	-1.0	-1.0	-1.0	-1.0	-1.0	60	60	1	1	0	6	2529517	794	355	527	330	268.17	0	-5.33	-99.86	200.00	-200.00
11	11	ÄÐ	0	10.00	1	0	1	1	0	0	50.00	4	3.0	6.0	9.0	12.0	-1.0	-1.0	-1.0	-1.0	-1.0	-1.0	-1.0	-1.0	60	60	1	1	0	7	2529557	794	351	535	322	260.62	0	-6.66	-99.78	200.00	-200.00
11	11	ÄÐ	0	10.00	1	0	1	1	0	0	50.00	4	3.0	6.0	9.0	12.0	-1.0	-1.0	-1.0	-1.0	-1.0	-1.0	-1.0	-1.0	60	60	1	1	0	8	2529597	794	347	543	314	253.16	0	-7.99	-99.68	200.00	0.00
11	11	ÄÐ	0	10.00	1	0	1	1	0	0	50.00	4	3.0	6.0	9.0	12.0	-1.0	-1.0	-1.0	-1.0	-1.0	-1.0	-1.0	-1.0	60	60	1	1	0	9	2529637	793	343	551	314	243.73	0	-9.32	-99.56	0.00	0.00
11	11	ÄÐ	0	10.00	1	0	1	1	0	0	50.00	4	3.0	6.0	9.0	12.0	-1.0	-1.0	-1.0	-1.0	-1.0	-1.0	-1.0	-1.0	60	60	1	1	0	10	2529677	793	339	551	314	243.29	0	-10.65	-99.43	0.00	0.00
11	11	ÄÐ	0	10.00	1	0	1	1	0	0	50.00	4	3.0	6.0	9.0	12.0	-1.0	-1.0	-1.0	-1.0	-1.0	-1.0	-1.0	-1.0	60	60	1	1	0	11	2529717	792	335	551	314	241.91	0	-11.98	-99.28	0.00	0.00
11	11	ÄÐ	0	10.00	1	0	1	1	0	0	50.00	4	3.0	6.0	9.0	12.0	-1.0	-1.0	-1.0	-1.0	-1.0	-1.0	-1.0	-1.0	60	60	1	1	0	12	2529757	792	331	551	314	241.60	0	-13.30	-99.11	0.00	0.00
11	11	ÄÐ	0	10.00	1	0	1	1	0	0	50.00	4	3.0	6.0	9.0	12.0	-1.0	-1.0	-1.0	-1.0	-1.0	-1.0	-1.0	-1.0	60	60	1	1	0	13	2529797	791	327	551	314	240.35	0	-14.62	-98.93	0.00	0.00
11	11	ÄÐ	0	10.00	1	0	1	1	0	0	50.00	4	3.0	6.0	9.0	12.0	-1.0	-1.0	-1.0	-1.0	-1.0	-1.0	-1.0	-1.0	60	60	1	1	0	14	2529837	791	323	551	314	240.17	0	-15.94	-98.72	0.00	0.00
11	11	ÄÐ	0	10.00	1	0	1	1	0	0	50.00	4	3.0	6.0	9.0	12.0	-1.0	-1.0	-1.0	-1.0	-1.0	-1.0	-1.0	-1.0	60	60	1	1	0	15	2529877	790	319	551	314	239.05	0	-17.25	-98.50	0.00	0.00
11	11	ÄÐ	0	10.00	1	0	1	1	0	0	50.00	4	3.0	6.0	9.0	12.0	-1.0	-1.0	-1.0	-1.0	-1.0	-1.0	-1.0	-1.0	60	60	1	1	0	16	2529917	789	315	551	314	238.00	0	-18.56	-98.26	0.00	0.00
11	11	ÄÐ	0	10.00	1	0	1	1	0	0	50.00	4	3.0	6.0	9.0	12.0	-1.0	-1.0	-1.0	-1.0	-1.0	-1.0	-1.0	-1.0	60	60	1	1	0	17	2529957	789	311	551	314	238.02	0	-19.87	-98.01	0.00	0.00
11	11	ÄÐ	0	10.00	1	0	1	1	0	0	50.00	4	3.0	6.0	9.0	12.0	-1.0	-1.0	-1.0	-1.0	-1.0	-1.0	-1.0	-1.0	60	60	1	1	0	18	2529997	788	307	551	314	237.10	0	-21.18	-97.73	0.00	0.00
11	11	ÄÐ	0	10.00	1	0	1	1	0	0	50.00	4	3.0	6.0	9.0	12.0	-1.0	-1.0	-1.0	-1.0	-1.0	-1.0	-1.0	-1.0	60	60	1	1	0	19	2530037	787	303	551	314	236.26	0	-22.48	-97.44	0.00	0.00
11	11	ÄÐ	0	10.00	1	0	1	1	0	0	50.00	4	3.0	6.0	9.0	12.0	-1.0	-1.0	-1.0	-1.0	-1.0	-1.0	-1.0	-1.0	60	60	1	1	0	20	2530077	786	299	551	314	235.48	0	-23.78	-97.13	0.00	0.00
11	11	ÄÐ	0	10.00	1	0	1	1	0	0	50.00	4	3.0	6.0	9.0	12.0	-1.0	-1.0	-1.0	-1.0	-1.0	-1.0	-1.0	-1.0	60	60	1	1	0	21	2530117	785	295	551	314	234.77	0	-25.07	-96.81	200.00	0.00
11	11	ÄÐ	0	10.00	1	0	1	1	0	0	50.00	4	3.0	6.0	9.0	12.0	-1.0	-1.0	-1.0	-1.0	-1.0	-1.0	-1.0	-1.0	60	60	1	1	0	22	2530157	784	291	559	314	226.17	0	-26.36	-96.46	200.00	-200.00
11	11	ÄÐ	0	10.00	1	0	1	1	0	0	50.00	4	3.0	6.0	9.0	12.0	-1.0	-1.0	-1.0	-1.0	-1.0	-1.0	-1.0	-1.0	60	60	1	1	0	23	2530197	783	288	567	306	216.75	0	-27.65	-96.10	200.00	-200.00
11	11	ÄÐ	0	10.00	1	0	1	1	0	0	50.00	4	3.0	6.0	9.0	12.0	-1.0	-1.0	-1.0	-1.0	-1.0	-1.0	-1.0	-1.0	60	60	1	1	0	24	2530237	782	284	575	298	207.47	0	-28.93	-95.73	200.00	-200.00
11	11	ÄÐ	0	10.00	1	0	1	1	0	0	50.00	4	3.0	6.0	9.0	12.0	-1.0	-1.0	-1.0	-1.0	-1.0	-1.0	-1.0	-1.0	60	60	1	1	0	25	2530277	780	280	583	290	197.25	0	-30.20	-95.33	200.00	-200.00
11	11	ÄÐ	0	10.00	1	0	1	1	0	0	50.00	4	3.0	6.0	9.0	12.0	-1.0	-1.0	-1.0	-1.0	-1.0	-1.0	-1.0	-1.0	60	60	1	1	0	26	2530317	779	276	591	282	188.10	0	-31.47	-94.92	200.00	-200.00
11	11	ÄÐ	0	10.00	1	0	1	1	0	0	50.00	4	3.0	6.0	9.0	12.0	-1.0	-1.0	-1.0	-1.0	-1.0	-1.0	-1.0	-1.0	60	60	1	1	0	27	2530357	778	272	599	274	179.01	0	-32.73	-94.49	200.00	-200.00
11	11	ÄÐ	0	10.00	1	0	1	1	0	0	50.00	4	3.0	6.0	9.0	12.0	-1.0	-1.0	-1.0	-1.0	-1.0	-1.0	-1.0	-1.0	60	60	1	1	0	28	2530397	777	269	607	266	170.03	0	-33.99	-94.05	200.00	-200.00
11	11	ÄÐ	0	10.00	1	0	1	1	0	0	50.00	4	3.0	6.0	9.0	12.0	-1.0	-1.0	-1.0	-1.0	-1.0	-1.0	-1.0	-1.0	60	60	1	1	0	29	2530437	775	265	615	258	160.15	0	-35.24	-93.59	200.00	-200.00
11	11	ÄÐ	0	10.00	1	0	1	1	0	0	50.00	4	3.0	6.0	9.0	12.0	-1.0	-1.0	-1.0	-1.0	-1.0	-1.0	-1.0	-1.0	60	60	1	1	0	30	2530477	774	261	623	250	151.40	0	-36.48	-93.11	200.00	-200.00
11	11	ÄÐ	0	10.00	1	0	1	1	0	0	50.00	4	3.0	6.0	9.0	12.0	-1.0	-1.0	-1.0	-1.0	-1.0	-1.0	-1.0	-1.0	60	60	1	1	0	31	2530517	772	257	631	242	141.80	0	-37.72	-92.61	200.00	0.00
11	11	ÄÐ	0	10.00	1	0	1	1	0	0	50.00	4	3.0	6.0	9.0	12.0	-1.0	-1.0	-1.0	-1.0	-1.0	-1.0	-1.0	-1.0	60	60	1	1	0	32	2530557	771	254	639	242	132.54	0	-38.95	-92.10	0.00	0.00
11	11	ÄÐ	0	10.00	1	0	1	1	0	0	50.00	4	3.0	6.0	9.0	12.0	-1.0	-1.0	-1.0	-1.0	-1.0	-1.0	-1.0	-1.0	60	60	1	1	0	33	2530597	769	250	639	242	130.25	0	-40.18	-91.57	0.00	0.00
11	11	ÄÐ	0	10.00	1	0	1	1	0	0	50.00	4	3.0	6.0	9.0	12.0	-1.0	-1.0	-1.0	-1.0	-1.0	-1.0	-1.0	-1.0	60	60	1	1	0	34	2530637	768	246	639	242	129.06	0	-41.39	-91.03	0.00	0.00
11	11	ÄÐ	0	10.00	1	0	1	1	0	0	50.00	4	3.0	6.0	9.0	12.0	-1.0	-1.0	-1.0	-1.0	-1.0	-1.0	-1.0	-1.0	60	60	1	1	0	35	2530677	766	243	639	242	127.00	0	-42.60	-90.47	0.00	0.00
11	11	ÄÐ	0	10.00	1	0	1	1	0	0	50.00	4	3.0	6.0	9.0	12.0	-1.0	-1.0	-1.0	-1.0	-1.0	-1.0	-1.0	-1.0	60	60	1	1	0	36	2530717	764	239	639	242	125.04	0	-43.81	-89.89	0.00	0.00
11	11	ÄÐ	0	10.00	1	0	1	1	0	0	50.00	4	3.0	6.0	9.0	12.0	-1.0	-1.0	-1.0	-1.0	-1.0	-1.0	-1.0	-1.0	60	60	1	1	0	37	2530757	762	235	639	242	123.20	0	-45.00	-89.30	0.00	0.00
11	11	ÄÐ	0	10.00	1	0	1	1	0	0	50.00	4	3.0	6.0	9.0	12.0	-1.0	-1.0	-1.0	-1.0	-1.0	-1.0	-1.0	-1.0	60	60	1	1	0	38	2530797	761	232	639	242	122.41	0	-46.19	-88.69	0.00	0.00
11	11	ÄÐ	0	10.00	1	0	1	1	0	0	50.00	4	3.0	6.0	9.0	12.0	-1.0	-1.0	-1.0	-1.0	-1.0	-1.0	-1.0	-1.0	60	60	1	1	0	39	2530837	759	228	639	242	120.81	0	-47.37	-88.07	0.00	0.00
11	11	ÄÐ	0	10.00	1	0	1	1	0	0	50.00	4	3.0	6.0	9.0	12.0	-1.0	-1.0	-1.0	-1.0	-1.0	-1.0	-1.0	-1.0	60	60	1	1	0	40	2530877	757	225	639	242	119.22	0	-48.54	-87.43	0.00	0.00
11	11	ÄÐ	0	10.00	1	0	1	1	0	0	50.00	4	3.0	6.0	9.0	12.0	-1.0	-1.0	-1.0	-1.0	-1.0	-1.0	-1.0	-1.0	60	60	1	1	0	41	2530917	755	221	639	242	117.89	0	-49.70	-86.78	0.00	0.00
11	11	ÄÐ	0	10.00	1	0	1	1	0	0	50.00	4	3.0	6.0	9.0	12.0	-1.0	-1.0	-1.0	-1.0	-1.0	-1.0	-1.0	-1.0	60	60	1	1	0	42	2530957	753	218	639	242	116.50	0	-50.85	-86.11	0.00	0.00
11	11	ÄÐ	0	10.00	1	0	1	1	0	0	50.00	4	3.0	6.0	9.0	12.0	-1.0	-1.0	-1.0	-1.0	-1.0	-1.0	-1.0	-1.0	60	60	1	1	0	43	2530997	751	215	639	242	115.21	0	-51.99	-85.42	0.00	0.00
11	11	ÄÐ	0	10.00	1	0	1	1	0	0	50.00	4	3.0	6.0	9.0	12.0	-1.0	-1.0	-1.0	-1.0	-1.0	-1.0	-1.0	-1.0	60	60	1	1	0	44	2531037	749	211	639	242	114.28	0	-53.13	-84.72	0.00	0.00
11	11	ÄÐ	0	10.00	1	0	1	1	0	0	50.00	4	3.0	6.0	9.0	12.0	-1.0	-1.0	-1.0	-1.0	-1.0	-1.0	-1.0	-1.0	60	60	1	1	0	45	2531077	747	208	639	242	113.23	0	-54.25	-84.00	0.00	0.00
11	11	ÄÐ	0	10.00	1	0	1	1	0	0	50.00	4	3.0	6.0	9.0	12.0	-1.0	-1.0	-1.0	-1.0	-1.0	-1.0	-1.0	-1.0	60	60	1	1	0	46	2531117	744	204	639	242	111.66	0	-55.37	-83.27	-200.00	0.00
11	11	ÄÐ	0	10.00	1	0	1	1	0	0	50.00	4	3.0	6.0	9.0	12.0	-1.0	-1.0	-1.0	-1.0	-1.0	-1.0	-1.0	-1.0	60	60	1	1	0	47	2531157	742	201	631	242	118.33	0	-56.47	-82.53	-200.00	0.00
11	11	ÄÐ	0	10.00	1	0	1	1	0	0	50.00	4	3.0	6.0	9.0	12.0	-1.0	-1.0	-1.0	-1.0	-1.0	-1.0	-1.0	-1.0	60	60	1	1	0	48	2531197	740	198	623	242	125.00	0	-57.57	-81.77	-200.00	0.00
11	11	ÄÐ	0	10.00	1	0	1	1	0	0	50.00	4	3.0	6.0	9.0	12.0	-1.0	-1.0	-1.0	-1.0	-1.0	-1.0	-1.0	-1.0	60	60	1	1	0	49	2531237	737	195	615	242	130.74	0	-58.65	-80.99	-200.00	0.00
11	11	ÄÐ	0	10.00	1	0	1	1	0	0	50.00	4	3.0	6.0	9.0	12.0	-1.0	-1.0	-1.0	-1.0	-1.0	-1.0	-1.0	-1.0	60	60	1	1	0	50	2531277	735	191	607	242	137.79	0	-59.73	-80.20	-200.00	0.00
11	11	ÄÐ	0	10.00	1	0	1	1	0	0	50.00	4	3.0	6.0	9.0	12.0	-1.0	-1.0	-1.0	-1.0	-1.0	-1.0	-1.0	-1.0	60	60	1	1	0	51	2531317	733	188	599	242	144.47	0	-60.79	-79.40	-200.00	0.00
11	11	ÄÐ	0	10.00	1	0	1	1	0	0	50.00	4	3.0	6.0	9.0	12.0	-1.0	-1.0	-1.0	-1.0	-1.0	-1.0	-1.0	-1.0	60	60	1	1	0	52	2531357	730	185	591	242	150.23	0	-61.85	-78.58	-200.00	0.00
11	11	ÄÐ	0	10.00	1	0	1	1	0	0	50.00	4	3.0	6.0	9.0	12.0	-1.0	-1.0	-1.0	-1.0	-1.0	-1.0	-1.0	-1.0	60	60	1	1	0	53	2531397	728	182	583	242	156.92	0	-62.89	-77.75	-200.00	0.00
11	11	ÄÐ	0	10.00	1	0	1	1	0	0	50.00	4	3.0	6.0	9.0	12.0	-1.0	-1.0	-1.0	-1.0	-1.0	-1.0	-1.0	-1.0	60	60	1	1	0	54	2531437	725	179	575	242	162.69	0	-63.92	-76.90	-200.00	0.00
11	11	ÄÐ	0	10.00	1	0	1	1	0	0	50.00	4	3.0	6.0	9.0	12.0	-1.0	-1.0	-1.0	-1.0	-1.0	-1.0	-1.0	-1.0	60	60	1	1	0	55	2531477	723	176	567	242	169.39	0	-64.94	-76.05	-200.00	0.00
11	11	ÄÐ	0	10.00	1	0	1	1	0	0	50.00	4	3.0	6.0	9.0	12.0	-1.0	-1.0	-1.0	-1.0	-1.0	-1.0	-1.0	-1.0	60	60	1	1	0	56	2531517	720	173	559	242	175.16	0	-65.95	-75.17	-200.00	0.00
11	11	ÄÐ	0	10.00	1	0	1	1	0	0	50.00	4	3.0	6.0	9.0	12.0	-1.0	-1.0	-1.0	-1.0	-1.0	-1.0	-1.0	-1.0	60	60	1	1	0	57	2531557	717	170	551	242	180.94	0	-66.94	-74.29	-200.00	0.00
11	11	ÄÐ	0	10.00	1	0	1	1	0	0	50.00	4	3.0	6.0	9.0	12.0	-1.0	-1.0	-1.0	-1.0	-1.0	-1.0	-1.0	-1.0	60	60	1	1	0	58	2531597	715	167	543	242	187.64	0	-67.93	-73.39	-200.00	-200.00
11	11	ÄÐ	0	10.00	1	0	1	1	0	0	50.00	4	3.0	6.0	9.0	12.0	-1.0	-1.0	-1.0	-1.0	-1.0	-1.0	-1.0	-1.0	60	60	1	1	0	59	2531637	712	164	535	234	190.34	0	-68.90	-72.48	-200.00	-200.00
11	11	ÄÐ	0	10.00	1	0	1	1	0	0	50.00	4	3.0	6.0	9.0	12.0	-1.0	-1.0	-1.0	-1.0	-1.0	-1.0	-1.0	-1.0	60	60	1	1	0	60	2531677	709	161	527	226	193.26	0	-69.86	-71.55	-200.00	-200.00
11	11	ÄÐ	0	10.00	1	0	1	1	0	0	50.00	4	3.0	6.0	9.0	12.0	-1.0	-1.0	-1.0	-1.0	-1.0	-1.0	-1.0	-1.0	60	60	1	1	0	61	2531717	706	158	519	218	196.39	0	-70.81	-70.61	-200.00	-200.00
11	11	ÄÐ	0	10.00	1	0	1	1	0	0	50.00	4	3.0	6.0	9.0	12.0	-1.0	-1.0	-1.0	-1.0	-1.0	-1.0	-1.0	-1.0	60	60	1	1	0	62	2531757	703	155	511	210	199.72	0	-71.74	-69.66	-200.00	-200.00
11	11	ÄÐ	0	10.00	1	0	1	1	0	0	50.00	4	3.0	6.0	9.0	12.0	-1.0	-1.0	-1.0	-1.0	-1.0	-1.0	-1.0	-1.0	60	60	1	1	0	63	2531797	701	153	503	202	203.97	0	-72.67	-68.70	-200.00	-200.00
11	11	ÄÐ	0	10.00	1	0	1	1	0	0	50.00	4	3.0	6.0	9.0	12.0	-1.0	-1.0	-1.0	-1.0	-1.0	-1.0	-1.0	-1.0	60	60	1	1	0	64	2531837	698	150	495	194	207.71	0	-73.58	-67.72	-200.00	-200.00
11	11	ÄÐ	0	10.00	1	0	1	1	0	0	50.00	4	3.0	6.0	9.0	12.0	-1.0	-1.0	-1.0	-1.0	-1.0	-1.0	-1.0	-1.0	60	60	1	1	0	65	2531877	695	147	487	186	211.62	0	-74.47	-66.74	-200.00	-200.00
11	11	ÄÐ	0	10.00	1	0	1	1	0	0	50.00	4	3.0	6.0	9.0	12.0	-1.0	-1.0	-1.0	-1.0	-1.0	-1.0	-1.0	-1.0	60	60	1	1	0	66	2531917	692	144	479	178	215.70	0	-75.36	-65.74	-200.00	-200.00
11	11	ÄÐ	0	10.00	1	0	1	1	0	0	50.00	4	3.0	6.0	9.0	12.0	-1.0	-1.0	-1.0	-1.0	-1.0	-1.0	-1.0	-1.0	60	60	1	1	0	67	2531957	689	142	471	170	219.79	0	-76.23	-64.73	-200.00	0.00
11	11	ÄÐ	0	10.00	1	0	1	1	0	0	50.00	4	3.0	6.0	9.0	12.0	-1.0	-1.0	-1.0	-1.0	-1.0	-1.0	-1.0	-1.0	60	60	1	1	0	68	2531997	686	139	463	170	225.14	0	-77.08	-63.71	-200.00	0.00
11	11	ÄÐ	0	10.00	1	0	1	1	0	0	50.00	4	3.0	6.0	9.0	12.0	-1.0	-1.0	-1.0	-1.0	-1.0	-1.0	-1.0	-1.0	60	60	1	1	0	69	2532037	683	137	455	170	230.38	0	-77.92	-62.67	-200.00	0.00
11	11	ÄÐ	0	10.00	1	0	1	1	0	0	50.00	4	3.0	6.0	9.0	12.0	-1.0	-1.0	-1.0	-1.0	-1.0	-1.0	-1.0	-1.0	60	60	1	1	0	70	2532077	679	134	447	170	234.78	0	-78.75	-61.63	-200.00	0.00
11	11	ÄÐ	0	10.00	1	0	1	1	0	0	50.00	4	3.0	6.0	9.0	12.0	-1.0	-1.0	-1.0	-1.0	-1.0	-1.0	-1.0	-1.0	60	60	1	1	0	71	2532117	676	132	439	170	240.03	0	-79.57	-60.57	-200.00	0.00
11	11	ÄÐ	0	10.00	1	0	1	1	0	0	50.00	4	3.0	6.0	9.0	12.0	-1.0	-1.0	-1.0	-1.0	-1.0	-1.0	-1.0	-1.0	60	60	1	1	0	72	2532157	673	129	431	170	245.45	0	-80.37	-59.51	-200.00	0.00
11	11	ÄÐ	0	10.00	1	0	1	1	0	0	50.00	4	3.0	6.0	9.0	12.0	-1.0	-1.0	-1.0	-1.0	-1.0	-1.0	-1.0	-1.0	60	60	1	1	0	73	2532197	670	127	423	170	250.71	0	-81.15	-58.43	-200.00	0.00
11	11	ÄÐ	0	10.00	1	0	1	1	0	0	50.00	4	3.0	6.0	9.0	12.0	-1.0	-1.0	-1.0	-1.0	-1.0	-1.0	-1.0	-1.0	60	60	1	1	0	74	2532237	667	125	415	170	255.99	0	-81.93	-57.34	-200.00	0.00
11	11	ÄÐ	0	10.00	1	0	1	1	0	0	50.00	4	3.0	6.0	9.0	12.0	-1.0	-1.0	-1.0	-1.0	-1.0	-1.0	-1.0	-1.0	60	60	1	1	0	75	2532277	663	122	407	170	260.46	0	-82.68	-56.24	0.00	0.00
11	11	ÄÐ	0	10.00	1	0	1	1	0	0	50.00	4	3.0	6.0	9.0	12.0	-1.0	-1.0	-1.0	-1.0	-1.0	-1.0	-1.0	-1.0	60	60	1	1	0	76	2532317	660	120	407	170	257.89	0	-83.43	-55.14	0.00	0.00
11	11	ÄÐ	0	10.00	1	0	1	1	0	0	50.00	4	3.0	6.0	9.0	12.0	-1.0	-1.0	-1.0	-1.0	-1.0	-1.0	-1.0	-1.0	60	60	1	1	0	77	2532357	657	118	407	170	255.35	0	-84.15	-54.02	0.00	0.00
11	11	ÄÐ	0	10.00	1	0	1	1	0	0	50.00	4	3.0	6.0	9.0	12.0	-1.0	-1.0	-1.0	-1.0	-1.0	-1.0	-1.0	-1.0	60	60	1	1	0	78	2532397	653	116	407	170	251.86	0	-84.87	-52.89	0.00	0.00
11	11	ÄÐ	0	10.00	1	0	1	1	0	0	50.00	4	3.0	6.0	9.0	12.0	-1.0	-1.0	-1.0	-1.0	-1.0	-1.0	-1.0	-1.0	60	60	1	1	0	79	2532437	650	114	407	170	249.37	0	-85.56	-51.76	0.00	0.00
11	11	ÄÐ	0	10.00	1	0	1	1	0	0	50.00	4	3.0	6.0	9.0	12.0	-1.0	-1.0	-1.0	-1.0	-1.0	-1.0	-1.0	-1.0	60	60	1	1	0	80	2532477	646	112	407	170	245.94	0	-86.25	-50.61	0.00	0.00
11	11	ÄÐ	0	10.00	1	0	1	1	0	0	50.00	4	3.0	6.0	9.0	12.0	-1.0	-1.0	-1.0	-1.0	-1.0	-1.0	-1.0	-1.0	60	60	1	1	0	81	2532517	643	110	407	170	243.51	0	-86.91	-49.46	200.00	0.00
11	11	ÄÐ	0	10.00	1	0	1	1	0	0	50.00	4	3.0	6.0	9.0	12.0	-1.0	-1.0	-1.0	-1.0	-1.0	-1.0	-1.0	-1.0	60	60	1	1	0	82	2532557	639	108	415	170	232.42	0	-87.57	-48.29	200.00	0.00
11	11	ÄÐ	0	10.00	1	0	1	1	0	0	50.00	4	3.0	6.0	9.0	12.0	-1.0	-1.0	-1.0	-1.0	-1.0	-1.0	-1.0	-1.0	60	60	1	1	0	83	2532597	636	106	423	170	222.41	0	-88.20	-47.12	200.00	200.00
11	11	ÄÐ	0	10.00	1	0	1	1	0	0	50.00	4	3.0	6.0	9.0	12.0	-1.0	-1.0	-1.0	-1.0	-1.0	-1.0	-1.0	-1.0	60	60	1	1	0	84	2532637	632	104	431	178	214.19	0	-88.82	-45.94	200.00	200.00
11	11	ÄÐ	0	10.00	1	0	1	1	0	0	50.00	4	3.0	6.0	9.0	12.0	-1.0	-1.0	-1.0	-1.0	-1.0	-1.0	-1.0	-1.0	60	60	1	1	0	85	2532677	629	102	439	186	207.74	0	-89.43	-44.75	200.00	0.00
11	11	ÄÐ	0	10.00	1	0	1	1	0	0	50.00	4	3.0	6.0	9.0	12.0	-1.0	-1.0	-1.0	-1.0	-1.0	-1.0	-1.0	-1.0	60	60	1	1	0	86	2532717	625	100	447	186	197.69	0	-90.02	-43.55	0.00	0.00
11	11	ÄÐ	0	10.00	1	0	1	1	0	0	50.00	4	3.0	6.0	9.0	12.0	-1.0	-1.0	-1.0	-1.0	-1.0	-1.0	-1.0	-1.0	60	60	1	1	0	87	2532757	622	99	447	186	195.43	0	-90.59	-42.35	0.00	0.00
11	11	ÄÐ	0	10.00	1	0	1	1	0	0	50.00	4	3.0	6.0	9.0	12.0	-1.0	-1.0	-1.0	-1.0	-1.0	-1.0	-1.0	-1.0	60	60	1	1	0	88	2532797	618	97	447	186	192.77	0	-91.15	-41.14	0.00	0.00
11	11	ÄÐ	0	10.00	1	0	1	1	0	0	50.00	4	3.0	6.0	9.0	12.0	-1.0	-1.0	-1.0	-1.0	-1.0	-1.0	-1.0	-1.0	60	60	1	1	0	89	2532837	614	95	447	186	190.18	0	-91.69	-39.92	0.00	0.00
11	11	ÄÐ	0	10.00	1	0	1	1	0	0	50.00	4	3.0	6.0	9.0	12.0	-1.0	-1.0	-1.0	-1.0	-1.0	-1.0	-1.0	-1.0	60	60	1	1	0	90	2532877	611	94	447	186	188.04	0	-92.21	-38.69	0.00	0.00
11	11	ÄÐ	0	10.00	1	0	1	1	0	0	50.00	4	3.0	6.0	9.0	12.0	-1.0	-1.0	-1.0	-1.0	-1.0	-1.0	-1.0	-1.0	60	60	1	1	0	91	2532917	607	92	447	186	185.57	0	-92.72	-37.46	0.00	0.00
11	11	ÄÐ	0	10.00	1	0	1	1	0	0	50.00	4	3.0	6.0	9.0	12.0	-1.0	-1.0	-1.0	-1.0	-1.0	-1.0	-1.0	-1.0	60	60	1	1	0	92	2532957	603	91	447	186	182.65	0	-93.21	-36.22	0.00	0.00
11	11	ÄÐ	0	10.00	1	0	1	1	0	0	50.00	4	3.0	6.0	9.0	12.0	-1.0	-1.0	-1.0	-1.0	-1.0	-1.0	-1.0	-1.0	60	60	1	1	0	93	2532997	599	89	447	186	180.31	0	-93.69	-34.97	0.00	0.00
11	11	ÄÐ	0	10.00	1	0	1	1	0	0	50.00	4	3.0	6.0	9.0	12.0	-1.0	-1.0	-1.0	-1.0	-1.0	-1.0	-1.0	-1.0	60	60	1	1	0	94	2533037	596	88	447	186	178.34	0	-94.14	-33.72	0.00	-200.00
11	11	ÄÐ	0	10.00	1	0	1	1	0	0	50.00	4	3.0	6.0	9.0	12.0	-1.0	-1.0	-1.0	-1.0	-1.0	-1.0	-1.0	-1.0	60	60	1	1	0	95	2533077	592	87	447	178	171.19	0	-94.58	-32.46	-200.00	-200.00
11	11	ÄÐ	0	10.00	1	0	1	1	0	0	50.00	4	3.0	6.0	9.0	12.0	-1.0	-1.0	-1.0	-1.0	-1.0	-1.0	-1.0	-1.0	60	60	1	1	0	96	2533117	588	85	439	170	171.54	0	-95.01	-31.20	-200.00	-200.00
11	11	ÄÐ	0	10.00	1	0	1	1	0	0	50.00	4	3.0	6.0	9.0	12.0	-1.0	-1.0	-1.0	-1.0	-1.0	-1.0	-1.0	-1.0	60	60	1	1	0	97	2533157	584	84	431	162	171.74	0	-95.42	-29.93	-200.00	-200.00
11	11	ÄÐ	0	10.00	1	0	1	1	0	0	50.00	4	3.0	6.0	9.0	12.0	-1.0	-1.0	-1.0	-1.0	-1.0	-1.0	-1.0	-1.0	60	60	1	1	0	98	2533197	580	83	423	154	172.31	0	-95.81	-28.65	-200.00	-200.00
11	11	ÄÐ	0	10.00	1	0	1	1	0	0	50.00	4	3.0	6.0	9.0	12.0	-1.0	-1.0	-1.0	-1.0	-1.0	-1.0	-1.0	-1.0	60	60	1	1	0	99	2533237	577	82	415	146	174.18	0	-96.18	-27.37	-200.00	-200.00
11	11	ÄÐ	0	10.00	1	0	1	1	0	0	50.00	4	3.0	6.0	9.0	12.0	-1.0	-1.0	-1.0	-1.0	-1.0	-1.0	-1.0	-1.0	60	60	1	1	0	100	2533277	573	81	407	138	175.51	0	-96.54	-26.08	-200.00	-200.00
11	11	ÄÐ	0	10.00	1	0	1	1	0	0	50.00	4	3.0	6.0	9.0	12.0	-1.0	-1.0	-1.0	-1.0	-1.0	-1.0	-1.0	-1.0	60	60	1	1	0	101	2533317	569	80	399	130	177.20	0	-96.88	-24.80	-200.00	-200.00
11	11	ÄÐ	0	10.00	1	0	1	1	0	0	50.00	4	3.0	6.0	9.0	12.0	-1.0	-1.0	-1.0	-1.0	-1.0	-1.0	-1.0	-1.0	60	60	1	1	0	102	2533357	565	79	391	122	179.23	0	-97.20	-23.50	0.00	-200.00
11	11	ÄÐ	0	10.00	1	0	1	1	0	0	50.00	4	3.0	6.0	9.0	12.0	-1.0	-1.0	-1.0	-1.0	-1.0	-1.0	-1.0	-1.0	60	60	1	1	0	103	2533397	561	78	391	114	173.77	0	-97.50	-22.20	0.00	0.00
11	11	ÄÐ	0	10.00	1	0	1	1	0	0	50.00	4	3.0	6.0	9.0	12.0	-1.0	-1.0	-1.0	-1.0	-1.0	-1.0	-1.0	-1.0	60	60	1	1	0	104	2533437	557	77	391	114	170.07	0	-97.79	-20.89	0.00	0.00
11	11	ÄÐ	0	10.00	1	0	1	1	0	0	50.00	4	3.0	6.0	9.0	12.0	-1.0	-1.0	-1.0	-1.0	-1.0	-1.0	-1.0	-1.0	60	60	1	1	0	105	2533477	553	76	391	114	166.40	0	-98.06	-19.59	0.00	0.00
11	11	ÄÐ	0	10.00	1	0	1	1	0	0	50.00	4	3.0	6.0	9.0	12.0	-1.0	-1.0	-1.0	-1.0	-1.0	-1.0	-1.0	-1.0	60	60	1	1	0	106	2533517	549	76	391	114	162.51	0	-98.32	-18.28	0.00	0.00
11	11	ÄÐ	0	10.00	1	0	1	1	0	0	50.00	4	3.0	6.0	9.0	12.0	-1.0	-1.0	-1.0	-1.0	-1.0	-1.0	-1.0	-1.0	60	60	1	1	0	107	2533557	545	75	391	114	158.86	0	-98.55	-16.96	0.00	0.00
11	11	ÄÐ	0	10.00	1	0	1	1	0	0	50.00	4	3.0	6.0	9.0	12.0	-1.0	-1.0	-1.0	-1.0	-1.0	-1.0	-1.0	-1.0	60	60	1	1	0	108	2533597	541	74	391	114	155.24	0	-98.77	-15.65	0.00	0.00
11	11	ÄÐ	0	10.00	1	0	1	1	0	0	50.00	4	3.0	6.0	9.0	12.0	-1.0	-1.0	-1.0	-1.0	-1.0	-1.0	-1.0	-1.0	60	60	1	1	0	109	2533637	537	74	391	114	151.38	0	-98.97	-14.33	0.00	0.00
11	11	ÄÐ	0	10.00	1	0	1	1	0	0	50.00	4	3.0	6.0	9.0	12.0	-1.0	-1.0	-1.0	-1.0	-1.0	-1.0	-1.0	-1.0	60	60	1	1	0	110	2533677	534	73	391	114	148.76	0	-99.15	-13.01	0.00	0.00
11	11	ÄÐ	0	10.00	1	0	1	1	0	0	50.00	4	3.0	6.0	9.0	12.0	-1.0	-1.0	-1.0	-1.0	-1.0	-1.0	-1.0	-1.0	60	60	1	1	0	111	2533717	530	73	391	114	144.92	0	-99.31	-11.69	0.00	0.00
11	11	ÄÐ	0	10.00	1	0	1	1	0	0	50.00	4	3.0	6.0	9.0	12.0	-1.0	-1.0	-1.0	-1.0	-1.0	-1.0	-1.0	-1.0	60	60	1	1	0	112	2533757	526	72	391	114	141.38	0	-99.46	-10.36	0.00	0.00
11	11	ÄÐ	0	10.00	1	0	1	1	0	0	50.00	4	3.0	6.0	9.0	12.0	-1.0	-1.0	-1.0	-1.0	-1.0	-1.0	-1.0	-1.0	60	60	1	1	0	113	2533797	522	72	391	114	137.57	0	-99.59	-9.03	0.00	0.00
11	11	ÄÐ	0	10.00	1	0	1	1	0	0	50.00	4	3.0	6.0	9.0	12.0	-1.0	-1.0	-1.0	-1.0	-1.0	-1.0	-1.0	-1.0	60	60	1	1	0	114	2533837	518	71	391	114	134.08	0	-99.70	-7.71	0.00	0.00
11	11	ÄÐ	0	10.00	1	0	1	1	0	0	50.00	4	3.0	6.0	9.0	12.0	-1.0	-1.0	-1.0	-1.0	-1.0	-1.0	-1.0	-1.0	60	60	1	1	0	115	2533877	514	71	391	114	130.30	0	-99.80	-6.38	0.00	0.00
11	11	ÄÐ	0	10.00	1	0	1	1	0	0	50.00	4	3.0	6.0	9.0	12.0	-1.0	-1.0	-1.0	-1.0	-1.0	-1.0	-1.0	-1.0	60	60	1	1	0	116	2533917	510	71	391	114	126.53	0	-99.87	-5.04	0.00	0.00
11	11	ÄÐ	0	10.00	1	0	1	1	0	0	50.00	4	3.0	6.0	9.0	12.0	-1.0	-1.0	-1.0	-1.0	-1.0	-1.0	-1.0	-1.0	60	60	1	1	0	117	2533957	506	71	391	114	122.78	0	-99.93	-3.71	0.00	0.00
11	11	ÄÐ	0	10.00	1	0	1	1	0	0	50.00	4	3.0	6.0	9.0	12.0	-1.0	-1.0	-1.0	-1.0	-1.0	-1.0	-1.0	-1.0	60	60	1	1	0	118	2533997	502	71	391	114	119.04	0	-99.97	-2.38	0.00	0.00
11	11	ÄÐ	0	10.00	1	0	1	1	0	0	50.00	4	3.0	6.0	9.0	12.0	-1.0	-1.0	-1.0	-1.0	-1.0	-1.0	-1.0	-1.0	60	60	1	1	0	119	2534037	498	71	391	114	115.32	0	-99.99	-1.05	0.00	0.00
11	11	ÄÐ	0	10.00	1	0	1	1	0	0	50.00	4	3.0	6.0	9.0	12.0	-1.0	-1.0	-1.0	-1.0	-1.0	-1.0	-1.0	-1.0	60	60	1	1	0	120	2534077	494	71	391	114	111.62	0	-100.00	0.29	0.00	0.00
11	11	ÄÐ	0	10.00	1	0	1	1	0	0	50.00	4	3.0	6.0	9.0	12.0	-1.0	-1.0	-1.0	-1.0	-1.0	-1.0	-1.0	-1.0	60	60	1	1	0	121	2534117	490	71	391	114	107.94	0	-99.99	1.62	0.00	0.00
11	11	ÄÐ	0	10.00	1	0	1	1	0	0	50.00	4	3.0	6.0	9.0	12.0	-1.0	-1.0	-1.0	-1.0	-1.0	-1.0	-1.0	-1.0	60	60	1	1	0	122	2534157	486	71	391	114	104.28	0	-99.96	2.95	0.00	0.00
11	11	ÄÐ	0	10.00	1	0	1	1	0	0	50.00	4	3.0	6.0	9.0	12.0	-1.0	-1.0	-1.0	-1.0	-1.0	-1.0	-1.0	-1.0	60	60	1	1	0	123	2534197	482	71	391	114	100.65	0	-99.91	4.29	0.00	0.00
11	11	ÄÐ	0	10.00	1	0	1	1	0	0	50.00	4	3.0	6.0	9.0	12.0	-1.0	-1.0	-1.0	-1.0	-1.0	-1.0	-1.0	-1.0	60	60	1	1	0	124	2534237	478	71	391	114	97.05	0	-99.84	5.62	0.00	0.00
11	11	ÄÐ	0	10.00	1	0	1	1	0	0	50.00	4	3.0	6.0	9.0	12.0	-1.0	-1.0	-1.0	-1.0	-1.0	-1.0	-1.0	-1.0	60	60	1	1	0	125	2534277	474	71	391	114	93.48	0	-99.76	6.95	0.00	0.00
11	11	ÄÐ	0	10.00	1	0	1	1	0	0	50.00	4	3.0	6.0	9.0	12.0	-1.0	-1.0	-1.0	-1.0	-1.0	-1.0	-1.0	-1.0	60	60	1	1	0	126	2534317	470	72	391	114	89.47	0	-99.66	8.28	0.00	0.00
11	11	ÄÐ	0	10.00	1	0	1	1	0	0	50.00	4	3.0	6.0	9.0	12.0	-1.0	-1.0	-1.0	-1.0	-1.0	-1.0	-1.0	-1.0	60	60	1	1	0	127	2534357	466	72	391	114	85.96	0	-99.54	9.61	0.00	0.00
11	11	ÄÐ	0	10.00	1	0	1	1	0	0	50.00	4	3.0	6.0	9.0	12.0	-1.0	-1.0	-1.0	-1.0	-1.0	-1.0	-1.0	-1.0	60	60	1	1	0	128	2534397	462	72	391	114	82.49	0	-99.40	10.93	0.00	0.00
