ID	Name	Sex	Session	DistanceError	PracMode	ExperMode	MainTask	SubTask	Background	Direction	InitSpeed	HoldTimeNum	HoldTime1	HoldTime2	HoldTime3	HoldTime4	HoldTime5	HoldTime6	HoldTime7	HoldTime8	HoldTime9	HoldTime10	HoldTime11	HoldTime12	PracTime	ExperTime	PracTimes	ExperTimes	Pra_Test	PointNum	PointTime	ObjPointX	ObjPointY	PostPointX	PostPointY	Distance	Hit	ObjSpeedX	ObjSpeedY	PostSpeedX	PostSpeedY
11	11	ÄÐ	0	10.00	1	0	1	1	0	0	50.00	5	1.0	2.0	3.0	4.0	5.0	-1.0	-1.0	-1.0	-1.0	-1.0	-1.0	-1.0	60	60	1	1	0	1	14342378	812	384	640	512	18988.86	0	10.00	0.00	0.00	-100.00
11	11	ÄÐ	0	10.00	1	0	1	1	0	0	50.00	5	1.0	2.0	3.0	4.0	5.0	-1.0	-1.0	-1.0	-1.0	-1.0	-1.0	-1.0	60	60	1	1	0	2	14342418	812	384	640	507	211.45	0	-0.00	-10.00	0.00	-100.00
11	11	ÄÐ	0	10.00	1	0	1	1	0	0	50.00	5	1.0	2.0	3.0	4.0	5.0	-1.0	-1.0	-1.0	-1.0	-1.0	-1.0	-1.0	60	60	1	1	0	3	14342458	812	384	640	503	209.15	0	-0.00	-10.00	0.00	-100.00
11	11	ÄÐ	0	10.00	1	0	1	1	0	0	50.00	5	1.0	2.0	3.0	4.0	5.0	-1.0	-1.0	-1.0	-1.0	-1.0	-1.0	-1.0	60	60	1	1	0	4	14342498	812	384	640	499	206.90	0	-0.00	-10.00	0.00	-100.00
11	11	ÄÐ	0	10.00	1	0	1	1	0	0	50.00	5	1.0	2.0	3.0	4.0	5.0	-1.0	-1.0	-1.0	-1.0	-1.0	-1.0	-1.0	60	60	1	1	0	5	14342538	812	384	640	495	204.71	0	-0.00	-10.00	0.00	-100.00
11	11	ÄÐ	0	10.00	1	0	1	1	0	0	50.00	5	1.0	2.0	3.0	4.0	5.0	-1.0	-1.0	-1.0	-1.0	-1.0	-1.0	-1.0	60	60	1	1	0	6	14342578	812	384	640	491	202.57	0	-0.00	-10.00	0.00	-100.00
11	11	ÄÐ	0	10.00	1	0	1	1	0	0	50.00	5	1.0	2.0	3.0	4.0	5.0	-1.0	-1.0	-1.0	-1.0	-1.0	-1.0	-1.0	60	60	1	1	0	7	14342618	812	384	640	487	200.48	0	-0.00	-10.00	0.00	0.00
11	11	ÄÐ	0	10.00	1	0	1	1	0	0	50.00	5	1.0	2.0	3.0	4.0	5.0	-1.0	-1.0	-1.0	-1.0	-1.0	-1.0	-1.0	60	60	1	1	0	8	14342658	812	384	640	487	200.48	0	-0.00	-10.00	0.00	0.00
11	11	ÄÐ	0	10.00	1	0	1	1	0	0	50.00	5	1.0	2.0	3.0	4.0	5.0	-1.0	-1.0	-1.0	-1.0	-1.0	-1.0	-1.0	60	60	1	1	0	9	14342698	812	384	640	487	200.48	0	-0.00	-10.00	0.00	0.00
11	11	ÄÐ	0	10.00	1	0	1	1	0	0	50.00	5	1.0	2.0	3.0	4.0	5.0	-1.0	-1.0	-1.0	-1.0	-1.0	-1.0	-1.0	60	60	1	1	0	10	14342738	812	384	640	487	200.48	0	-0.00	-10.00	0.00	0.00
11	11	ÄÐ	0	10.00	1	0	1	1	0	0	50.00	5	1.0	2.0	3.0	4.0	5.0	-1.0	-1.0	-1.0	-1.0	-1.0	-1.0	-1.0	60	60	1	1	0	11	14342778	812	384	640	487	200.48	0	-0.00	-10.00	0.00	0.00
11	11	ÄÐ	0	10.00	1	0	1	1	0	0	50.00	5	1.0	2.0	3.0	4.0	5.0	-1.0	-1.0	-1.0	-1.0	-1.0	-1.0	-1.0	60	60	1	1	0	12	14342818	812	384	640	487	200.48	0	-0.00	-10.00	0.00	0.00
11	11	ÄÐ	0	10.00	1	0	1	1	0	0	50.00	5	1.0	2.0	3.0	4.0	5.0	-1.0	-1.0	-1.0	-1.0	-1.0	-1.0	-1.0	60	60	1	1	0	13	14342858	812	384	640	487	200.48	0	-0.00	-10.00	0.00	0.00
11	11	ÄÐ	0	10.00	1	0	1	1	0	0	50.00	5	1.0	2.0	3.0	4.0	5.0	-1.0	-1.0	-1.0	-1.0	-1.0	-1.0	-1.0	60	60	1	1	0	14	14342898	812	384	640	487	200.48	0	-0.00	-10.00	0.00	0.00
11	11	ÄÐ	0	10.00	1	0	1	1	0	0	50.00	5	1.0	2.0	3.0	4.0	5.0	-1.0	-1.0	-1.0	-1.0	-1.0	-1.0	-1.0	60	60	1	1	0	15	14342938	812	384	640	487	200.48	0	-0.00	-10.00	0.00	0.00
11	11	ÄÐ	0	10.00	1	0	1	1	0	0	50.00	5	1.0	2.0	3.0	4.0	5.0	-1.0	-1.0	-1.0	-1.0	-1.0	-1.0	-1.0	60	60	1	1	0	16	14342978	812	384	640	487	200.48	0	-0.00	-10.00	0.00	0.00
11	11	ÄÐ	0	10.00	1	0	1	1	0	0	50.00	5	1.0	2.0	3.0	4.0	5.0	-1.0	-1.0	-1.0	-1.0	-1.0	-1.0	-1.0	60	60	1	1	0	17	14343018	812	384	640	487	200.48	0	-0.00	-10.00	0.00	0.00
11	11	ÄÐ	0	10.00	1	0	1	1	0	0	50.00	5	1.0	2.0	3.0	4.0	5.0	-1.0	-1.0	-1.0	-1.0	-1.0	-1.0	-1.0	60	60	1	1	0	18	14343058	812	384	640	487	200.48	0	-0.00	-10.00	0.00	0.00
11	11	ÄÐ	0	10.00	1	0	1	1	0	0	50.00	5	1.0	2.0	3.0	4.0	5.0	-1.0	-1.0	-1.0	-1.0	-1.0	-1.0	-1.0	60	60	1	1	0	19	14343098	812	384	640	487	200.48	0	-0.00	-10.00	0.00	0.00
11	11	ÄÐ	0	10.00	1	0	1	1	0	0	50.00	5	1.0	2.0	3.0	4.0	5.0	-1.0	-1.0	-1.0	-1.0	-1.0	-1.0	-1.0	60	60	1	1	0	20	14343138	812	384	640	487	200.48	0	-0.00	-10.00	0.00	0.00
11	11	ÄÐ	0	10.00	1	0	1	1	0	0	50.00	5	1.0	2.0	3.0	4.0	5.0	-1.0	-1.0	-1.0	-1.0	-1.0	-1.0	-1.0	60	60	1	1	0	21	14343178	812	384	640	487	200.48	0	-0.00	-10.00	0.00	0.00
11	11	ÄÐ	0	10.00	1	0	1	1	0	0	50.00	5	1.0	2.0	3.0	4.0	5.0	-1.0	-1.0	-1.0	-1.0	-1.0	-1.0	-1.0	60	60	1	1	0	22	14343218	812	384	640	487	200.48	0	-0.00	-10.00	0.00	0.00
11	11	ÄÐ	0	10.00	1	0	1	1	0	0	50.00	5	1.0	2.0	3.0	4.0	5.0	-1.0	-1.0	-1.0	-1.0	-1.0	-1.0	-1.0	60	60	1	1	0	23	14343258	812	384	640	487	200.48	0	-0.00	-10.00	0.00	0.00
