ID	Name	Sex	Session	DistanceError	PracMode	ExperMode	MainTask	SubTask	Background	Direction	InitSpeed	HoldTimeNum	HoldTime1	HoldTime2	HoldTime3	HoldTime4	HoldTime5	HoldTime6	HoldTime7	HoldTime8	HoldTime9	HoldTime10	HoldTime11	HoldTime12	PracTime	ExperTime	PracTimes	ExperTimes	Pra_Test	PointNum	PointTime	ObjPointX	ObjPointY	PostPointX	PostPointY	Distance	Hit	ObjSpeedX	ObjSpeedY	PostSpeedX	PostSpeedY
11	11	ÄÐ	0	10.00	1	0	1	1	0	0	5.00	5	0.0	0.0	0.0	0.0	0.0	-1.0	-1.0	-1.0	-1.0	-1.0	-1.0	-1.0	60	60	1	1	0	1	4774830	940	371	640	371	18889.90	0	0.00	0.00	0.00	-200.00
11	11	ÄÐ	0	10.00	1	0	1	1	0	0	5.00	5	0.0	0.0	0.0	0.0	0.0	-1.0	-1.0	-1.0	-1.0	-1.0	-1.0	-1.0	60	60	1	1	0	2	4774870	940	371	640	363	300.11	0	-0.00	-0.00	0.00	-200.00
11	11	ÄÐ	0	10.00	1	0	1	1	0	0	5.00	5	0.0	0.0	0.0	0.0	0.0	-1.0	-1.0	-1.0	-1.0	-1.0	-1.0	-1.0	60	60	1	1	0	3	4774910	940	371	640	354	300.48	0	-0.00	-0.00	0.00	-200.00
11	11	ÄÐ	0	10.00	1	0	1	1	0	0	5.00	5	0.0	0.0	0.0	0.0	0.0	-1.0	-1.0	-1.0	-1.0	-1.0	-1.0	-1.0	60	60	1	1	0	4	4774950	940	371	640	346	301.04	0	-0.00	-0.00	0.00	-200.00
11	11	ÄÐ	0	10.00	1	0	1	1	0	0	5.00	5	0.0	0.0	0.0	0.0	0.0	-1.0	-1.0	-1.0	-1.0	-1.0	-1.0	-1.0	60	60	1	1	0	5	4774990	940	371	640	338	301.81	0	-0.00	-0.00	200.00	-200.00
11	11	ÄÐ	0	10.00	1	0	1	1	0	0	5.00	5	0.0	0.0	0.0	0.0	0.0	-1.0	-1.0	-1.0	-1.0	-1.0	-1.0	-1.0	60	60	1	1	0	6	4775030	940	371	648	330	294.86	0	-0.00	-0.00	200.00	-200.00
11	11	ÄÐ	0	10.00	1	0	1	1	0	0	5.00	5	0.0	0.0	0.0	0.0	0.0	-1.0	-1.0	-1.0	-1.0	-1.0	-1.0	-1.0	60	60	1	1	0	7	4775070	940	371	656	322	288.20	0	-0.00	-0.00	200.00	-200.00
11	11	ÄÐ	0	10.00	1	0	1	1	0	0	5.00	5	0.0	0.0	0.0	0.0	0.0	-1.0	-1.0	-1.0	-1.0	-1.0	-1.0	-1.0	60	60	1	1	0	8	4775110	940	371	664	314	281.82	0	-0.00	-0.00	200.00	-200.00
11	11	ÄÐ	0	10.00	1	0	1	1	0	0	5.00	5	0.0	0.0	0.0	0.0	0.0	-1.0	-1.0	-1.0	-1.0	-1.0	-1.0	-1.0	60	60	1	1	0	9	4775150	940	371	672	306	275.77	0	-0.00	-0.00	200.00	-200.00
11	11	ÄÐ	0	10.00	1	0	1	1	0	0	5.00	5	0.0	0.0	0.0	0.0	0.0	-1.0	-1.0	-1.0	-1.0	-1.0	-1.0	-1.0	60	60	1	1	0	10	4775190	940	371	680	298	270.05	0	-0.00	-0.00	200.00	0.00
11	11	ÄÐ	0	10.00	1	0	1	1	0	0	5.00	5	0.0	0.0	0.0	0.0	0.0	-1.0	-1.0	-1.0	-1.0	-1.0	-1.0	-1.0	60	60	1	1	0	11	4775230	940	371	688	298	262.36	0	-0.00	-0.00	0.00	0.00
11	11	ÄÐ	0	10.00	1	0	1	1	0	0	5.00	5	0.0	0.0	0.0	0.0	0.0	-1.0	-1.0	-1.0	-1.0	-1.0	-1.0	-1.0	60	60	1	1	0	12	4775270	940	371	688	298	262.36	0	-0.00	-0.00	0.00	0.00
11	11	ÄÐ	0	10.00	1	0	1	1	0	0	5.00	5	0.0	0.0	0.0	0.0	0.0	-1.0	-1.0	-1.0	-1.0	-1.0	-1.0	-1.0	60	60	1	1	0	13	4775310	940	371	688	298	262.36	0	-0.00	-0.00	0.00	0.00
11	11	ÄÐ	0	10.00	1	0	1	1	0	0	5.00	5	0.0	0.0	0.0	0.0	0.0	-1.0	-1.0	-1.0	-1.0	-1.0	-1.0	-1.0	60	60	1	1	0	14	4775350	940	371	688	298	262.36	0	-0.00	-0.00	0.00	0.00
11	11	ÄÐ	0	10.00	1	0	1	1	0	0	5.00	5	0.0	0.0	0.0	0.0	0.0	-1.0	-1.0	-1.0	-1.0	-1.0	-1.0	-1.0	60	60	1	1	0	15	4775390	940	371	688	298	262.36	0	-0.00	-0.00	0.00	0.00
11	11	ÄÐ	0	10.00	1	0	1	1	0	0	5.00	5	0.0	0.0	0.0	0.0	0.0	-1.0	-1.0	-1.0	-1.0	-1.0	-1.0	-1.0	60	60	1	1	0	16	4775430	940	371	688	298	262.36	0	-0.00	-0.00	-200.00	0.00
11	11	ÄÐ	0	10.00	1	0	1	1	0	0	5.00	5	0.0	0.0	0.0	0.0	0.0	-1.0	-1.0	-1.0	-1.0	-1.0	-1.0	-1.0	60	60	1	1	0	17	4775470	940	371	680	298	270.05	0	-0.00	-0.00	-200.00	0.00
11	11	ÄÐ	0	10.00	1	0	1	1	0	0	5.00	5	0.0	0.0	0.0	0.0	0.0	-1.0	-1.0	-1.0	-1.0	-1.0	-1.0	-1.0	60	60	1	1	0	18	4775510	940	371	672	298	277.76	0	-0.00	-0.00	-200.00	0.00
11	11	ÄÐ	0	10.00	1	0	1	1	0	0	5.00	5	0.0	0.0	0.0	0.0	0.0	-1.0	-1.0	-1.0	-1.0	-1.0	-1.0	-1.0	60	60	1	1	0	19	4775550	940	371	663	298	286.46	0	-0.00	-0.00	-200.00	0.00
11	11	ÄÐ	0	10.00	1	0	1	1	0	0	5.00	5	0.0	0.0	0.0	0.0	0.0	-1.0	-1.0	-1.0	-1.0	-1.0	-1.0	-1.0	60	60	1	1	0	20	4775590	940	371	655	298	294.20	0	-0.00	-0.00	-200.00	0.00
11	11	ÄÐ	0	10.00	1	0	1	1	0	0	5.00	5	0.0	0.0	0.0	0.0	0.0	-1.0	-1.0	-1.0	-1.0	-1.0	-1.0	-1.0	60	60	1	1	0	21	4775630	940	371	647	298	301.96	0	-0.00	-0.00	-200.00	0.00
11	11	ÄÐ	0	10.00	1	0	1	1	0	0	5.00	5	0.0	0.0	0.0	0.0	0.0	-1.0	-1.0	-1.0	-1.0	-1.0	-1.0	-1.0	60	60	1	1	0	22	4775670	940	371	639	298	309.73	0	-0.00	-0.00	0.00	0.00
11	11	ÄÐ	0	10.00	1	0	1	1	0	0	5.00	5	0.0	0.0	0.0	0.0	0.0	-1.0	-1.0	-1.0	-1.0	-1.0	-1.0	-1.0	60	60	1	1	0	23	4775710	940	371	639	298	309.73	0	-0.00	-0.00	0.00	0.00
11	11	ÄÐ	0	10.00	1	0	1	1	0	0	5.00	5	0.0	0.0	0.0	0.0	0.0	-1.0	-1.0	-1.0	-1.0	-1.0	-1.0	-1.0	60	60	1	1	0	24	4775750	940	371	639	298	309.73	0	-0.00	-0.00	0.00	0.00
11	11	ÄÐ	0	10.00	1	0	1	1	0	0	5.00	5	0.0	0.0	0.0	0.0	0.0	-1.0	-1.0	-1.0	-1.0	-1.0	-1.0	-1.0	60	60	1	1	0	25	4775790	940	371	639	298	309.73	0	-0.00	-0.00	0.00	0.00
11	11	ÄÐ	0	10.00	1	0	1	1	0	0	5.00	5	0.0	0.0	0.0	0.0	0.0	-1.0	-1.0	-1.0	-1.0	-1.0	-1.0	-1.0	60	60	1	1	0	26	4775830	940	371	639	298	309.73	0	-0.00	-0.00	0.00	0.00
11	11	ÄÐ	0	10.00	1	0	1	1	0	0	5.00	5	0.0	0.0	0.0	0.0	0.0	-1.0	-1.0	-1.0	-1.0	-1.0	-1.0	-1.0	60	60	1	1	0	27	4775870	940	371	639	298	309.73	0	-0.00	-0.00	0.00	0.00
11	11	ÄÐ	0	10.00	1	0	1	1	0	0	5.00	5	0.0	0.0	0.0	0.0	0.0	-1.0	-1.0	-1.0	-1.0	-1.0	-1.0	-1.0	60	60	1	1	0	28	4775910	940	371	639	298	309.73	0	-0.00	-0.00	0.00	0.00
11	11	ÄÐ	0	10.00	1	0	1	1	0	0	5.00	5	0.0	0.0	0.0	0.0	0.0	-1.0	-1.0	-1.0	-1.0	-1.0	-1.0	-1.0	60	60	1	1	0	29	4775950	940	371	639	298	309.73	0	-0.00	-0.00	0.00	0.00
11	11	ÄÐ	0	10.00	1	0	1	1	0	0	5.00	5	0.0	0.0	0.0	0.0	0.0	-1.0	-1.0	-1.0	-1.0	-1.0	-1.0	-1.0	60	60	1	1	0	30	4775990	940	371	639	298	309.73	0	-0.00	-0.00	0.00	0.00
11	11	ÄÐ	0	10.00	1	0	1	1	0	0	5.00	5	0.0	0.0	0.0	0.0	0.0	-1.0	-1.0	-1.0	-1.0	-1.0	-1.0	-1.0	60	60	1	1	0	31	4776030	940	371	639	298	309.73	0	-0.00	-0.00	0.00	0.00
11	11	ÄÐ	0	10.00	1	0	1	1	0	0	5.00	5	0.0	0.0	0.0	0.0	0.0	-1.0	-1.0	-1.0	-1.0	-1.0	-1.0	-1.0	60	60	1	1	0	32	4776070	940	371	639	298	309.73	0	-0.00	-0.00	0.00	0.00
11	11	ÄÐ	0	10.00	1	0	1	1	0	0	5.00	5	0.0	0.0	0.0	0.0	0.0	-1.0	-1.0	-1.0	-1.0	-1.0	-1.0	-1.0	60	60	1	1	0	33	4776110	940	371	639	298	309.73	0	-0.00	-0.00	0.00	0.00
11	11	ÄÐ	0	10.00	1	0	1	1	0	0	5.00	5	0.0	0.0	0.0	0.0	0.0	-1.0	-1.0	-1.0	-1.0	-1.0	-1.0	-1.0	60	60	1	1	0	34	4776150	940	371	639	298	309.73	0	-0.00	-0.00	0.00	0.00
11	11	ÄÐ	0	10.00	1	0	1	1	0	0	5.00	5	0.0	0.0	0.0	0.0	0.0	-1.0	-1.0	-1.0	-1.0	-1.0	-1.0	-1.0	60	60	1	1	0	35	4776190	940	371	639	298	309.73	0	-0.00	-0.00	0.00	0.00
11	11	ÄÐ	0	10.00	1	0	1	1	0	0	5.00	5	0.0	0.0	0.0	0.0	0.0	-1.0	-1.0	-1.0	-1.0	-1.0	-1.0	-1.0	60	60	1	1	0	36	4776230	940	371	639	298	309.73	0	-0.00	-0.00	0.00	0.00
11	11	ÄÐ	0	10.00	1	0	1	1	0	0	5.00	5	0.0	0.0	0.0	0.0	0.0	-1.0	-1.0	-1.0	-1.0	-1.0	-1.0	-1.0	60	60	1	1	0	37	4776270	940	371	639	298	309.73	0	-0.00	-0.00	0.00	0.00
11	11	ÄÐ	0	10.00	1	0	1	1	0	0	5.00	5	0.0	0.0	0.0	0.0	0.0	-1.0	-1.0	-1.0	-1.0	-1.0	-1.0	-1.0	60	60	1	1	0	38	4776310	940	371	639	298	309.73	0	-0.00	-0.00	0.00	0.00
11	11	ÄÐ	0	10.00	1	0	1	1	0	0	5.00	5	0.0	0.0	0.0	0.0	0.0	-1.0	-1.0	-1.0	-1.0	-1.0	-1.0	-1.0	60	60	1	1	0	39	4776350	940	371	639	298	309.73	0	-0.00	-0.00	0.00	0.00
11	11	ÄÐ	0	10.00	1	0	1	1	0	0	5.00	5	0.0	0.0	0.0	0.0	0.0	-1.0	-1.0	-1.0	-1.0	-1.0	-1.0	-1.0	60	60	1	1	0	40	4776390	940	371	639	298	309.73	0	-0.00	-0.00	0.00	0.00
11	11	ÄÐ	0	10.00	1	0	1	1	0	0	5.00	5	0.0	0.0	0.0	0.0	0.0	-1.0	-1.0	-1.0	-1.0	-1.0	-1.0	-1.0	60	60	1	1	0	41	4776430	940	371	639	298	309.73	0	-0.00	-0.00	0.00	0.00
11	11	ÄÐ	0	10.00	1	0	1	1	0	0	5.00	5	0.0	0.0	0.0	0.0	0.0	-1.0	-1.0	-1.0	-1.0	-1.0	-1.0	-1.0	60	60	1	1	0	42	4776470	940	371	639	298	309.73	0	-0.00	-0.00	0.00	0.00
11	11	ÄÐ	0	10.00	1	0	1	1	0	0	5.00	5	0.0	0.0	0.0	0.0	0.0	-1.0	-1.0	-1.0	-1.0	-1.0	-1.0	-1.0	60	60	1	1	0	43	4776510	940	371	639	298	309.73	0	-0.00	-0.00	0.00	0.00
11	11	ÄÐ	0	10.00	1	0	1	1	0	0	5.00	5	0.0	0.0	0.0	0.0	0.0	-1.0	-1.0	-1.0	-1.0	-1.0	-1.0	-1.0	60	60	1	1	0	44	4776550	940	371	639	298	309.73	0	-0.00	-0.00	0.00	0.00
11	11	ÄÐ	0	10.00	1	0	1	1	0	0	5.00	5	0.0	0.0	0.0	0.0	0.0	-1.0	-1.0	-1.0	-1.0	-1.0	-1.0	-1.0	60	60	1	1	0	45	4776590	940	371	639	298	309.73	0	-0.00	-0.00	0.00	0.00
11	11	ÄÐ	0	10.00	1	0	1	1	0	0	5.00	5	0.0	0.0	0.0	0.0	0.0	-1.0	-1.0	-1.0	-1.0	-1.0	-1.0	-1.0	60	60	1	1	0	46	4776630	940	371	639	298	309.73	0	-0.00	-0.00	0.00	0.00
11	11	ÄÐ	0	10.00	1	0	1	1	0	0	5.00	5	0.0	0.0	0.0	0.0	0.0	-1.0	-1.0	-1.0	-1.0	-1.0	-1.0	-1.0	60	60	1	1	0	47	4776670	940	371	639	298	309.73	0	-0.00	-0.00	0.00	0.00
11	11	ÄÐ	0	10.00	1	0	1	1	0	0	5.00	5	0.0	0.0	0.0	0.0	0.0	-1.0	-1.0	-1.0	-1.0	-1.0	-1.0	-1.0	60	60	1	1	0	48	4776710	940	371	639	298	309.73	0	-0.00	-0.00	0.00	0.00
11	11	ÄÐ	0	10.00	1	0	1	1	0	0	5.00	5	0.0	0.0	0.0	0.0	0.0	-1.0	-1.0	-1.0	-1.0	-1.0	-1.0	-1.0	60	60	1	1	0	49	4776750	940	371	639	298	309.73	0	-0.00	-0.00	0.00	0.00
11	11	ÄÐ	0	10.00	1	0	1	1	0	0	5.00	5	0.0	0.0	0.0	0.0	0.0	-1.0	-1.0	-1.0	-1.0	-1.0	-1.0	-1.0	60	60	1	1	0	50	4776790	940	371	639	298	309.73	0	-0.00	-0.00	0.00	0.00
11	11	ÄÐ	0	10.00	1	0	1	1	0	0	5.00	5	0.0	0.0	0.0	0.0	0.0	-1.0	-1.0	-1.0	-1.0	-1.0	-1.0	-1.0	60	60	1	1	0	51	4776830	940	371	639	298	309.73	0	-0.00	-0.00	0.00	0.00
11	11	ÄÐ	0	10.00	1	0	1	1	0	0	5.00	5	0.0	0.0	0.0	0.0	0.0	-1.0	-1.0	-1.0	-1.0	-1.0	-1.0	-1.0	60	60	1	1	0	52	4776870	940	371	639	298	309.73	0	-0.00	-0.00	0.00	0.00
11	11	ÄÐ	0	10.00	1	0	1	1	0	0	5.00	5	0.0	0.0	0.0	0.0	0.0	-1.0	-1.0	-1.0	-1.0	-1.0	-1.0	-1.0	60	60	1	1	0	53	4776910	940	371	639	298	309.73	0	-0.00	-0.00	0.00	0.00
11	11	ÄÐ	0	10.00	1	0	1	1	0	0	5.00	5	0.0	0.0	0.0	0.0	0.0	-1.0	-1.0	-1.0	-1.0	-1.0	-1.0	-1.0	60	60	1	1	0	54	4776950	940	371	639	298	309.73	0	-0.00	-0.00	0.00	0.00
11	11	ÄÐ	0	10.00	1	0	1	1	0	0	5.00	5	0.0	0.0	0.0	0.0	0.0	-1.0	-1.0	-1.0	-1.0	-1.0	-1.0	-1.0	60	60	1	1	0	55	4776990	940	371	639	298	309.73	0	-0.00	-0.00	0.00	0.00
11	11	ÄÐ	0	10.00	1	0	1	1	0	0	5.00	5	0.0	0.0	0.0	0.0	0.0	-1.0	-1.0	-1.0	-1.0	-1.0	-1.0	-1.0	60	60	1	1	0	56	4777030	940	371	639	298	309.73	0	-0.00	-0.00	0.00	0.00
11	11	ÄÐ	0	10.00	1	0	1	1	0	0	5.00	5	0.0	0.0	0.0	0.0	0.0	-1.0	-1.0	-1.0	-1.0	-1.0	-1.0	-1.0	60	60	1	1	0	57	4777070	940	371	639	298	309.73	0	-0.00	-0.00	0.00	0.00
11	11	ÄÐ	0	10.00	1	0	1	1	0	0	5.00	5	0.0	0.0	0.0	0.0	0.0	-1.0	-1.0	-1.0	-1.0	-1.0	-1.0	-1.0	60	60	1	1	0	58	4777110	940	371	639	298	309.73	0	-0.00	-0.00	0.00	0.00
11	11	ÄÐ	0	10.00	1	0	1	1	0	0	5.00	5	0.0	0.0	0.0	0.0	0.0	-1.0	-1.0	-1.0	-1.0	-1.0	-1.0	-1.0	60	60	1	1	0	59	4777150	940	371	639	298	309.73	0	-0.00	-0.00	0.00	0.00
11	11	ÄÐ	0	10.00	1	0	1	1	0	0	5.00	5	0.0	0.0	0.0	0.0	0.0	-1.0	-1.0	-1.0	-1.0	-1.0	-1.0	-1.0	60	60	1	1	0	60	4777190	940	371	639	298	309.73	0	-0.00	-0.00	0.00	0.00
11	11	ÄÐ	0	10.00	1	0	1	1	0	0	5.00	5	0.0	0.0	0.0	0.0	0.0	-1.0	-1.0	-1.0	-1.0	-1.0	-1.0	-1.0	60	60	1	1	0	61	4777230	940	371	639	298	309.73	0	-0.00	-0.00	0.00	0.00
11	11	ÄÐ	0	10.00	1	0	1	1	0	0	5.00	5	0.0	0.0	0.0	0.0	0.0	-1.0	-1.0	-1.0	-1.0	-1.0	-1.0	-1.0	60	60	1	1	0	62	4777270	940	371	639	298	309.73	0	-0.00	-0.00	0.00	0.00
11	11	ÄÐ	0	10.00	1	0	1	1	0	0	5.00	5	0.0	0.0	0.0	0.0	0.0	-1.0	-1.0	-1.0	-1.0	-1.0	-1.0	-1.0	60	60	1	1	0	63	4777310	940	371	639	298	309.73	0	-0.00	-0.00	0.00	0.00
11	11	ÄÐ	0	10.00	1	0	1	1	0	0	5.00	5	0.0	0.0	0.0	0.0	0.0	-1.0	-1.0	-1.0	-1.0	-1.0	-1.0	-1.0	60	60	1	1	0	64	4777350	940	371	639	298	309.73	0	-0.00	-0.00	0.00	0.00
11	11	ÄÐ	0	10.00	1	0	1	1	0	0	5.00	5	0.0	0.0	0.0	0.0	0.0	-1.0	-1.0	-1.0	-1.0	-1.0	-1.0	-1.0	60	60	1	1	0	65	4777390	940	371	639	298	309.73	0	-0.00	-0.00	0.00	0.00
11	11	ÄÐ	0	10.00	1	0	1	1	0	0	5.00	5	0.0	0.0	0.0	0.0	0.0	-1.0	-1.0	-1.0	-1.0	-1.0	-1.0	-1.0	60	60	1	1	0	66	4777430	940	371	639	298	309.73	0	-0.00	-0.00	0.00	0.00
11	11	ÄÐ	0	10.00	1	0	1	1	0	0	5.00	5	0.0	0.0	0.0	0.0	0.0	-1.0	-1.0	-1.0	-1.0	-1.0	-1.0	-1.0	60	60	1	1	0	67	4777470	940	371	639	298	309.73	0	-0.00	-0.00	0.00	0.00
11	11	ÄÐ	0	10.00	1	0	1	1	0	0	5.00	5	0.0	0.0	0.0	0.0	0.0	-1.0	-1.0	-1.0	-1.0	-1.0	-1.0	-1.0	60	60	1	1	0	68	4777510	940	371	639	298	309.73	0	-0.00	-0.00	0.00	0.00
11	11	ÄÐ	0	10.00	1	0	1	1	0	0	5.00	5	0.0	0.0	0.0	0.0	0.0	-1.0	-1.0	-1.0	-1.0	-1.0	-1.0	-1.0	60	60	1	1	0	69	4777550	940	371	639	298	309.73	0	-0.00	-0.00	0.00	0.00
11	11	ÄÐ	0	10.00	1	0	1	1	0	0	5.00	5	0.0	0.0	0.0	0.0	0.0	-1.0	-1.0	-1.0	-1.0	-1.0	-1.0	-1.0	60	60	1	1	0	70	4777590	940	371	639	298	309.73	0	-0.00	-0.00	0.00	0.00
11	11	ÄÐ	0	10.00	1	0	1	1	0	0	5.00	5	0.0	0.0	0.0	0.0	0.0	-1.0	-1.0	-1.0	-1.0	-1.0	-1.0	-1.0	60	60	1	1	0	71	4777630	940	371	639	298	309.73	0	-0.00	-0.00	0.00	0.00
11	11	ÄÐ	0	10.00	1	0	1	1	0	0	5.00	5	0.0	0.0	0.0	0.0	0.0	-1.0	-1.0	-1.0	-1.0	-1.0	-1.0	-1.0	60	60	1	1	0	72	4777670	940	371	639	298	309.73	0	-0.00	-0.00	0.00	0.00
11	11	ÄÐ	0	10.00	1	0	1	1	0	0	5.00	5	0.0	0.0	0.0	0.0	0.0	-1.0	-1.0	-1.0	-1.0	-1.0	-1.0	-1.0	60	60	1	1	0	73	4777710	940	371	639	298	309.73	0	-0.00	-0.00	0.00	0.00
11	11	ÄÐ	0	10.00	1	0	1	1	0	0	5.00	5	0.0	0.0	0.0	0.0	0.0	-1.0	-1.0	-1.0	-1.0	-1.0	-1.0	-1.0	60	60	1	1	0	74	4777750	940	371	639	298	309.73	0	-0.00	-0.00	0.00	0.00
11	11	ÄÐ	0	10.00	1	0	1	1	0	0	5.00	5	0.0	0.0	0.0	0.0	0.0	-1.0	-1.0	-1.0	-1.0	-1.0	-1.0	-1.0	60	60	1	1	0	75	4777790	940	371	639	298	309.73	0	-0.00	-0.00	0.00	0.00
11	11	ÄÐ	0	10.00	1	0	1	1	0	0	5.00	5	0.0	0.0	0.0	0.0	0.0	-1.0	-1.0	-1.0	-1.0	-1.0	-1.0	-1.0	60	60	1	1	0	76	4777830	940	371	639	298	309.73	0	-0.00	-0.00	0.00	0.00
11	11	ÄÐ	0	10.00	1	0	1	1	0	0	5.00	5	0.0	0.0	0.0	0.0	0.0	-1.0	-1.0	-1.0	-1.0	-1.0	-1.0	-1.0	60	60	1	1	0	77	4777870	940	371	639	298	309.73	0	-0.00	-0.00	0.00	0.00
11	11	ÄÐ	0	10.00	1	0	1	1	0	0	5.00	5	0.0	0.0	0.0	0.0	0.0	-1.0	-1.0	-1.0	-1.0	-1.0	-1.0	-1.0	60	60	1	1	0	78	4777910	940	371	639	298	309.73	0	-0.00	-0.00	0.00	0.00
11	11	ÄÐ	0	10.00	1	0	1	1	0	0	5.00	5	0.0	0.0	0.0	0.0	0.0	-1.0	-1.0	-1.0	-1.0	-1.0	-1.0	-1.0	60	60	1	1	0	79	4777950	940	371	639	298	309.73	0	-0.00	-0.00	0.00	0.00
11	11	ÄÐ	0	10.00	1	0	1	1	0	0	5.00	5	0.0	0.0	0.0	0.0	0.0	-1.0	-1.0	-1.0	-1.0	-1.0	-1.0	-1.0	60	60	1	1	0	80	4777990	940	371	639	298	309.73	0	-0.00	-0.00	0.00	0.00
11	11	ÄÐ	0	10.00	1	0	1	1	0	0	5.00	5	0.0	0.0	0.0	0.0	0.0	-1.0	-1.0	-1.0	-1.0	-1.0	-1.0	-1.0	60	60	1	1	0	81	4778030	940	371	639	298	309.73	0	-0.00	-0.00	0.00	0.00
11	11	ÄÐ	0	10.00	1	0	1	1	0	0	5.00	5	0.0	0.0	0.0	0.0	0.0	-1.0	-1.0	-1.0	-1.0	-1.0	-1.0	-1.0	60	60	1	1	0	82	4778070	940	371	639	298	309.73	0	-0.00	-0.00	0.00	0.00
11	11	ÄÐ	0	10.00	1	0	1	1	0	0	5.00	5	0.0	0.0	0.0	0.0	0.0	-1.0	-1.0	-1.0	-1.0	-1.0	-1.0	-1.0	60	60	1	1	0	83	4778110	940	371	639	298	309.73	0	-0.00	-0.00	0.00	0.00
11	11	ÄÐ	0	10.00	1	0	1	1	0	0	5.00	5	0.0	0.0	0.0	0.0	0.0	-1.0	-1.0	-1.0	-1.0	-1.0	-1.0	-1.0	60	60	1	1	0	84	4778150	940	371	639	298	309.73	0	-0.00	-0.00	0.00	0.00
11	11	ÄÐ	0	10.00	1	0	1	1	0	0	5.00	5	0.0	0.0	0.0	0.0	0.0	-1.0	-1.0	-1.0	-1.0	-1.0	-1.0	-1.0	60	60	1	1	0	85	4778190	940	371	639	298	309.73	0	-0.00	-0.00	0.00	0.00
11	11	ÄÐ	0	10.00	1	0	1	1	0	0	5.00	5	0.0	0.0	0.0	0.0	0.0	-1.0	-1.0	-1.0	-1.0	-1.0	-1.0	-1.0	60	60	1	1	0	86	4778230	940	371	639	298	309.73	0	-0.00	-0.00	0.00	0.00
11	11	ÄÐ	0	10.00	1	0	1	1	0	0	5.00	5	0.0	0.0	0.0	0.0	0.0	-1.0	-1.0	-1.0	-1.0	-1.0	-1.0	-1.0	60	60	1	1	0	87	4778270	940	371	639	298	309.73	0	-0.00	-0.00	0.00	0.00
11	11	ÄÐ	0	10.00	1	0	1	1	0	0	5.00	5	0.0	0.0	0.0	0.0	0.0	-1.0	-1.0	-1.0	-1.0	-1.0	-1.0	-1.0	60	60	1	1	0	88	4778310	940	371	639	298	309.73	0	-0.00	-0.00	0.00	0.00
11	11	ÄÐ	0	10.00	1	0	1	1	0	0	5.00	5	0.0	0.0	0.0	0.0	0.0	-1.0	-1.0	-1.0	-1.0	-1.0	-1.0	-1.0	60	60	1	1	0	89	4778350	940	371	639	298	309.73	0	-0.00	-0.00	0.00	0.00
11	11	ÄÐ	0	10.00	1	0	1	1	0	0	5.00	5	0.0	0.0	0.0	0.0	0.0	-1.0	-1.0	-1.0	-1.0	-1.0	-1.0	-1.0	60	60	1	1	0	90	4778390	940	371	639	298	309.73	0	-0.00	-0.00	0.00	0.00
11	11	ÄÐ	0	10.00	1	0	1	1	0	0	5.00	5	0.0	0.0	0.0	0.0	0.0	-1.0	-1.0	-1.0	-1.0	-1.0	-1.0	-1.0	60	60	1	1	0	91	4778430	940	371	639	298	309.73	0	-0.00	-0.00	0.00	0.00
11	11	ÄÐ	0	10.00	1	0	1	1	0	0	5.00	5	0.0	0.0	0.0	0.0	0.0	-1.0	-1.0	-1.0	-1.0	-1.0	-1.0	-1.0	60	60	1	1	0	92	4778470	940	371	639	298	309.73	0	-0.00	-0.00	0.00	0.00
11	11	ÄÐ	0	10.00	1	0	1	1	0	0	5.00	5	0.0	0.0	0.0	0.0	0.0	-1.0	-1.0	-1.0	-1.0	-1.0	-1.0	-1.0	60	60	1	1	0	93	4778510	940	371	639	298	309.73	0	-0.00	-0.00	0.00	0.00
11	11	ÄÐ	0	10.00	1	0	1	1	0	0	5.00	5	0.0	0.0	0.0	0.0	0.0	-1.0	-1.0	-1.0	-1.0	-1.0	-1.0	-1.0	60	60	1	1	0	94	4778550	940	371	639	298	309.73	0	-0.00	-0.00	0.00	0.00
11	11	ÄÐ	0	10.00	1	0	1	1	0	0	5.00	5	0.0	0.0	0.0	0.0	0.0	-1.0	-1.0	-1.0	-1.0	-1.0	-1.0	-1.0	60	60	1	1	0	95	4778590	940	371	639	298	309.73	0	-0.00	-0.00	0.00	0.00
11	11	ÄÐ	0	10.00	1	0	1	1	0	0	5.00	5	0.0	0.0	0.0	0.0	0.0	-1.0	-1.0	-1.0	-1.0	-1.0	-1.0	-1.0	60	60	1	1	0	96	4778630	940	371	639	298	309.73	0	-0.00	-0.00	0.00	0.00
11	11	ÄÐ	0	10.00	1	0	1	1	0	0	5.00	5	0.0	0.0	0.0	0.0	0.0	-1.0	-1.0	-1.0	-1.0	-1.0	-1.0	-1.0	60	60	1	1	0	97	4778670	940	371	639	298	309.73	0	-0.00	-0.00	0.00	0.00
11	11	ÄÐ	0	10.00	1	0	1	1	0	0	5.00	5	0.0	0.0	0.0	0.0	0.0	-1.0	-1.0	-1.0	-1.0	-1.0	-1.0	-1.0	60	60	1	1	0	98	4778710	940	371	639	298	309.73	0	-0.00	-0.00	0.00	0.00
11	11	ÄÐ	0	10.00	1	0	1	1	0	0	5.00	5	0.0	0.0	0.0	0.0	0.0	-1.0	-1.0	-1.0	-1.0	-1.0	-1.0	-1.0	60	60	1	1	0	99	4778750	940	371	639	298	309.73	0	-0.00	-0.00	0.00	0.00
11	11	ÄÐ	0	10.00	1	0	1	1	0	0	5.00	5	0.0	0.0	0.0	0.0	0.0	-1.0	-1.0	-1.0	-1.0	-1.0	-1.0	-1.0	60	60	1	1	0	100	4778790	940	371	639	298	309.73	0	-0.00	-0.00	0.00	0.00
11	11	ÄÐ	0	10.00	1	0	1	1	0	0	5.00	5	0.0	0.0	0.0	0.0	0.0	-1.0	-1.0	-1.0	-1.0	-1.0	-1.0	-1.0	60	60	1	1	0	101	4778830	940	371	639	298	309.73	0	-0.00	-0.00	0.00	0.00
11	11	ÄÐ	0	10.00	1	0	1	1	0	0	5.00	5	0.0	0.0	0.0	0.0	0.0	-1.0	-1.0	-1.0	-1.0	-1.0	-1.0	-1.0	60	60	1	1	0	102	4778870	940	371	639	298	309.73	0	-0.00	-0.00	0.00	0.00
11	11	ÄÐ	0	10.00	1	0	1	1	0	0	5.00	5	0.0	0.0	0.0	0.0	0.0	-1.0	-1.0	-1.0	-1.0	-1.0	-1.0	-1.0	60	60	1	1	0	103	4778910	940	371	639	298	309.73	0	-0.00	-0.00	0.00	0.00
11	11	ÄÐ	0	10.00	1	0	1	1	0	0	5.00	5	0.0	0.0	0.0	0.0	0.0	-1.0	-1.0	-1.0	-1.0	-1.0	-1.0	-1.0	60	60	1	1	0	104	4778950	940	371	639	298	309.73	0	-0.00	-0.00	0.00	0.00
11	11	ÄÐ	0	10.00	1	0	1	1	0	0	5.00	5	0.0	0.0	0.0	0.0	0.0	-1.0	-1.0	-1.0	-1.0	-1.0	-1.0	-1.0	60	60	1	1	0	105	4778990	940	371	639	298	309.73	0	-0.00	-0.00	0.00	0.00
11	11	ÄÐ	0	10.00	1	0	1	1	0	0	5.00	5	0.0	0.0	0.0	0.0	0.0	-1.0	-1.0	-1.0	-1.0	-1.0	-1.0	-1.0	60	60	1	1	0	106	4779030	940	371	639	298	309.73	0	-0.00	-0.00	0.00	0.00
11	11	ÄÐ	0	10.00	1	0	1	1	0	0	5.00	5	0.0	0.0	0.0	0.0	0.0	-1.0	-1.0	-1.0	-1.0	-1.0	-1.0	-1.0	60	60	1	1	0	107	4779070	940	371	639	298	309.73	0	-0.00	-0.00	0.00	0.00
11	11	ÄÐ	0	10.00	1	0	1	1	0	0	5.00	5	0.0	0.0	0.0	0.0	0.0	-1.0	-1.0	-1.0	-1.0	-1.0	-1.0	-1.0	60	60	1	1	0	108	4779110	940	371	639	298	309.73	0	-0.00	-0.00	0.00	0.00
11	11	ÄÐ	0	10.00	1	0	1	1	0	0	5.00	5	0.0	0.0	0.0	0.0	0.0	-1.0	-1.0	-1.0	-1.0	-1.0	-1.0	-1.0	60	60	1	1	0	109	4779150	940	371	639	298	309.73	0	-0.00	-0.00	0.00	0.00
11	11	ÄÐ	0	10.00	1	0	1	1	0	0	5.00	5	0.0	0.0	0.0	0.0	0.0	-1.0	-1.0	-1.0	-1.0	-1.0	-1.0	-1.0	60	60	1	1	0	110	4779190	940	371	639	298	309.73	0	-0.00	-0.00	0.00	0.00
11	11	ÄÐ	0	10.00	1	0	1	1	0	0	5.00	5	0.0	0.0	0.0	0.0	0.0	-1.0	-1.0	-1.0	-1.0	-1.0	-1.0	-1.0	60	60	1	1	0	111	4779230	940	371	639	298	309.73	0	-0.00	-0.00	0.00	0.00
11	11	ÄÐ	0	10.00	1	0	1	1	0	0	5.00	5	0.0	0.0	0.0	0.0	0.0	-1.0	-1.0	-1.0	-1.0	-1.0	-1.0	-1.0	60	60	1	1	0	112	4779270	940	371	639	298	309.73	0	-0.00	-0.00	0.00	0.00
11	11	ÄÐ	0	10.00	1	0	1	1	0	0	5.00	5	0.0	0.0	0.0	0.0	0.0	-1.0	-1.0	-1.0	-1.0	-1.0	-1.0	-1.0	60	60	1	1	0	113	4779310	940	371	639	298	309.73	0	-0.00	-0.00	0.00	0.00
11	11	ÄÐ	0	10.00	1	0	1	1	0	0	5.00	5	0.0	0.0	0.0	0.0	0.0	-1.0	-1.0	-1.0	-1.0	-1.0	-1.0	-1.0	60	60	1	1	0	114	4779350	940	371	639	298	309.73	0	-0.00	-0.00	0.00	0.00
11	11	ÄÐ	0	10.00	1	0	1	1	0	0	5.00	5	0.0	0.0	0.0	0.0	0.0	-1.0	-1.0	-1.0	-1.0	-1.0	-1.0	-1.0	60	60	1	1	0	115	4779390	940	371	639	298	309.73	0	-0.00	-0.00	0.00	0.00
11	11	ÄÐ	0	10.00	1	0	1	1	0	0	5.00	5	0.0	0.0	0.0	0.0	0.0	-1.0	-1.0	-1.0	-1.0	-1.0	-1.0	-1.0	60	60	1	1	0	116	4779430	940	371	639	298	309.73	0	-0.00	-0.00	0.00	0.00
11	11	ÄÐ	0	10.00	1	0	1	1	0	0	5.00	5	0.0	0.0	0.0	0.0	0.0	-1.0	-1.0	-1.0	-1.0	-1.0	-1.0	-1.0	60	60	1	1	0	117	4779470	940	371	639	298	309.73	0	-0.00	-0.00	0.00	0.00
11	11	ÄÐ	0	10.00	1	0	1	1	0	0	5.00	5	0.0	0.0	0.0	0.0	0.0	-1.0	-1.0	-1.0	-1.0	-1.0	-1.0	-1.0	60	60	1	1	0	118	4779510	940	371	639	298	309.73	0	-0.00	-0.00	0.00	0.00
11	11	ÄÐ	0	10.00	1	0	1	1	0	0	5.00	5	0.0	0.0	0.0	0.0	0.0	-1.0	-1.0	-1.0	-1.0	-1.0	-1.0	-1.0	60	60	1	1	0	119	4779550	940	371	639	298	309.73	0	-0.00	-0.00	0.00	0.00
11	11	ÄÐ	0	10.00	1	0	1	1	0	0	5.00	5	0.0	0.0	0.0	0.0	0.0	-1.0	-1.0	-1.0	-1.0	-1.0	-1.0	-1.0	60	60	1	1	0	120	4779590	940	371	639	298	309.73	0	-0.00	-0.00	0.00	0.00
11	11	ÄÐ	0	10.00	1	0	1	1	0	0	5.00	5	0.0	0.0	0.0	0.0	0.0	-1.0	-1.0	-1.0	-1.0	-1.0	-1.0	-1.0	60	60	1	1	0	121	4779630	940	371	639	298	309.73	0	-0.00	-0.00	0.00	0.00
11	11	ÄÐ	0	10.00	1	0	1	1	0	0	5.00	5	0.0	0.0	0.0	0.0	0.0	-1.0	-1.0	-1.0	-1.0	-1.0	-1.0	-1.0	60	60	1	1	0	122	4779670	940	371	639	298	309.73	0	-0.00	-0.00	0.00	0.00
11	11	ÄÐ	0	10.00	1	0	1	1	0	0	5.00	5	0.0	0.0	0.0	0.0	0.0	-1.0	-1.0	-1.0	-1.0	-1.0	-1.0	-1.0	60	60	1	1	0	123	4779710	940	371	639	298	309.73	0	-0.00	-0.00	0.00	0.00
11	11	ÄÐ	0	10.00	1	0	1	1	0	0	5.00	5	0.0	0.0	0.0	0.0	0.0	-1.0	-1.0	-1.0	-1.0	-1.0	-1.0	-1.0	60	60	1	1	0	124	4779750	940	371	639	298	309.73	0	-0.00	-0.00	0.00	0.00
11	11	ÄÐ	0	10.00	1	0	1	1	0	0	5.00	5	0.0	0.0	0.0	0.0	0.0	-1.0	-1.0	-1.0	-1.0	-1.0	-1.0	-1.0	60	60	1	1	0	125	4779790	940	371	639	298	309.73	0	-0.00	-0.00	0.00	0.00
11	11	ÄÐ	0	10.00	1	0	1	1	0	0	5.00	5	0.0	0.0	0.0	0.0	0.0	-1.0	-1.0	-1.0	-1.0	-1.0	-1.0	-1.0	60	60	1	1	0	126	4779830	940	371	639	298	309.73	0	-0.00	-0.00	0.00	0.00
11	11	ÄÐ	0	10.00	1	0	1	1	0	0	5.00	5	0.0	0.0	0.0	0.0	0.0	-1.0	-1.0	-1.0	-1.0	-1.0	-1.0	-1.0	60	60	1	1	0	127	4779870	940	371	639	298	309.73	0	-0.00	-0.00	0.00	0.00
11	11	ÄÐ	0	10.00	1	0	1	1	0	0	5.00	5	0.0	0.0	0.0	0.0	0.0	-1.0	-1.0	-1.0	-1.0	-1.0	-1.0	-1.0	60	60	1	1	0	128	4779910	940	371	639	298	309.73	0	-0.00	-0.00	0.00	0.00
11	11	ÄÐ	0	10.00	1	0	1	1	0	0	5.00	5	0.0	0.0	0.0	0.0	0.0	-1.0	-1.0	-1.0	-1.0	-1.0	-1.0	-1.0	60	60	1	1	0	129	4779950	940	371	639	298	309.73	0	-0.00	-0.00	0.00	0.00
11	11	ÄÐ	0	10.00	1	0	1	1	0	0	5.00	5	0.0	0.0	0.0	0.0	0.0	-1.0	-1.0	-1.0	-1.0	-1.0	-1.0	-1.0	60	60	1	1	0	130	4779990	940	371	639	298	309.73	0	-0.00	-0.00	0.00	0.00
11	11	ÄÐ	0	10.00	1	0	1	1	0	0	5.00	5	0.0	0.0	0.0	0.0	0.0	-1.0	-1.0	-1.0	-1.0	-1.0	-1.0	-1.0	60	60	1	1	0	131	4780030	940	371	639	298	309.73	0	-0.00	-0.00	0.00	0.00
11	11	ÄÐ	0	10.00	1	0	1	1	0	0	5.00	5	0.0	0.0	0.0	0.0	0.0	-1.0	-1.0	-1.0	-1.0	-1.0	-1.0	-1.0	60	60	1	1	0	132	4780070	940	371	639	298	309.73	0	-0.00	-0.00	0.00	0.00
11	11	ÄÐ	0	10.00	1	0	1	1	0	0	5.00	5	0.0	0.0	0.0	0.0	0.0	-1.0	-1.0	-1.0	-1.0	-1.0	-1.0	-1.0	60	60	1	1	0	133	4780110	940	371	639	298	309.73	0	-0.00	-0.00	0.00	0.00
11	11	ÄÐ	0	10.00	1	0	1	1	0	0	5.00	5	0.0	0.0	0.0	0.0	0.0	-1.0	-1.0	-1.0	-1.0	-1.0	-1.0	-1.0	60	60	1	1	0	134	4780150	940	371	639	298	309.73	0	-0.00	-0.00	0.00	0.00
11	11	ÄÐ	0	10.00	1	0	1	1	0	0	5.00	5	0.0	0.0	0.0	0.0	0.0	-1.0	-1.0	-1.0	-1.0	-1.0	-1.0	-1.0	60	60	1	1	0	135	4780190	940	371	639	298	309.73	0	-0.00	-0.00	0.00	0.00
11	11	ÄÐ	0	10.00	1	0	1	1	0	0	5.00	5	0.0	0.0	0.0	0.0	0.0	-1.0	-1.0	-1.0	-1.0	-1.0	-1.0	-1.0	60	60	1	1	0	136	4780230	940	371	639	298	309.73	0	-0.00	-0.00	0.00	0.00
11	11	ÄÐ	0	10.00	1	0	1	1	0	0	5.00	5	0.0	0.0	0.0	0.0	0.0	-1.0	-1.0	-1.0	-1.0	-1.0	-1.0	-1.0	60	60	1	1	0	137	4780270	940	371	639	298	309.73	0	-0.00	-0.00	0.00	0.00
11	11	ÄÐ	0	10.00	1	0	1	1	0	0	5.00	5	0.0	0.0	0.0	0.0	0.0	-1.0	-1.0	-1.0	-1.0	-1.0	-1.0	-1.0	60	60	1	1	0	138	4780310	940	371	639	298	309.73	0	-0.00	-0.00	0.00	0.00
11	11	ÄÐ	0	10.00	1	0	1	1	0	0	5.00	5	0.0	0.0	0.0	0.0	0.0	-1.0	-1.0	-1.0	-1.0	-1.0	-1.0	-1.0	60	60	1	1	0	139	4780350	940	371	639	298	309.73	0	-0.00	-0.00	0.00	0.00
11	11	ÄÐ	0	10.00	1	0	1	1	0	0	5.00	5	0.0	0.0	0.0	0.0	0.0	-1.0	-1.0	-1.0	-1.0	-1.0	-1.0	-1.0	60	60	1	1	0	140	4780390	940	371	639	298	309.73	0	-0.00	-0.00	0.00	0.00
11	11	ÄÐ	0	10.00	1	0	1	1	0	0	5.00	5	0.0	0.0	0.0	0.0	0.0	-1.0	-1.0	-1.0	-1.0	-1.0	-1.0	-1.0	60	60	1	1	0	141	4780430	940	371	639	298	309.73	0	-0.00	-0.00	0.00	0.00
11	11	ÄÐ	0	10.00	1	0	1	1	0	0	5.00	5	0.0	0.0	0.0	0.0	0.0	-1.0	-1.0	-1.0	-1.0	-1.0	-1.0	-1.0	60	60	1	1	0	142	4780470	940	371	639	298	309.73	0	-0.00	-0.00	0.00	0.00
11	11	ÄÐ	0	10.00	1	0	1	1	0	0	5.00	5	0.0	0.0	0.0	0.0	0.0	-1.0	-1.0	-1.0	-1.0	-1.0	-1.0	-1.0	60	60	1	1	0	143	4780510	940	371	639	298	309.73	0	-0.00	-0.00	0.00	0.00
