ID	Name	Sex	Session	DistanceError	PracMode	ExperMode	MainTask	SubTask	MainTaskMode	Background	InitSpeed	EventMode	CodePairMode	CodePairNum	DisplayMode	EventFrequency	PracTime	ExperTime	PracTimes	ExperTimes	Pra_Test	PointNum	PointTime	ObjPointX	ObjPointY	PostPointX	PostPointY	Distance	Hit	ObjSpeedX	ObjSpeedY	PostSpeedX	PostSpeedY
11	11	ÄÐ	0	10.00	1	0	1	1	0	0	50.00	0	-1	-1	-1	0	60	60	1	1	0	1	48186440	938	371	638	371	0.00	0	-0.00	-10.00	0.00	0.00
11	11	ÄÐ	0	10.00	1	0	1	1	0	0	50.00	0	-1	-1	-1	0	60	60	1	1	0	2	48186480	937	370	638	371	299.00	0	-0.01	-10.00	0.00	-200.00
11	11	ÄÐ	0	10.00	1	0	1	1	0	0	50.00	0	-1	-1	-1	0	60	60	1	1	0	3	48186520	937	370	638	362	299.11	0	-0.03	-10.00	0.00	-200.00
11	11	ÄÐ	0	10.00	1	0	1	1	0	0	50.00	0	-1	-1	-1	0	60	60	1	1	0	4	48186560	937	369	638	354	299.38	0	-0.04	-10.00	0.00	-200.00
11	11	ÄÐ	0	10.00	1	0	1	1	0	0	50.00	0	-1	-1	-1	0	60	60	1	1	0	5	48186600	937	369	638	346	299.88	0	-0.05	-10.00	-200.00	-200.00
11	11	ÄÐ	0	10.00	1	0	1	1	0	0	50.00	0	-1	-1	-1	0	60	60	1	1	0	6	48186640	937	369	630	338	308.56	0	-0.07	-10.00	-200.00	-200.00
11	11	ÄÐ	0	10.00	1	0	1	1	0	0	50.00	0	-1	-1	-1	0	60	60	1	1	0	7	48186680	937	368	621	330	318.28	0	-0.08	-10.00	-200.00	-200.00
11	11	ÄÐ	0	10.00	1	0	1	1	0	0	50.00	0	-1	-1	-1	0	60	60	1	1	0	8	48186720	937	368	613	322	327.25	0	-0.09	-10.00	-200.00	-200.00
11	11	ÄÐ	0	10.00	1	0	1	1	0	0	50.00	0	-1	-1	-1	0	60	60	1	1	0	9	48186760	937	367	605	314	336.20	0	-0.11	-10.00	-200.00	-200.00
11	11	ÄÐ	0	10.00	1	0	1	1	0	0	50.00	0	-1	-1	-1	0	60	60	1	1	0	10	48186800	937	367	597	306	345.43	0	-0.12	-10.00	-200.00	-200.00
11	11	ÄÐ	0	10.00	1	0	1	1	0	0	50.00	0	-1	-1	-1	0	60	60	1	1	0	11	48186840	937	367	589	298	354.77	0	-0.13	-10.00	-200.00	-200.00
11	11	ÄÐ	0	10.00	1	0	1	1	0	0	50.00	0	-1	-1	-1	0	60	60	1	1	0	12	48186880	937	366	581	290	364.02	0	-0.15	-10.00	0.00	-200.00
11	11	ÄÐ	0	10.00	1	0	1	1	0	0	50.00	0	-1	-1	-1	0	60	60	1	1	0	13	48186920	937	366	581	282	365.78	0	-0.16	-10.00	0.00	0.00
11	11	ÄÐ	0	10.00	1	0	1	1	0	0	50.00	0	-1	-1	-1	0	60	60	1	1	0	14	48186960	937	365	581	282	365.55	0	-0.17	-10.00	0.00	0.00
11	11	ÄÐ	0	10.00	1	0	1	1	0	0	50.00	0	-1	-1	-1	0	60	60	1	1	0	15	48187000	937	365	581	282	365.55	0	-0.19	-10.00	0.00	0.00
11	11	ÄÐ	0	10.00	1	0	1	1	0	0	50.00	0	-1	-1	-1	0	60	60	1	1	0	16	48187040	937	365	581	282	365.55	0	-0.20	-10.00	0.00	0.00
11	11	ÄÐ	0	10.00	1	0	1	1	0	0	50.00	0	-1	-1	-1	0	60	60	1	1	0	17	48187080	937	364	581	282	365.32	0	-0.21	-10.00	0.00	0.00
11	11	ÄÐ	0	10.00	1	0	1	1	0	0	50.00	0	-1	-1	-1	0	60	60	1	1	0	18	48187120	937	364	581	282	365.32	0	-0.23	-10.00	0.00	0.00
11	11	ÄÐ	0	10.00	1	0	1	1	0	0	50.00	0	-1	-1	-1	0	60	60	1	1	0	19	48187160	937	363	581	282	365.10	0	-0.24	-10.00	0.00	0.00
11	11	ÄÐ	0	10.00	1	0	1	1	0	0	50.00	0	-1	-1	-1	0	60	60	1	1	0	20	48187200	937	363	581	282	365.10	0	-0.25	-10.00	0.00	0.00
11	11	ÄÐ	0	10.00	1	0	1	1	0	0	50.00	0	-1	-1	-1	0	60	60	1	1	0	21	48187240	937	363	581	282	365.10	0	-0.27	-10.00	0.00	0.00
11	11	ÄÐ	0	10.00	1	0	1	1	0	0	50.00	0	-1	-1	-1	0	60	60	1	1	0	22	48187280	937	362	581	282	364.88	0	-0.28	-10.00	0.00	0.00
11	11	ÄÐ	0	10.00	1	0	1	1	0	0	50.00	0	-1	-1	-1	0	60	60	1	1	0	23	48187320	937	362	581	282	364.88	0	-0.29	-10.00	0.00	0.00
11	11	ÄÐ	0	10.00	1	0	1	1	0	0	50.00	0	-1	-1	-1	0	60	60	1	1	0	24	48187360	937	361	581	282	364.66	0	-0.31	-10.00	0.00	0.00
11	11	ÄÐ	0	10.00	1	0	1	1	0	0	50.00	0	-1	-1	-1	0	60	60	1	1	0	25	48187400	937	361	581	282	364.66	0	-0.32	-9.99	0.00	0.00
11	11	ÄÐ	0	10.00	1	0	1	1	0	0	50.00	0	-1	-1	-1	0	60	60	1	1	0	26	48187440	937	361	581	282	364.66	0	-0.33	-9.99	0.00	0.00
11	11	ÄÐ	0	10.00	1	0	1	1	0	0	50.00	0	-1	-1	-1	0	60	60	1	1	0	27	48187480	937	360	581	282	364.44	0	-0.35	-9.99	0.00	0.00
11	11	ÄÐ	0	10.00	1	0	1	1	0	0	50.00	0	-1	-1	-1	0	60	60	1	1	0	28	48187520	937	360	581	282	364.44	0	-0.36	-9.99	0.00	0.00
11	11	ÄÐ	0	10.00	1	0	1	1	0	0	50.00	0	-1	-1	-1	0	60	60	1	1	0	29	48187560	937	359	581	282	364.23	0	-0.37	-9.99	0.00	0.00
11	11	ÄÐ	0	10.00	1	0	1	1	0	0	50.00	0	-1	-1	-1	0	60	60	1	1	0	30	48187600	937	359	581	282	364.23	0	-0.39	-9.99	0.00	0.00
11	11	ÄÐ	0	10.00	1	0	1	1	0	0	50.00	0	-1	-1	-1	0	60	60	1	1	0	31	48187640	937	359	581	282	364.23	0	-0.40	-9.99	0.00	0.00
11	11	ÄÐ	0	10.00	1	0	1	1	0	0	50.00	0	-1	-1	-1	0	60	60	1	1	0	32	48187680	937	358	581	282	364.02	0	-0.41	-9.99	0.00	0.00
11	11	ÄÐ	0	10.00	1	0	1	1	0	0	50.00	0	-1	-1	-1	0	60	60	1	1	0	33	48187720	937	358	581	282	364.02	0	-0.43	-9.99	0.00	0.00
11	11	ÄÐ	0	10.00	1	0	1	1	0	0	50.00	0	-1	-1	-1	0	60	60	1	1	0	34	48187760	937	357	581	282	363.81	0	-0.44	-9.99	0.00	0.00
11	11	ÄÐ	0	10.00	1	0	1	1	0	0	50.00	0	-1	-1	-1	0	60	60	1	1	0	35	48187800	937	357	581	282	363.81	0	-0.45	-9.99	0.00	0.00
11	11	ÄÐ	0	10.00	1	0	1	1	0	0	50.00	0	-1	-1	-1	0	60	60	1	1	0	36	48187840	937	357	581	282	363.81	0	-0.47	-9.99	0.00	0.00
11	11	ÄÐ	0	10.00	1	0	1	1	0	0	50.00	0	-1	-1	-1	0	60	60	1	1	0	37	48187880	937	356	581	282	363.61	0	-0.48	-9.99	0.00	0.00
11	11	ÄÐ	0	10.00	1	0	1	1	0	0	50.00	0	-1	-1	-1	0	60	60	1	1	0	38	48187920	937	356	581	282	363.61	0	-0.49	-9.99	0.00	0.00
11	11	ÄÐ	0	10.00	1	0	1	1	0	0	50.00	0	-1	-1	-1	0	60	60	1	1	0	39	48187960	937	355	581	282	363.41	0	-0.51	-9.99	0.00	0.00
11	11	ÄÐ	0	10.00	1	0	1	1	0	0	50.00	0	-1	-1	-1	0	60	60	1	1	0	40	48188000	937	355	581	282	363.41	0	-0.52	-9.99	0.00	0.00
11	11	ÄÐ	0	10.00	1	0	1	1	0	0	50.00	0	-1	-1	-1	0	60	60	1	1	0	41	48188040	937	355	581	282	363.41	0	-0.53	-9.99	0.00	0.00
11	11	ÄÐ	0	10.00	1	0	1	1	0	0	50.00	0	-1	-1	-1	0	60	60	1	1	0	42	48188080	937	354	581	282	363.21	0	-0.55	-9.99	0.00	0.00
11	11	ÄÐ	0	10.00	1	0	1	1	0	0	50.00	0	-1	-1	-1	0	60	60	1	1	0	43	48188120	937	354	581	282	363.21	0	-0.56	-9.98	0.00	0.00
11	11	ÄÐ	0	10.00	1	0	1	1	0	0	50.00	0	-1	-1	-1	0	60	60	1	1	0	44	48188160	937	353	581	282	363.01	0	-0.57	-9.98	0.00	0.00
11	11	ÄÐ	0	10.00	1	0	1	1	0	0	50.00	0	-1	-1	-1	0	60	60	1	1	0	45	48188200	937	353	581	282	363.01	0	-0.59	-9.98	0.00	0.00
11	11	ÄÐ	0	10.00	1	0	1	1	0	0	50.00	0	-1	-1	-1	0	60	60	1	1	0	46	48188240	937	353	581	282	363.01	0	-0.60	-9.98	0.00	0.00
11	11	ÄÐ	0	10.00	1	0	1	1	0	0	50.00	0	-1	-1	-1	0	60	60	1	1	0	47	48188280	937	352	581	282	362.82	0	-0.61	-9.98	0.00	0.00
11	11	ÄÐ	0	10.00	1	0	1	1	0	0	50.00	0	-1	-1	-1	0	60	60	1	1	0	48	48188320	937	352	581	282	362.82	0	-0.63	-9.98	0.00	0.00
11	11	ÄÐ	0	10.00	1	0	1	1	0	0	50.00	0	-1	-1	-1	0	60	60	1	1	0	49	48188360	937	351	581	282	362.63	0	-0.64	-9.98	0.00	0.00
11	11	ÄÐ	0	10.00	1	0	1	1	0	0	50.00	0	-1	-1	-1	0	60	60	1	1	0	50	48188400	937	351	581	282	362.63	0	-0.65	-9.98	0.00	0.00
11	11	ÄÐ	0	10.00	1	0	1	1	0	0	50.00	0	-1	-1	-1	0	60	60	1	1	0	51	48188440	937	351	581	282	362.63	0	-0.67	-9.98	0.00	0.00
11	11	ÄÐ	0	10.00	1	0	1	1	0	0	50.00	0	-1	-1	-1	0	60	60	1	1	0	52	48188480	937	350	581	282	362.44	0	-0.68	-9.98	0.00	0.00
11	11	ÄÐ	0	10.00	1	0	1	1	0	0	50.00	0	-1	-1	-1	0	60	60	1	1	0	53	48188520	937	350	581	282	362.44	0	-0.69	-9.98	0.00	0.00
11	11	ÄÐ	0	10.00	1	0	1	1	0	0	50.00	0	-1	-1	-1	0	60	60	1	1	0	54	48188560	937	349	581	282	362.25	0	-0.71	-9.98	0.00	0.00
11	11	ÄÐ	0	10.00	1	0	1	1	0	0	50.00	0	-1	-1	-1	0	60	60	1	1	0	55	48188600	937	349	581	282	362.25	0	-0.72	-9.97	0.00	0.00
11	11	ÄÐ	0	10.00	1	0	1	1	0	0	50.00	0	-1	-1	-1	0	60	60	1	1	0	56	48188640	937	349	581	282	362.25	0	-0.73	-9.97	0.00	0.00
11	11	ÄÐ	0	10.00	1	0	1	1	0	0	50.00	0	-1	-1	-1	0	60	60	1	1	0	57	48188680	937	348	581	282	362.07	0	-0.75	-9.97	0.00	0.00
11	11	ÄÐ	0	10.00	1	0	1	1	0	0	50.00	0	-1	-1	-1	0	60	60	1	1	0	58	48188720	937	348	581	282	362.07	0	-0.76	-9.97	0.00	0.00
11	11	ÄÐ	0	10.00	1	0	1	1	0	0	50.00	0	-1	-1	-1	0	60	60	1	1	0	59	48188760	937	347	581	282	361.89	0	-0.77	-9.97	0.00	0.00
11	11	ÄÐ	0	10.00	1	0	1	1	0	0	50.00	0	-1	-1	-1	0	60	60	1	1	0	60	48188800	937	347	581	282	361.89	0	-0.79	-9.97	0.00	0.00
11	11	ÄÐ	0	10.00	1	0	1	1	0	0	50.00	0	-1	-1	-1	0	60	60	1	1	0	61	48188840	937	347	581	282	361.89	0	-0.80	-9.97	0.00	0.00
11	11	ÄÐ	0	10.00	1	0	1	1	0	0	50.00	0	-1	-1	-1	0	60	60	1	1	0	62	48188880	937	346	581	282	361.71	0	-0.81	-9.97	0.00	0.00
11	11	ÄÐ	0	10.00	1	0	1	1	0	0	50.00	0	-1	-1	-1	0	60	60	1	1	0	63	48188920	936	346	581	282	360.72	0	-0.83	-9.97	0.00	0.00
11	11	ÄÐ	0	10.00	1	0	1	1	0	0	50.00	0	-1	-1	-1	0	60	60	1	1	0	64	48188960	936	345	581	282	360.55	0	-0.84	-9.96	0.00	0.00
11	11	ÄÐ	0	10.00	1	0	1	1	0	0	50.00	0	-1	-1	-1	0	60	60	1	1	0	65	48189000	936	345	581	282	360.55	0	-0.85	-9.96	0.00	0.00
11	11	ÄÐ	0	10.00	1	0	1	1	0	0	50.00	0	-1	-1	-1	0	60	60	1	1	0	66	48189040	936	345	581	282	360.55	0	-0.87	-9.96	0.00	0.00
11	11	ÄÐ	0	10.00	1	0	1	1	0	0	50.00	0	-1	-1	-1	0	60	60	1	1	0	67	48189080	936	344	581	282	360.37	0	-0.88	-9.96	0.00	0.00
11	11	ÄÐ	0	10.00	1	0	1	1	0	0	50.00	0	-1	-1	-1	0	60	60	1	1	0	68	48189120	936	344	581	282	360.37	0	-0.89	-9.96	0.00	0.00
11	11	ÄÐ	0	10.00	1	0	1	1	0	0	50.00	0	-1	-1	-1	0	60	60	1	1	0	69	48189160	936	343	581	282	360.20	0	-0.91	-9.96	0.00	0.00
11	11	ÄÐ	0	10.00	1	0	1	1	0	0	50.00	0	-1	-1	-1	0	60	60	1	1	0	70	48189200	936	343	581	282	360.20	0	-0.92	-9.96	0.00	0.00
11	11	ÄÐ	0	10.00	1	0	1	1	0	0	50.00	0	-1	-1	-1	0	60	60	1	1	0	71	48189240	936	343	581	282	360.20	0	-0.93	-9.96	0.00	0.00
11	11	ÄÐ	0	10.00	1	0	1	1	0	0	50.00	0	-1	-1	-1	0	60	60	1	1	0	72	48189280	936	342	581	282	360.03	0	-0.95	-9.96	0.00	0.00
11	11	ÄÐ	0	10.00	1	0	1	1	0	0	50.00	0	-1	-1	-1	0	60	60	1	1	0	73	48189320	936	342	581	282	360.03	0	-0.96	-9.95	0.00	0.00
11	11	ÄÐ	0	10.00	1	0	1	1	0	0	50.00	0	-1	-1	-1	0	60	60	1	1	0	74	48189360	936	341	581	282	359.87	0	-0.97	-9.95	0.00	0.00
11	11	ÄÐ	0	10.00	1	0	1	1	0	0	50.00	0	-1	-1	-1	0	60	60	1	1	0	75	48189400	936	341	581	282	359.87	0	-0.99	-9.95	0.00	0.00
11	11	ÄÐ	0	10.00	1	0	1	1	0	0	50.00	0	-1	-1	-1	0	60	60	1	1	0	76	48189440	936	341	581	282	359.87	0	-1.00	-9.95	0.00	0.00
11	11	ÄÐ	0	10.00	1	0	1	1	0	0	50.00	0	-1	-1	-1	0	60	60	1	1	0	77	48189480	936	340	581	282	359.71	0	-1.01	-9.95	0.00	0.00
11	11	ÄÐ	0	10.00	1	0	1	1	0	0	50.00	0	-1	-1	-1	0	60	60	1	1	0	78	48189520	936	340	581	282	359.71	0	-1.02	-9.95	0.00	0.00
11	11	ÄÐ	0	10.00	1	0	1	1	0	0	50.00	0	-1	-1	-1	0	60	60	1	1	0	79	48189560	936	339	581	282	359.55	0	-1.04	-9.95	0.00	0.00
11	11	ÄÐ	0	10.00	1	0	1	1	0	0	50.00	0	-1	-1	-1	0	60	60	1	1	0	80	48189600	936	339	581	282	359.55	0	-1.05	-9.94	0.00	0.00
11	11	ÄÐ	0	10.00	1	0	1	1	0	0	50.00	0	-1	-1	-1	0	60	60	1	1	0	81	48189640	936	339	581	282	359.55	0	-1.06	-9.94	0.00	0.00
11	11	ÄÐ	0	10.00	1	0	1	1	0	0	50.00	0	-1	-1	-1	0	60	60	1	1	0	82	48189680	936	338	581	282	359.39	0	-1.08	-9.94	0.00	0.00
11	11	ÄÐ	0	10.00	1	0	1	1	0	0	50.00	0	-1	-1	-1	0	60	60	1	1	0	83	48189720	936	338	581	282	359.39	0	-1.09	-9.94	0.00	0.00
11	11	ÄÐ	0	10.00	1	0	1	1	0	0	50.00	0	-1	-1	-1	0	60	60	1	1	0	84	48189760	936	337	581	282	359.24	0	-1.10	-9.94	0.00	0.00
11	11	ÄÐ	0	10.00	1	0	1	1	0	0	50.00	0	-1	-1	-1	0	60	60	1	1	0	85	48189800	936	337	581	282	359.24	0	-1.12	-9.94	0.00	0.00
11	11	ÄÐ	0	10.00	1	0	1	1	0	0	50.00	0	-1	-1	-1	0	60	60	1	1	0	86	48189840	936	337	581	282	359.24	0	-1.13	-9.94	0.00	0.00
11	11	ÄÐ	0	10.00	1	0	1	1	0	0	50.00	0	-1	-1	-1	0	60	60	1	1	0	87	48189880	936	336	581	282	359.08	0	-1.14	-9.93	0.00	0.00
11	11	ÄÐ	0	10.00	1	0	1	1	0	0	50.00	0	-1	-1	-1	0	60	60	1	1	0	88	48189920	935	336	581	282	358.09	0	-1.16	-9.93	0.00	0.00
11	11	ÄÐ	0	10.00	1	0	1	1	0	0	50.00	0	-1	-1	-1	0	60	60	1	1	0	89	48189960	935	335	581	282	357.95	0	-1.17	-9.93	0.00	0.00
11	11	ÄÐ	0	10.00	1	0	1	1	0	0	50.00	0	-1	-1	-1	0	60	60	1	1	0	90	48190000	935	335	581	282	357.95	0	-1.18	-9.93	0.00	0.00
11	11	ÄÐ	0	10.00	1	0	1	1	0	0	50.00	0	-1	-1	-1	0	60	60	1	1	0	91	48190040	935	335	581	282	357.95	0	-1.20	-9.93	0.00	0.00
11	11	ÄÐ	0	10.00	1	0	1	1	0	0	50.00	0	-1	-1	-1	0	60	60	1	1	0	92	48190080	935	334	581	282	357.80	0	-1.21	-9.93	0.00	0.00
11	11	ÄÐ	0	10.00	1	0	1	1	0	0	50.00	0	-1	-1	-1	0	60	60	1	1	0	93	48190120	935	334	581	282	357.80	0	-1.22	-9.92	0.00	0.00
11	11	ÄÐ	0	10.00	1	0	1	1	0	0	50.00	0	-1	-1	-1	0	60	60	1	1	0	94	48190160	935	333	581	282	357.65	0	-1.24	-9.92	0.00	0.00
11	11	ÄÐ	0	10.00	1	0	1	1	0	0	50.00	0	-1	-1	-1	0	60	60	1	1	0	95	48190200	935	333	581	282	357.65	0	-1.25	-9.92	0.00	0.00
11	11	ÄÐ	0	10.00	1	0	1	1	0	0	50.00	0	-1	-1	-1	0	60	60	1	1	0	96	48190240	935	333	581	282	357.65	0	-1.26	-9.92	0.00	0.00
11	11	ÄÐ	0	10.00	1	0	1	1	0	0	50.00	0	-1	-1	-1	0	60	60	1	1	0	97	48190280	935	332	581	282	357.51	0	-1.28	-9.92	0.00	0.00
11	11	ÄÐ	0	10.00	1	0	1	1	0	0	50.00	0	-1	-1	-1	0	60	60	1	1	0	98	48190320	935	332	581	282	357.51	0	-1.29	-9.92	0.00	0.00
11	11	ÄÐ	0	10.00	1	0	1	1	0	0	50.00	0	-1	-1	-1	0	60	60	1	1	0	99	48190360	935	331	581	282	357.38	0	-1.30	-9.91	0.00	0.00
11	11	ÄÐ	0	10.00	1	0	1	1	0	0	50.00	0	-1	-1	-1	0	60	60	1	1	0	100	48190400	935	331	581	282	357.38	0	-1.32	-9.91	0.00	0.00
11	11	ÄÐ	0	10.00	1	0	1	1	0	0	50.00	0	-1	-1	-1	0	60	60	1	1	0	101	48190440	935	331	581	282	357.38	0	-1.33	-9.91	0.00	0.00
11	11	ÄÐ	0	10.00	1	0	1	1	0	0	50.00	0	-1	-1	-1	0	60	60	1	1	0	102	48190480	935	330	581	282	357.24	0	-1.34	-9.91	0.00	0.00
11	11	ÄÐ	0	10.00	1	0	1	1	0	0	50.00	0	-1	-1	-1	0	60	60	1	1	0	103	48190520	935	330	581	282	357.24	0	-1.36	-9.91	0.00	0.00
11	11	ÄÐ	0	10.00	1	0	1	1	0	0	50.00	0	-1	-1	-1	0	60	60	1	1	0	104	48190560	935	329	581	282	357.11	0	-1.37	-9.91	0.00	0.00
11	11	ÄÐ	0	10.00	1	0	1	1	0	0	50.00	0	-1	-1	-1	0	60	60	1	1	0	105	48190600	935	329	581	282	357.11	0	-1.38	-9.90	0.00	0.00
11	11	ÄÐ	0	10.00	1	0	1	1	0	0	50.00	0	-1	-1	-1	0	60	60	1	1	0	106	48190640	935	329	581	282	357.11	0	-1.40	-9.90	0.00	0.00
11	11	ÄÐ	0	10.00	1	0	1	1	0	0	50.00	0	-1	-1	-1	0	60	60	1	1	0	107	48190680	935	328	581	282	356.98	0	-1.41	-9.90	0.00	0.00
11	11	ÄÐ	0	10.00	1	0	1	1	0	0	50.00	0	-1	-1	-1	0	60	60	1	1	0	108	48190720	934	328	581	282	355.98	0	-1.42	-9.90	0.00	0.00
11	11	ÄÐ	0	10.00	1	0	1	1	0	0	50.00	0	-1	-1	-1	0	60	60	1	1	0	109	48190760	934	327	581	282	355.86	0	-1.44	-9.90	0.00	0.00
11	11	ÄÐ	0	10.00	1	0	1	1	0	0	50.00	0	-1	-1	-1	0	60	60	1	1	0	110	48190800	934	327	581	282	355.86	0	-1.45	-9.89	0.00	0.00
11	11	ÄÐ	0	10.00	1	0	1	1	0	0	50.00	0	-1	-1	-1	0	60	60	1	1	0	111	48190840	934	327	581	282	355.86	0	-1.46	-9.89	0.00	0.00
11	11	ÄÐ	0	10.00	1	0	1	1	0	0	50.00	0	-1	-1	-1	0	60	60	1	1	0	112	48190880	934	326	581	282	355.73	0	-1.48	-9.89	0.00	0.00
11	11	ÄÐ	0	10.00	1	0	1	1	0	0	50.00	0	-1	-1	-1	0	60	60	1	1	0	113	48190920	934	326	581	282	355.73	0	-1.49	-9.89	0.00	0.00
11	11	ÄÐ	0	10.00	1	0	1	1	0	0	50.00	0	-1	-1	-1	0	60	60	1	1	0	114	48190960	934	325	581	282	355.61	0	-1.50	-9.89	0.00	0.00
11	11	ÄÐ	0	10.00	1	0	1	1	0	0	50.00	0	-1	-1	-1	0	60	60	1	1	0	115	48191000	934	325	581	282	355.61	0	-1.51	-9.88	0.00	0.00
11	11	ÄÐ	0	10.00	1	0	1	1	0	0	50.00	0	-1	-1	-1	0	60	60	1	1	0	116	48191040	934	325	581	282	355.61	0	-1.53	-9.88	0.00	0.00
11	11	ÄÐ	0	10.00	1	0	1	1	0	0	50.00	0	-1	-1	-1	0	60	60	1	1	0	117	48191080	934	324	581	282	355.49	0	-1.54	-9.88	0.00	0.00
11	11	ÄÐ	0	10.00	1	0	1	1	0	0	50.00	0	-1	-1	-1	0	60	60	1	1	0	118	48191120	934	324	581	282	355.49	0	-1.55	-9.88	0.00	0.00
11	11	ÄÐ	0	10.00	1	0	1	1	0	0	50.00	0	-1	-1	-1	0	60	60	1	1	0	119	48191160	934	323	581	282	355.37	0	-1.57	-9.88	0.00	0.00
11	11	ÄÐ	0	10.00	1	0	1	1	0	0	50.00	0	-1	-1	-1	0	60	60	1	1	0	120	48191200	934	323	581	282	355.37	0	-1.58	-9.87	0.00	0.00
11	11	ÄÐ	0	10.00	1	0	1	1	0	0	50.00	0	-1	-1	-1	0	60	60	1	1	0	121	48191240	934	323	581	282	355.37	0	-1.59	-9.87	0.00	0.00
11	11	ÄÐ	0	10.00	1	0	1	1	0	0	50.00	0	-1	-1	-1	0	60	60	1	1	0	122	48191280	934	322	581	282	355.26	0	-1.61	-9.87	0.00	0.00
11	11	ÄÐ	0	10.00	1	0	1	1	0	0	50.00	0	-1	-1	-1	0	60	60	1	1	0	123	48191320	934	322	581	282	355.26	0	-1.62	-9.87	0.00	0.00
11	11	ÄÐ	0	10.00	1	0	1	1	0	0	50.00	0	-1	-1	-1	0	60	60	1	1	0	124	48191360	933	321	581	282	354.15	0	-1.63	-9.87	0.00	0.00
11	11	ÄÐ	0	10.00	1	0	1	1	0	0	50.00	0	-1	-1	-1	0	60	60	1	1	0	125	48191400	933	321	581	282	354.15	0	-1.65	-9.86	0.00	0.00
11	11	ÄÐ	0	10.00	1	0	1	1	0	0	50.00	0	-1	-1	-1	0	60	60	1	1	0	126	48191440	933	321	581	282	354.15	0	-1.66	-9.86	0.00	0.00
11	11	ÄÐ	0	10.00	1	0	1	1	0	0	50.00	0	-1	-1	-1	0	60	60	1	1	0	127	48191480	933	320	581	282	354.05	0	-1.67	-9.86	0.00	0.00
11	11	ÄÐ	0	10.00	1	0	1	1	0	0	50.00	0	-1	-1	-1	0	60	60	1	1	0	128	48191520	933	320	581	282	354.05	0	-1.69	-9.86	0.00	0.00
11	11	ÄÐ	0	10.00	1	0	1	1	0	0	50.00	0	-1	-1	-1	0	60	60	1	1	0	129	48191560	933	320	581	282	354.05	0	-1.70	-9.85	0.00	0.00
11	11	ÄÐ	0	10.00	1	0	1	1	0	0	50.00	0	-1	-1	-1	0	60	60	1	1	0	130	48191600	933	319	581	282	353.94	0	-1.71	-9.85	0.00	0.00
11	11	ÄÐ	0	10.00	1	0	1	1	0	0	50.00	0	-1	-1	-1	0	60	60	1	1	0	131	48191640	933	319	581	282	353.94	0	-1.73	-9.85	0.00	0.00
11	11	ÄÐ	0	10.00	1	0	1	1	0	0	50.00	0	-1	-1	-1	0	60	60	1	1	0	132	48191680	933	318	581	282	353.84	0	-1.74	-9.85	0.00	0.00
11	11	ÄÐ	0	10.00	1	0	1	1	0	0	50.00	0	-1	-1	-1	0	60	60	1	1	0	133	48191720	933	318	581	282	353.84	0	-1.75	-9.85	0.00	0.00
11	11	ÄÐ	0	10.00	1	0	1	1	0	0	50.00	0	-1	-1	-1	0	60	60	1	1	0	134	48191760	933	318	581	282	353.84	0	-1.77	-9.84	0.00	0.00
11	11	ÄÐ	0	10.00	1	0	1	1	0	0	50.00	0	-1	-1	-1	0	60	60	1	1	0	135	48191800	933	317	581	282	353.74	0	-1.78	-9.84	0.00	0.00
11	11	ÄÐ	0	10.00	1	0	1	1	0	0	50.00	0	-1	-1	-1	0	60	60	1	1	0	136	48191840	933	317	581	282	353.74	0	-1.79	-9.84	0.00	0.00
11	11	ÄÐ	0	10.00	1	0	1	1	0	0	50.00	0	-1	-1	-1	0	60	60	1	1	0	137	48191880	933	316	581	282	353.64	0	-1.80	-9.84	0.00	0.00
11	11	ÄÐ	0	10.00	1	0	1	1	0	0	50.00	0	-1	-1	-1	0	60	60	1	1	0	138	48191920	933	316	581	282	353.64	0	-1.82	-9.83	0.00	0.00
11	11	ÄÐ	0	10.00	1	0	1	1	0	0	50.00	0	-1	-1	-1	0	60	60	1	1	0	139	48191960	932	316	581	282	352.64	0	-1.83	-9.83	0.00	0.00
11	11	ÄÐ	0	10.00	1	0	1	1	0	0	50.00	0	-1	-1	-1	0	60	60	1	1	0	140	48192000	932	315	581	282	352.55	0	-1.84	-9.83	0.00	0.00
11	11	ÄÐ	0	10.00	1	0	1	1	0	0	50.00	0	-1	-1	-1	0	60	60	1	1	0	141	48192040	932	315	581	282	352.55	0	-1.86	-9.83	0.00	0.00
11	11	ÄÐ	0	10.00	1	0	1	1	0	0	50.00	0	-1	-1	-1	0	60	60	1	1	0	142	48192080	932	314	581	282	352.46	0	-1.87	-9.82	0.00	0.00
11	11	ÄÐ	0	10.00	1	0	1	1	0	0	50.00	0	-1	-1	-1	0	60	60	1	1	0	143	48192120	932	314	581	282	352.46	0	-1.88	-9.82	0.00	0.00
11	11	ÄÐ	0	10.00	1	0	1	1	0	0	50.00	0	-1	-1	-1	0	60	60	1	1	0	144	48192160	932	314	581	282	352.46	0	-1.90	-9.82	0.00	0.00
11	11	ÄÐ	0	10.00	1	0	1	1	0	0	50.00	0	-1	-1	-1	0	60	60	1	1	0	145	48192200	932	313	581	282	352.37	0	-1.91	-9.82	0.00	0.00
11	11	ÄÐ	0	10.00	1	0	1	1	0	0	50.00	0	-1	-1	-1	0	60	60	1	1	0	146	48192240	932	313	581	282	352.37	0	-1.92	-9.81	0.00	0.00
11	11	ÄÐ	0	10.00	1	0	1	1	0	0	50.00	0	-1	-1	-1	0	60	60	1	1	0	147	48192280	932	312	581	282	352.28	0	-1.94	-9.81	0.00	0.00
11	11	ÄÐ	0	10.00	1	0	1	1	0	0	50.00	0	-1	-1	-1	0	60	60	1	1	0	148	48192320	932	312	581	282	352.28	0	-1.95	-9.81	0.00	0.00
11	11	ÄÐ	0	10.00	1	0	1	1	0	0	50.00	0	-1	-1	-1	0	60	60	1	1	0	149	48192360	932	312	581	282	352.28	0	-1.96	-9.81	0.00	0.00
11	11	ÄÐ	0	10.00	1	0	1	1	0	0	50.00	0	-1	-1	-1	0	60	60	1	1	0	150	48192400	932	311	581	282	352.20	0	-1.97	-9.80	0.00	0.00
11	11	ÄÐ	0	10.00	1	0	1	1	0	0	50.00	0	-1	-1	-1	0	60	60	1	1	0	151	48192440	932	311	581	282	352.20	0	-1.99	-9.80	0.00	0.00
11	11	ÄÐ	0	10.00	1	0	1	1	0	0	50.00	0	-1	-1	-1	0	60	60	1	1	0	152	48192480	931	310	581	282	351.12	0	-2.00	-9.80	0.00	0.00
11	11	ÄÐ	0	10.00	1	0	1	1	0	0	50.00	0	-1	-1	-1	0	60	60	1	1	0	153	48192520	931	310	581	282	351.12	0	-2.01	-9.80	0.00	0.00
11	11	ÄÐ	0	10.00	1	0	1	1	0	0	50.00	0	-1	-1	-1	0	60	60	1	1	0	154	48192560	931	310	581	282	351.12	0	-2.03	-9.79	0.00	0.00
11	11	ÄÐ	0	10.00	1	0	1	1	0	0	50.00	0	-1	-1	-1	0	60	60	1	1	0	155	48192600	931	309	581	282	351.04	0	-2.04	-9.79	0.00	0.00
11	11	ÄÐ	0	10.00	1	0	1	1	0	0	50.00	0	-1	-1	-1	0	60	60	1	1	0	156	48192640	931	309	581	282	351.04	0	-2.05	-9.79	0.00	0.00
11	11	ÄÐ	0	10.00	1	0	1	1	0	0	50.00	0	-1	-1	-1	0	60	60	1	1	0	157	48192680	931	309	581	282	351.04	0	-2.07	-9.78	0.00	0.00
11	11	ÄÐ	0	10.00	1	0	1	1	0	0	50.00	0	-1	-1	-1	0	60	60	1	1	0	158	48192720	931	308	581	282	350.96	0	-2.08	-9.78	0.00	0.00
11	11	ÄÐ	0	10.00	1	0	1	1	0	0	50.00	0	-1	-1	-1	0	60	60	1	1	0	159	48192760	931	308	581	282	350.96	0	-2.09	-9.78	0.00	0.00
11	11	ÄÐ	0	10.00	1	0	1	1	0	0	50.00	0	-1	-1	-1	0	60	60	1	1	0	160	48192800	931	307	581	282	350.89	0	-2.11	-9.78	0.00	0.00
11	11	ÄÐ	0	10.00	1	0	1	1	0	0	50.00	0	-1	-1	-1	0	60	60	1	1	0	161	48192840	931	307	581	282	350.89	0	-2.12	-9.77	0.00	0.00
11	11	ÄÐ	0	10.00	1	0	1	1	0	0	50.00	0	-1	-1	-1	0	60	60	1	1	0	162	48192880	931	307	581	282	350.89	0	-2.13	-9.77	0.00	0.00
11	11	ÄÐ	0	10.00	1	0	1	1	0	0	50.00	0	-1	-1	-1	0	60	60	1	1	0	163	48192920	931	306	581	282	350.82	0	-2.14	-9.77	0.00	0.00
11	11	ÄÐ	0	10.00	1	0	1	1	0	0	50.00	0	-1	-1	-1	0	60	60	1	1	0	164	48192960	930	306	581	282	349.82	0	-2.16	-9.76	0.00	0.00
11	11	ÄÐ	0	10.00	1	0	1	1	0	0	50.00	0	-1	-1	-1	0	60	60	1	1	0	165	48193000	930	305	581	282	349.76	0	-2.17	-9.76	0.00	0.00
11	11	ÄÐ	0	10.00	1	0	1	1	0	0	50.00	0	-1	-1	-1	0	60	60	1	1	0	166	48193040	930	305	581	282	349.76	0	-2.18	-9.76	0.00	0.00
11	11	ÄÐ	0	10.00	1	0	1	1	0	0	50.00	0	-1	-1	-1	0	60	60	1	1	0	167	48193080	930	305	581	282	349.76	0	-2.20	-9.76	0.00	0.00
11	11	ÄÐ	0	10.00	1	0	1	1	0	0	50.00	0	-1	-1	-1	0	60	60	1	1	0	168	48193120	930	304	581	282	349.69	0	-2.21	-9.75	0.00	0.00
11	11	ÄÐ	0	10.00	1	0	1	1	0	0	50.00	0	-1	-1	-1	0	60	60	1	1	0	169	48193160	930	304	581	282	349.69	0	-2.22	-9.75	0.00	0.00
11	11	ÄÐ	0	10.00	1	0	1	1	0	0	50.00	0	-1	-1	-1	0	60	60	1	1	0	170	48193200	930	303	581	282	349.63	0	-2.24	-9.75	0.00	0.00
11	11	ÄÐ	0	10.00	1	0	1	1	0	0	50.00	0	-1	-1	-1	0	60	60	1	1	0	171	48193240	930	303	581	282	349.63	0	-2.25	-9.74	0.00	0.00
11	11	ÄÐ	0	10.00	1	0	1	1	0	0	50.00	0	-1	-1	-1	0	60	60	1	1	0	172	48193280	930	303	581	282	349.63	0	-2.26	-9.74	0.00	0.00
11	11	ÄÐ	0	10.00	1	0	1	1	0	0	50.00	0	-1	-1	-1	0	60	60	1	1	0	173	48193320	930	302	581	282	349.57	0	-2.27	-9.74	0.00	0.00
11	11	ÄÐ	0	10.00	1	0	1	1	0	0	50.00	0	-1	-1	-1	0	60	60	1	1	0	174	48193360	930	302	581	282	349.57	0	-2.29	-9.73	0.00	0.00
11	11	ÄÐ	0	10.00	1	0	1	1	0	0	50.00	0	-1	-1	-1	0	60	60	1	1	0	175	48193400	929	301	581	282	348.52	0	-2.30	-9.73	0.00	0.00
11	11	ÄÐ	0	10.00	1	0	1	1	0	0	50.00	0	-1	-1	-1	0	60	60	1	1	0	176	48193440	929	301	581	282	348.52	0	-2.31	-9.73	0.00	0.00
11	11	ÄÐ	0	10.00	1	0	1	1	0	0	50.00	0	-1	-1	-1	0	60	60	1	1	0	177	48193480	929	301	581	282	348.52	0	-2.33	-9.73	0.00	0.00
11	11	ÄÐ	0	10.00	1	0	1	1	0	0	50.00	0	-1	-1	-1	0	60	60	1	1	0	178	48193520	929	300	581	282	348.47	0	-2.34	-9.72	0.00	0.00
11	11	ÄÐ	0	10.00	1	0	1	1	0	0	50.00	0	-1	-1	-1	0	60	60	1	1	0	179	48193560	929	300	581	282	348.47	0	-2.35	-9.72	0.00	0.00
11	11	ÄÐ	0	10.00	1	0	1	1	0	0	50.00	0	-1	-1	-1	0	60	60	1	1	0	180	48193600	929	300	581	282	348.47	0	-2.37	-9.72	0.00	0.00
11	11	ÄÐ	0	10.00	1	0	1	1	0	0	50.00	0	-1	-1	-1	0	60	60	1	1	0	181	48193640	929	299	581	282	348.41	0	-2.38	-9.71	0.00	0.00
11	11	ÄÐ	0	10.00	1	0	1	1	0	0	50.00	0	-1	-1	-1	0	60	60	1	1	0	182	48193680	929	299	581	282	348.41	0	-2.39	-9.71	0.00	0.00
11	11	ÄÐ	0	10.00	1	0	1	1	0	0	50.00	0	-1	-1	-1	0	60	60	1	1	0	183	48193720	929	298	581	282	348.37	0	-2.40	-9.71	0.00	0.00
11	11	ÄÐ	0	10.00	1	0	1	1	0	0	50.00	0	-1	-1	-1	0	60	60	1	1	0	184	48193760	929	298	581	282	348.37	0	-2.42	-9.70	0.00	0.00
11	11	ÄÐ	0	10.00	1	0	1	1	0	0	50.00	0	-1	-1	-1	0	60	60	1	1	0	185	48193800	929	298	581	282	348.37	0	-2.43	-9.70	0.00	0.00
11	11	ÄÐ	0	10.00	1	0	1	1	0	0	50.00	0	-1	-1	-1	0	60	60	1	1	0	186	48193840	928	297	581	282	347.32	0	-2.44	-9.70	0.00	0.00
11	11	ÄÐ	0	10.00	1	0	1	1	0	0	50.00	0	-1	-1	-1	0	60	60	1	1	0	187	48193880	928	297	581	282	347.32	0	-2.46	-9.69	0.00	0.00
11	11	ÄÐ	0	10.00	1	0	1	1	0	0	50.00	0	-1	-1	-1	0	60	60	1	1	0	188	48193920	928	296	581	282	347.28	0	-2.47	-9.69	0.00	0.00
11	11	ÄÐ	0	10.00	1	0	1	1	0	0	50.00	0	-1	-1	-1	0	60	60	1	1	0	189	48193960	928	296	581	282	347.28	0	-2.48	-9.69	0.00	0.00
11	11	ÄÐ	0	10.00	1	0	1	1	0	0	50.00	0	-1	-1	-1	0	60	60	1	1	0	190	48194000	928	296	581	282	347.28	0	-2.49	-9.68	0.00	0.00
11	11	ÄÐ	0	10.00	1	0	1	1	0	0	50.00	0	-1	-1	-1	0	60	60	1	1	0	191	48194040	928	295	581	282	347.24	0	-2.51	-9.68	0.00	0.00
11	11	ÄÐ	0	10.00	1	0	1	1	0	0	50.00	0	-1	-1	-1	0	60	60	1	1	0	192	48194080	928	295	581	282	347.24	0	-2.52	-9.68	0.00	0.00
11	11	ÄÐ	0	10.00	1	0	1	1	0	0	50.00	0	-1	-1	-1	0	60	60	1	1	0	193	48194120	928	295	581	282	347.24	0	-2.53	-9.67	0.00	0.00
11	11	ÄÐ	0	10.00	1	0	1	1	0	0	50.00	0	-1	-1	-1	0	60	60	1	1	0	194	48194160	928	294	581	282	347.21	0	-2.55	-9.67	0.00	0.00
11	11	ÄÐ	0	10.00	1	0	1	1	0	0	50.00	0	-1	-1	-1	0	60	60	1	1	0	195	48194200	928	294	581	282	347.21	0	-2.56	-9.67	0.00	0.00
11	11	ÄÐ	0	10.00	1	0	1	1	0	0	50.00	0	-1	-1	-1	0	60	60	1	1	0	196	48194240	927	293	581	282	346.17	0	-2.57	-9.66	0.00	0.00
11	11	ÄÐ	0	10.00	1	0	1	1	0	0	50.00	0	-1	-1	-1	0	60	60	1	1	0	197	48194280	927	293	581	282	346.17	0	-2.58	-9.66	0.00	0.00
11	11	ÄÐ	0	10.00	1	0	1	1	0	0	50.00	0	-1	-1	-1	0	60	60	1	1	0	198	48194320	927	293	581	282	346.17	0	-2.60	-9.66	0.00	0.00
11	11	ÄÐ	0	10.00	1	0	1	1	0	0	50.00	0	-1	-1	-1	0	60	60	1	1	0	199	48194360	927	292	581	282	346.14	0	-2.61	-9.65	0.00	0.00
11	11	ÄÐ	0	10.00	1	0	1	1	0	0	50.00	0	-1	-1	-1	0	60	60	1	1	0	200	48194400	927	292	581	282	346.14	0	-2.62	-9.65	0.00	0.00
