ID	Name	Sex	Session	DistanceError	PracMode	ExperMode	MainTask	SubTask	MainTaskMode	Background	InitSpeed	EventMode	CodePairMode	CodePairNum	DisplayMode	EventFrequency	PracTime	ExperTime	PracTimes	ExperTimes	Pra_Test	PointNum	PointTime	ObjPointX	ObjPointY	PostPointX	PostPointY	Distance	Hit	ObjSpeedX	ObjSpeedY	PostSpeedX	PostSpeedY
11	11	ÄÐ	0	10.00	1	0	1	1	0	0	50.00	0	-1	-1	-1	0	60	60	1	1	0	1	46543213	938	371	638	371	0.00	0	-0.00	-10.00	0.00	0.00
11	11	ÄÐ	0	10.00	1	0	1	1	0	0	50.00	0	-1	-1	-1	0	60	60	1	1	0	2	46543253	937	370	638	371	299.00	0	-0.01	-10.00	200.00	-200.00
11	11	ÄÐ	0	10.00	1	0	1	1	0	0	50.00	0	-1	-1	-1	0	60	60	1	1	0	3	46543293	937	370	646	362	291.11	0	-0.03	-10.00	200.00	-200.00
11	11	ÄÐ	0	10.00	1	0	1	1	0	0	50.00	0	-1	-1	-1	0	60	60	1	1	0	4	46543333	937	369	654	354	283.40	0	-0.04	-10.00	200.00	-200.00
11	11	ÄÐ	0	10.00	1	0	1	1	0	0	50.00	0	-1	-1	-1	0	60	60	1	1	0	5	46543373	937	369	662	346	275.96	0	-0.05	-10.00	0.00	0.00
11	11	ÄÐ	0	10.00	1	0	1	1	0	0	50.00	0	-1	-1	-1	0	60	60	1	1	0	6	46543413	937	368	662	346	275.88	0	-0.07	-10.00	0.00	0.00
11	11	ÄÐ	0	10.00	1	0	1	1	0	0	50.00	0	-1	-1	-1	0	60	60	1	1	0	7	46543453	937	368	662	346	275.88	0	-0.08	-10.00	0.00	0.00
11	11	ÄÐ	0	10.00	1	0	1	1	0	0	50.00	0	-1	-1	-1	0	60	60	1	1	0	8	46543493	937	368	662	346	275.88	0	-0.09	-10.00	0.00	0.00
11	11	ÄÐ	0	10.00	1	0	1	1	0	0	50.00	0	-1	-1	-1	0	60	60	1	1	0	9	46543533	937	367	662	346	275.80	0	-0.11	-10.00	0.00	0.00
11	11	ÄÐ	0	10.00	1	0	1	1	0	0	50.00	0	-1	-1	-1	0	60	60	1	1	0	10	46543573	937	367	662	346	275.80	0	-0.12	-10.00	0.00	0.00
11	11	ÄÐ	0	10.00	1	0	1	1	0	0	50.00	0	-1	-1	-1	0	60	60	1	1	0	11	46543613	937	367	662	346	275.80	0	-0.13	-10.00	0.00	0.00
11	11	ÄÐ	0	10.00	1	0	1	1	0	0	50.00	0	-1	-1	-1	0	60	60	1	1	0	12	46543653	937	366	662	346	275.73	0	-0.15	-10.00	0.00	0.00
11	11	ÄÐ	0	10.00	1	0	1	1	0	0	50.00	0	-1	-1	-1	0	60	60	1	1	0	13	46543693	937	366	662	346	275.73	0	-0.16	-10.00	0.00	0.00
11	11	ÄÐ	0	10.00	1	0	1	1	0	0	50.00	0	-1	-1	-1	0	60	60	1	1	0	14	46543733	937	365	662	346	275.66	0	-0.17	-10.00	0.00	0.00
11	11	ÄÐ	0	10.00	1	0	1	1	0	0	50.00	0	-1	-1	-1	0	60	60	1	1	0	15	46543773	937	365	662	346	275.66	0	-0.19	-10.00	0.00	0.00
11	11	ÄÐ	0	10.00	1	0	1	1	0	0	50.00	0	-1	-1	-1	0	60	60	1	1	0	16	46543813	937	365	662	346	275.66	0	-0.20	-10.00	0.00	0.00
11	11	ÄÐ	0	10.00	1	0	1	1	0	0	50.00	0	-1	-1	-1	0	60	60	1	1	0	17	46543853	937	364	662	346	275.59	0	-0.21	-10.00	0.00	0.00
11	11	ÄÐ	0	10.00	1	0	1	1	0	0	50.00	0	-1	-1	-1	0	60	60	1	1	0	18	46543893	937	364	662	346	275.59	0	-0.23	-10.00	0.00	0.00
11	11	ÄÐ	0	10.00	1	0	1	1	0	0	50.00	0	-1	-1	-1	0	60	60	1	1	0	19	46543933	937	363	662	346	275.52	0	-0.24	-10.00	0.00	0.00
11	11	ÄÐ	0	10.00	1	0	1	1	0	0	50.00	0	-1	-1	-1	0	60	60	1	1	0	20	46543973	937	363	662	346	275.52	0	-0.25	-10.00	0.00	0.00
11	11	ÄÐ	0	10.00	1	0	1	1	0	0	50.00	0	-1	-1	-1	0	60	60	1	1	0	21	46544013	937	363	662	346	275.52	0	-0.27	-10.00	0.00	0.00
11	11	ÄÐ	0	10.00	1	0	1	1	0	0	50.00	0	-1	-1	-1	0	60	60	1	1	0	22	46544053	937	362	662	346	275.47	0	-0.28	-10.00	0.00	0.00
11	11	ÄÐ	0	10.00	1	0	1	1	0	0	50.00	0	-1	-1	-1	0	60	60	1	1	0	23	46544093	937	362	662	346	275.47	0	-0.29	-10.00	0.00	0.00
11	11	ÄÐ	0	10.00	1	0	1	1	0	0	50.00	0	-1	-1	-1	0	60	60	1	1	0	24	46544133	937	361	662	346	275.41	0	-0.31	-10.00	0.00	0.00
11	11	ÄÐ	0	10.00	1	0	1	1	0	0	50.00	0	-1	-1	-1	0	60	60	1	1	0	25	46544173	937	361	662	346	275.41	0	-0.32	-9.99	0.00	0.00
11	11	ÄÐ	0	10.00	1	0	1	1	0	0	50.00	0	-1	-1	-1	0	60	60	1	1	0	26	46544213	937	361	662	346	275.41	0	-0.33	-9.99	0.00	0.00
11	11	ÄÐ	0	10.00	1	0	1	1	0	0	50.00	0	-1	-1	-1	0	60	60	1	1	0	27	46544253	937	360	662	346	275.36	0	-0.35	-9.99	0.00	0.00
11	11	ÄÐ	0	10.00	1	0	1	1	0	0	50.00	0	-1	-1	-1	0	60	60	1	1	0	28	46544293	937	360	662	346	275.36	0	-0.36	-9.99	0.00	0.00
11	11	ÄÐ	0	10.00	1	0	1	1	0	0	50.00	0	-1	-1	-1	0	60	60	1	1	0	29	46544333	937	359	662	346	275.31	0	-0.37	-9.99	0.00	0.00
11	11	ÄÐ	0	10.00	1	0	1	1	0	0	50.00	0	-1	-1	-1	0	60	60	1	1	0	30	46544373	937	359	662	346	275.31	0	-0.39	-9.99	0.00	0.00
11	11	ÄÐ	0	10.00	1	0	1	1	0	0	50.00	0	-1	-1	-1	0	60	60	1	1	0	31	46544413	937	359	662	346	275.31	0	-0.40	-9.99	0.00	0.00
11	11	ÄÐ	0	10.00	1	0	1	1	0	0	50.00	0	-1	-1	-1	0	60	60	1	1	0	32	46544453	937	358	662	346	275.26	0	-0.41	-9.99	0.00	0.00
11	11	ÄÐ	0	10.00	1	0	1	1	0	0	50.00	0	-1	-1	-1	0	60	60	1	1	0	33	46544493	937	358	662	346	275.26	0	-0.43	-9.99	0.00	0.00
11	11	ÄÐ	0	10.00	1	0	1	1	0	0	50.00	0	-1	-1	-1	0	60	60	1	1	0	34	46544533	937	357	662	346	275.22	0	-0.44	-9.99	0.00	0.00
11	11	ÄÐ	0	10.00	1	0	1	1	0	0	50.00	0	-1	-1	-1	0	60	60	1	1	0	35	46544573	937	357	662	346	275.22	0	-0.45	-9.99	0.00	0.00
11	11	ÄÐ	0	10.00	1	0	1	1	0	0	50.00	0	-1	-1	-1	0	60	60	1	1	0	36	46544613	937	357	662	346	275.22	0	-0.47	-9.99	0.00	0.00
11	11	ÄÐ	0	10.00	1	0	1	1	0	0	50.00	0	-1	-1	-1	0	60	60	1	1	0	37	46544653	937	356	662	346	275.18	0	-0.48	-9.99	0.00	0.00
11	11	ÄÐ	0	10.00	1	0	1	1	0	0	50.00	0	-1	-1	-1	0	60	60	1	1	0	38	46544693	937	356	662	346	275.18	0	-0.49	-9.99	0.00	0.00
11	11	ÄÐ	0	10.00	1	0	1	1	0	0	50.00	0	-1	-1	-1	0	60	60	1	1	0	39	46544733	937	355	662	346	275.15	0	-0.51	-9.99	0.00	0.00
11	11	ÄÐ	0	10.00	1	0	1	1	0	0	50.00	0	-1	-1	-1	0	60	60	1	1	0	40	46544773	937	355	662	346	275.15	0	-0.52	-9.99	0.00	0.00
11	11	ÄÐ	0	10.00	1	0	1	1	0	0	50.00	0	-1	-1	-1	0	60	60	1	1	0	41	46544813	937	355	662	346	275.15	0	-0.53	-9.99	0.00	0.00
11	11	ÄÐ	0	10.00	1	0	1	1	0	0	50.00	0	-1	-1	-1	0	60	60	1	1	0	42	46544853	937	354	662	346	275.12	0	-0.55	-9.99	0.00	0.00
11	11	ÄÐ	0	10.00	1	0	1	1	0	0	50.00	0	-1	-1	-1	0	60	60	1	1	0	43	46544893	937	354	662	346	275.12	0	-0.56	-9.98	0.00	0.00
11	11	ÄÐ	0	10.00	1	0	1	1	0	0	50.00	0	-1	-1	-1	0	60	60	1	1	0	44	46544933	937	353	662	346	275.09	0	-0.57	-9.98	0.00	0.00
11	11	ÄÐ	0	10.00	1	0	1	1	0	0	50.00	0	-1	-1	-1	0	60	60	1	1	0	45	46544973	937	353	662	346	275.09	0	-0.59	-9.98	0.00	0.00
11	11	ÄÐ	0	10.00	1	0	1	1	0	0	50.00	0	-1	-1	-1	0	60	60	1	1	0	46	46545013	937	353	662	346	275.09	0	-0.60	-9.98	0.00	0.00
11	11	ÄÐ	0	10.00	1	0	1	1	0	0	50.00	0	-1	-1	-1	0	60	60	1	1	0	47	46545053	937	352	662	346	275.07	0	-0.61	-9.98	0.00	0.00
11	11	ÄÐ	0	10.00	1	0	1	1	0	0	50.00	0	-1	-1	-1	0	60	60	1	1	0	48	46545093	937	352	662	346	275.07	0	-0.63	-9.98	0.00	0.00
11	11	ÄÐ	0	10.00	1	0	1	1	0	0	50.00	0	-1	-1	-1	0	60	60	1	1	0	49	46545133	937	351	662	346	275.05	0	-0.64	-9.98	0.00	0.00
11	11	ÄÐ	0	10.00	1	0	1	1	0	0	50.00	0	-1	-1	-1	0	60	60	1	1	0	50	46545173	937	351	662	346	275.05	0	-0.65	-9.98	0.00	0.00
11	11	ÄÐ	0	10.00	1	0	1	1	0	0	50.00	0	-1	-1	-1	0	60	60	1	1	0	51	46545213	937	351	662	346	275.05	0	-0.67	-9.98	0.00	0.00
11	11	ÄÐ	0	10.00	1	0	1	1	0	0	50.00	0	-1	-1	-1	0	60	60	1	1	0	52	46545253	937	350	662	346	275.03	0	-0.68	-9.98	0.00	0.00
11	11	ÄÐ	0	10.00	1	0	1	1	0	0	50.00	0	-1	-1	-1	0	60	60	1	1	0	53	46545293	937	350	662	346	275.03	0	-0.69	-9.98	0.00	0.00
11	11	ÄÐ	0	10.00	1	0	1	1	0	0	50.00	0	-1	-1	-1	0	60	60	1	1	0	54	46545333	937	349	662	346	275.02	0	-0.71	-9.98	0.00	0.00
11	11	ÄÐ	0	10.00	1	0	1	1	0	0	50.00	0	-1	-1	-1	0	60	60	1	1	0	55	46545373	937	349	662	346	275.02	0	-0.72	-9.97	0.00	0.00
11	11	ÄÐ	0	10.00	1	0	1	1	0	0	50.00	0	-1	-1	-1	0	60	60	1	1	0	56	46545413	937	349	662	346	275.02	0	-0.73	-9.97	0.00	0.00
11	11	ÄÐ	0	10.00	1	0	1	1	0	0	50.00	0	-1	-1	-1	0	60	60	1	1	0	57	46545453	937	348	662	346	275.01	0	-0.75	-9.97	0.00	0.00
11	11	ÄÐ	0	10.00	1	0	1	1	0	0	50.00	0	-1	-1	-1	0	60	60	1	1	0	58	46545493	937	348	662	346	275.01	0	-0.76	-9.97	0.00	0.00
11	11	ÄÐ	0	10.00	1	0	1	1	0	0	50.00	0	-1	-1	-1	0	60	60	1	1	0	59	46545533	937	347	662	346	275.00	0	-0.77	-9.97	0.00	0.00
11	11	ÄÐ	0	10.00	1	0	1	1	0	0	50.00	0	-1	-1	-1	0	60	60	1	1	0	60	46545573	937	347	662	346	275.00	0	-0.79	-9.97	0.00	0.00
11	11	ÄÐ	0	10.00	1	0	1	1	0	0	50.00	0	-1	-1	-1	0	60	60	1	1	0	61	46545613	937	347	662	346	275.00	0	-0.80	-9.97	0.00	0.00
11	11	ÄÐ	0	10.00	1	0	1	1	0	0	50.00	0	-1	-1	-1	0	60	60	1	1	0	62	46545653	937	346	662	346	275.00	0	-0.81	-9.97	0.00	0.00
11	11	ÄÐ	0	10.00	1	0	1	1	0	0	50.00	0	-1	-1	-1	0	60	60	1	1	0	63	46545693	936	346	662	346	274.00	0	-0.83	-9.97	0.00	0.00
11	11	ÄÐ	0	10.00	1	0	1	1	0	0	50.00	0	-1	-1	-1	0	60	60	1	1	0	64	46545733	936	345	662	346	274.00	0	-0.84	-9.96	0.00	0.00
11	11	ÄÐ	0	10.00	1	0	1	1	0	0	50.00	0	-1	-1	-1	0	60	60	1	1	0	65	46545773	936	345	662	346	274.00	0	-0.85	-9.96	0.00	0.00
11	11	ÄÐ	0	10.00	1	0	1	1	0	0	50.00	0	-1	-1	-1	0	60	60	1	1	0	66	46545813	936	345	662	346	274.00	0	-0.87	-9.96	0.00	0.00
11	11	ÄÐ	0	10.00	1	0	1	1	0	0	50.00	0	-1	-1	-1	0	60	60	1	1	0	67	46545853	936	344	662	346	274.01	0	-0.88	-9.96	0.00	0.00
11	11	ÄÐ	0	10.00	1	0	1	1	0	0	50.00	0	-1	-1	-1	0	60	60	1	1	0	68	46545893	936	344	662	346	274.01	0	-0.89	-9.96	0.00	0.00
11	11	ÄÐ	0	10.00	1	0	1	1	0	0	50.00	0	-1	-1	-1	0	60	60	1	1	0	69	46545933	936	343	662	346	274.02	0	-0.91	-9.96	0.00	0.00
11	11	ÄÐ	0	10.00	1	0	1	1	0	0	50.00	0	-1	-1	-1	0	60	60	1	1	0	70	46545973	936	343	662	346	274.02	0	-0.92	-9.96	0.00	0.00
11	11	ÄÐ	0	10.00	1	0	1	1	0	0	50.00	0	-1	-1	-1	0	60	60	1	1	0	71	46546013	936	343	662	346	274.02	0	-0.93	-9.96	0.00	0.00
11	11	ÄÐ	0	10.00	1	0	1	1	0	0	50.00	0	-1	-1	-1	0	60	60	1	1	0	72	46546053	936	342	662	346	274.03	0	-0.95	-9.96	0.00	0.00
11	11	ÄÐ	0	10.00	1	0	1	1	0	0	50.00	0	-1	-1	-1	0	60	60	1	1	0	73	46546093	936	342	662	346	274.03	0	-0.96	-9.95	0.00	0.00
11	11	ÄÐ	0	10.00	1	0	1	1	0	0	50.00	0	-1	-1	-1	0	60	60	1	1	0	74	46546133	936	341	662	346	274.05	0	-0.97	-9.95	0.00	0.00
11	11	ÄÐ	0	10.00	1	0	1	1	0	0	50.00	0	-1	-1	-1	0	60	60	1	1	0	75	46546173	936	341	662	346	274.05	0	-0.99	-9.95	0.00	0.00
11	11	ÄÐ	0	10.00	1	0	1	1	0	0	50.00	0	-1	-1	-1	0	60	60	1	1	0	76	46546213	936	341	662	346	274.05	0	-1.00	-9.95	0.00	0.00
11	11	ÄÐ	0	10.00	1	0	1	1	0	0	50.00	0	-1	-1	-1	0	60	60	1	1	0	77	46546253	936	340	662	346	274.07	0	-1.01	-9.95	0.00	0.00
11	11	ÄÐ	0	10.00	1	0	1	1	0	0	50.00	0	-1	-1	-1	0	60	60	1	1	0	78	46546293	936	340	662	346	274.07	0	-1.02	-9.95	0.00	0.00
11	11	ÄÐ	0	10.00	1	0	1	1	0	0	50.00	0	-1	-1	-1	0	60	60	1	1	0	79	46546333	936	339	662	346	274.09	0	-1.04	-9.95	0.00	0.00
11	11	ÄÐ	0	10.00	1	0	1	1	0	0	50.00	0	-1	-1	-1	0	60	60	1	1	0	80	46546373	936	339	662	346	274.09	0	-1.05	-9.94	0.00	0.00
11	11	ÄÐ	0	10.00	1	0	1	1	0	0	50.00	0	-1	-1	-1	0	60	60	1	1	0	81	46546413	936	339	662	346	274.09	0	-1.06	-9.94	0.00	0.00
11	11	ÄÐ	0	10.00	1	0	1	1	0	0	50.00	0	-1	-1	-1	0	60	60	1	1	0	82	46546453	936	338	662	346	274.12	0	-1.08	-9.94	0.00	0.00
11	11	ÄÐ	0	10.00	1	0	1	1	0	0	50.00	0	-1	-1	-1	0	60	60	1	1	0	83	46546493	936	338	662	346	274.12	0	-1.09	-9.94	0.00	0.00
11	11	ÄÐ	0	10.00	1	0	1	1	0	0	50.00	0	-1	-1	-1	0	60	60	1	1	0	84	46546533	936	337	662	346	274.15	0	-1.10	-9.94	0.00	0.00
11	11	ÄÐ	0	10.00	1	0	1	1	0	0	50.00	0	-1	-1	-1	0	60	60	1	1	0	85	46546573	936	337	662	346	274.15	0	-1.12	-9.94	0.00	0.00
11	11	ÄÐ	0	10.00	1	0	1	1	0	0	50.00	0	-1	-1	-1	0	60	60	1	1	0	86	46546613	936	337	662	346	274.15	0	-1.13	-9.94	0.00	0.00
11	11	ÄÐ	0	10.00	1	0	1	1	0	0	50.00	0	-1	-1	-1	0	60	60	1	1	0	87	46546653	936	336	662	346	274.18	0	-1.14	-9.93	0.00	0.00
11	11	ÄÐ	0	10.00	1	0	1	1	0	0	50.00	0	-1	-1	-1	0	60	60	1	1	0	88	46546693	935	336	662	346	273.18	0	-1.16	-9.93	0.00	0.00
11	11	ÄÐ	0	10.00	1	0	1	1	0	0	50.00	0	-1	-1	-1	0	60	60	1	1	0	89	46546733	935	335	662	346	273.22	0	-1.17	-9.93	0.00	0.00
11	11	ÄÐ	0	10.00	1	0	1	1	0	0	50.00	0	-1	-1	-1	0	60	60	1	1	0	90	46546773	935	335	662	346	273.22	0	-1.18	-9.93	0.00	0.00
11	11	ÄÐ	0	10.00	1	0	1	1	0	0	50.00	0	-1	-1	-1	0	60	60	1	1	0	91	46546813	935	335	662	346	273.22	0	-1.20	-9.93	0.00	0.00
11	11	ÄÐ	0	10.00	1	0	1	1	0	0	50.00	0	-1	-1	-1	0	60	60	1	1	0	92	46546853	935	334	662	346	273.26	0	-1.21	-9.93	0.00	0.00
11	11	ÄÐ	0	10.00	1	0	1	1	0	0	50.00	0	-1	-1	-1	0	60	60	1	1	0	93	46546893	935	334	662	346	273.26	0	-1.22	-9.92	0.00	0.00
11	11	ÄÐ	0	10.00	1	0	1	1	0	0	50.00	0	-1	-1	-1	0	60	60	1	1	0	94	46546933	935	333	662	346	273.31	0	-1.24	-9.92	0.00	0.00
11	11	ÄÐ	0	10.00	1	0	1	1	0	0	50.00	0	-1	-1	-1	0	60	60	1	1	0	95	46546973	935	333	662	346	273.31	0	-1.25	-9.92	0.00	0.00
11	11	ÄÐ	0	10.00	1	0	1	1	0	0	50.00	0	-1	-1	-1	0	60	60	1	1	0	96	46547013	935	333	662	346	273.31	0	-1.26	-9.92	0.00	0.00
11	11	ÄÐ	0	10.00	1	0	1	1	0	0	50.00	0	-1	-1	-1	0	60	60	1	1	0	97	46547053	935	332	662	346	273.36	0	-1.28	-9.92	0.00	0.00
11	11	ÄÐ	0	10.00	1	0	1	1	0	0	50.00	0	-1	-1	-1	0	60	60	1	1	0	98	46547093	935	332	662	346	273.36	0	-1.29	-9.92	0.00	0.00
11	11	ÄÐ	0	10.00	1	0	1	1	0	0	50.00	0	-1	-1	-1	0	60	60	1	1	0	99	46547133	935	331	662	346	273.41	0	-1.30	-9.91	0.00	0.00
11	11	ÄÐ	0	10.00	1	0	1	1	0	0	50.00	0	-1	-1	-1	0	60	60	1	1	0	100	46547173	935	331	662	346	273.41	0	-1.32	-9.91	0.00	0.00
11	11	ÄÐ	0	10.00	1	0	1	1	0	0	50.00	0	-1	-1	-1	0	60	60	1	1	0	101	46547213	935	331	662	346	273.41	0	-1.33	-9.91	0.00	0.00
11	11	ÄÐ	0	10.00	1	0	1	1	0	0	50.00	0	-1	-1	-1	0	60	60	1	1	0	102	46547253	935	330	662	346	273.47	0	-1.34	-9.91	0.00	0.00
11	11	ÄÐ	0	10.00	1	0	1	1	0	0	50.00	0	-1	-1	-1	0	60	60	1	1	0	103	46547293	935	330	662	346	273.47	0	-1.36	-9.91	0.00	0.00
11	11	ÄÐ	0	10.00	1	0	1	1	0	0	50.00	0	-1	-1	-1	0	60	60	1	1	0	104	46547333	935	329	662	346	273.53	0	-1.37	-9.91	0.00	0.00
11	11	ÄÐ	0	10.00	1	0	1	1	0	0	50.00	0	-1	-1	-1	0	60	60	1	1	0	105	46547373	935	329	662	346	273.53	0	-1.38	-9.90	0.00	0.00
11	11	ÄÐ	0	10.00	1	0	1	1	0	0	50.00	0	-1	-1	-1	0	60	60	1	1	0	106	46547413	935	329	662	346	273.53	0	-1.40	-9.90	0.00	0.00
11	11	ÄÐ	0	10.00	1	0	1	1	0	0	50.00	0	-1	-1	-1	0	60	60	1	1	0	107	46547453	935	328	662	346	273.59	0	-1.41	-9.90	0.00	0.00
11	11	ÄÐ	0	10.00	1	0	1	1	0	0	50.00	0	-1	-1	-1	0	60	60	1	1	0	108	46547493	934	328	662	346	272.59	0	-1.42	-9.90	0.00	0.00
11	11	ÄÐ	0	10.00	1	0	1	1	0	0	50.00	0	-1	-1	-1	0	60	60	1	1	0	109	46547533	934	327	662	346	272.66	0	-1.44	-9.90	0.00	0.00
11	11	ÄÐ	0	10.00	1	0	1	1	0	0	50.00	0	-1	-1	-1	0	60	60	1	1	0	110	46547573	934	327	662	346	272.66	0	-1.45	-9.89	0.00	0.00
11	11	ÄÐ	0	10.00	1	0	1	1	0	0	50.00	0	-1	-1	-1	0	60	60	1	1	0	111	46547613	934	327	662	346	272.66	0	-1.46	-9.89	0.00	0.00
11	11	ÄÐ	0	10.00	1	0	1	1	0	0	50.00	0	-1	-1	-1	0	60	60	1	1	0	112	46547653	934	326	662	346	272.73	0	-1.47	-9.89	0.00	0.00
11	11	ÄÐ	0	10.00	1	0	1	1	0	0	50.00	0	-1	-1	-1	0	60	60	1	1	0	113	46547693	934	326	662	346	272.73	0	-1.49	-9.89	0.00	0.00
11	11	ÄÐ	0	10.00	1	0	1	1	0	0	50.00	0	-1	-1	-1	0	60	60	1	1	0	114	46547733	934	325	662	346	272.81	0	-1.50	-9.89	0.00	0.00
11	11	ÄÐ	0	10.00	1	0	1	1	0	0	50.00	0	-1	-1	-1	0	60	60	1	1	0	115	46547773	934	325	662	346	272.81	0	-1.51	-9.88	0.00	0.00
11	11	ÄÐ	0	10.00	1	0	1	1	0	0	50.00	0	-1	-1	-1	0	60	60	1	1	0	116	46547813	934	325	662	346	272.81	0	-1.53	-9.88	0.00	0.00
11	11	ÄÐ	0	10.00	1	0	1	1	0	0	50.00	0	-1	-1	-1	0	60	60	1	1	0	117	46547853	934	324	662	346	272.89	0	-1.54	-9.88	0.00	0.00
11	11	ÄÐ	0	10.00	1	0	1	1	0	0	50.00	0	-1	-1	-1	0	60	60	1	1	0	118	46547893	934	324	662	346	272.89	0	-1.55	-9.88	0.00	0.00
11	11	ÄÐ	0	10.00	1	0	1	1	0	0	50.00	0	-1	-1	-1	0	60	60	1	1	0	119	46547933	934	323	662	346	272.97	0	-1.57	-9.88	0.00	0.00
11	11	ÄÐ	0	10.00	1	0	1	1	0	0	50.00	0	-1	-1	-1	0	60	60	1	1	0	120	46547973	934	323	662	346	272.97	0	-1.58	-9.87	0.00	0.00
11	11	ÄÐ	0	10.00	1	0	1	1	0	0	50.00	0	-1	-1	-1	0	60	60	1	1	0	121	46548013	934	323	662	346	272.97	0	-1.59	-9.87	0.00	0.00
11	11	ÄÐ	0	10.00	1	0	1	1	0	0	50.00	0	-1	-1	-1	0	60	60	1	1	0	122	46548053	934	322	662	346	273.06	0	-1.61	-9.87	0.00	0.00
11	11	ÄÐ	0	10.00	1	0	1	1	0	0	50.00	0	-1	-1	-1	0	60	60	1	1	0	123	46548093	934	322	662	346	273.06	0	-1.62	-9.87	0.00	0.00
11	11	ÄÐ	0	10.00	1	0	1	1	0	0	50.00	0	-1	-1	-1	0	60	60	1	1	0	124	46548133	933	322	662	346	272.06	0	-1.63	-9.87	0.00	0.00
11	11	ÄÐ	0	10.00	1	0	1	1	0	0	50.00	0	-1	-1	-1	0	60	60	1	1	0	125	46548173	933	321	662	346	272.15	0	-1.65	-9.86	0.00	0.00
11	11	ÄÐ	0	10.00	1	0	1	1	0	0	50.00	0	-1	-1	-1	0	60	60	1	1	0	126	46548213	933	321	662	346	272.15	0	-1.66	-9.86	0.00	0.00
11	11	ÄÐ	0	10.00	1	0	1	1	0	0	50.00	0	-1	-1	-1	0	60	60	1	1	0	127	46548253	933	320	662	346	272.24	0	-1.67	-9.86	0.00	0.00
11	11	ÄÐ	0	10.00	1	0	1	1	0	0	50.00	0	-1	-1	-1	0	60	60	1	1	0	128	46548293	933	320	662	346	272.24	0	-1.69	-9.86	0.00	0.00
11	11	ÄÐ	0	10.00	1	0	1	1	0	0	50.00	0	-1	-1	-1	0	60	60	1	1	0	129	46548333	933	320	662	346	272.24	0	-1.70	-9.85	0.00	0.00
11	11	ÄÐ	0	10.00	1	0	1	1	0	0	50.00	0	-1	-1	-1	0	60	60	1	1	0	130	46548373	933	319	662	346	272.34	0	-1.71	-9.85	0.00	0.00
11	11	ÄÐ	0	10.00	1	0	1	1	0	0	50.00	0	-1	-1	-1	0	60	60	1	1	0	131	46548413	933	319	662	346	272.34	0	-1.72	-9.85	0.00	0.00
11	11	ÄÐ	0	10.00	1	0	1	1	0	0	50.00	0	-1	-1	-1	0	60	60	1	1	0	132	46548453	933	318	662	346	272.44	0	-1.74	-9.85	0.00	0.00
11	11	ÄÐ	0	10.00	1	0	1	1	0	0	50.00	0	-1	-1	-1	0	60	60	1	1	0	133	46548493	933	318	662	346	272.44	0	-1.75	-9.85	0.00	0.00
11	11	ÄÐ	0	10.00	1	0	1	1	0	0	50.00	0	-1	-1	-1	0	60	60	1	1	0	134	46548533	933	318	662	346	272.44	0	-1.76	-9.84	0.00	0.00
11	11	ÄÐ	0	10.00	1	0	1	1	0	0	50.00	0	-1	-1	-1	0	60	60	1	1	0	135	46548573	933	317	662	346	272.55	0	-1.78	-9.84	0.00	0.00
11	11	ÄÐ	0	10.00	1	0	1	1	0	0	50.00	0	-1	-1	-1	0	60	60	1	1	0	136	46548613	933	317	662	346	272.55	0	-1.79	-9.84	0.00	0.00
11	11	ÄÐ	0	10.00	1	0	1	1	0	0	50.00	0	-1	-1	-1	0	60	60	1	1	0	137	46548653	933	316	662	346	272.66	0	-1.80	-9.84	0.00	0.00
11	11	ÄÐ	0	10.00	1	0	1	1	0	0	50.00	0	-1	-1	-1	0	60	60	1	1	0	138	46548693	933	316	662	346	272.66	0	-1.82	-9.83	0.00	0.00
11	11	ÄÐ	0	10.00	1	0	1	1	0	0	50.00	0	-1	-1	-1	0	60	60	1	1	0	139	46548733	932	316	662	346	271.66	0	-1.83	-9.83	0.00	0.00
11	11	ÄÐ	0	10.00	1	0	1	1	0	0	50.00	0	-1	-1	-1	0	60	60	1	1	0	140	46548773	932	315	662	346	271.77	0	-1.84	-9.83	0.00	0.00
11	11	ÄÐ	0	10.00	1	0	1	1	0	0	50.00	0	-1	-1	-1	0	60	60	1	1	0	141	46548813	932	315	662	346	271.77	0	-1.86	-9.83	0.00	0.00
11	11	ÄÐ	0	10.00	1	0	1	1	0	0	50.00	0	-1	-1	-1	0	60	60	1	1	0	142	46548853	932	314	662	346	271.89	0	-1.87	-9.82	0.00	0.00
11	11	ÄÐ	0	10.00	1	0	1	1	0	0	50.00	0	-1	-1	-1	0	60	60	1	1	0	143	46548893	932	314	662	346	271.89	0	-1.88	-9.82	0.00	0.00
11	11	ÄÐ	0	10.00	1	0	1	1	0	0	50.00	0	-1	-1	-1	0	60	60	1	1	0	144	46548933	932	314	662	346	271.89	0	-1.90	-9.82	0.00	0.00
11	11	ÄÐ	0	10.00	1	0	1	1	0	0	50.00	0	-1	-1	-1	0	60	60	1	1	0	145	46548973	932	313	662	346	272.01	0	-1.91	-9.82	0.00	0.00
11	11	ÄÐ	0	10.00	1	0	1	1	0	0	50.00	0	-1	-1	-1	0	60	60	1	1	0	146	46549013	932	313	662	346	272.01	0	-1.92	-9.81	0.00	0.00
11	11	ÄÐ	0	10.00	1	0	1	1	0	0	50.00	0	-1	-1	-1	0	60	60	1	1	0	147	46549053	932	312	662	346	272.13	0	-1.93	-9.81	0.00	0.00
11	11	ÄÐ	0	10.00	1	0	1	1	0	0	50.00	0	-1	-1	-1	0	60	60	1	1	0	148	46549093	932	312	662	346	272.13	0	-1.95	-9.81	0.00	0.00
11	11	ÄÐ	0	10.00	1	0	1	1	0	0	50.00	0	-1	-1	-1	0	60	60	1	1	0	149	46549133	932	312	662	346	272.13	0	-1.96	-9.81	0.00	0.00
11	11	ÄÐ	0	10.00	1	0	1	1	0	0	50.00	0	-1	-1	-1	0	60	60	1	1	0	150	46549173	932	311	662	346	272.26	0	-1.97	-9.80	0.00	0.00
11	11	ÄÐ	0	10.00	1	0	1	1	0	0	50.00	0	-1	-1	-1	0	60	60	1	1	0	151	46549213	932	311	662	346	272.26	0	-1.99	-9.80	0.00	0.00
11	11	ÄÐ	0	10.00	1	0	1	1	0	0	50.00	0	-1	-1	-1	0	60	60	1	1	0	152	46549253	931	311	662	346	271.27	0	-2.00	-9.80	0.00	0.00
11	11	ÄÐ	0	10.00	1	0	1	1	0	0	50.00	0	-1	-1	-1	0	60	60	1	1	0	153	46549293	931	310	662	346	271.40	0	-2.01	-9.80	0.00	0.00
11	11	ÄÐ	0	10.00	1	0	1	1	0	0	50.00	0	-1	-1	-1	0	60	60	1	1	0	154	46549333	931	310	662	346	271.40	0	-2.03	-9.79	0.00	0.00
11	11	ÄÐ	0	10.00	1	0	1	1	0	0	50.00	0	-1	-1	-1	0	60	60	1	1	0	155	46549373	931	309	662	346	271.53	0	-2.04	-9.79	0.00	0.00
11	11	ÄÐ	0	10.00	1	0	1	1	0	0	50.00	0	-1	-1	-1	0	60	60	1	1	0	156	46549413	931	309	662	346	271.53	0	-2.05	-9.79	0.00	0.00
11	11	ÄÐ	0	10.00	1	0	1	1	0	0	50.00	0	-1	-1	-1	0	60	60	1	1	0	157	46549453	931	309	662	346	271.53	0	-2.07	-9.78	0.00	0.00
11	11	ÄÐ	0	10.00	1	0	1	1	0	0	50.00	0	-1	-1	-1	0	60	60	1	1	0	158	46549493	931	308	662	346	271.67	0	-2.08	-9.78	0.00	0.00
11	11	ÄÐ	0	10.00	1	0	1	1	0	0	50.00	0	-1	-1	-1	0	60	60	1	1	0	159	46549533	931	308	662	346	271.67	0	-2.09	-9.78	0.00	0.00
11	11	ÄÐ	0	10.00	1	0	1	1	0	0	50.00	0	-1	-1	-1	0	60	60	1	1	0	160	46549573	931	307	662	346	271.81	0	-2.10	-9.78	0.00	0.00
11	11	ÄÐ	0	10.00	1	0	1	1	0	0	50.00	0	-1	-1	-1	0	60	60	1	1	0	161	46549613	931	307	662	346	271.81	0	-2.12	-9.77	0.00	0.00
11	11	ÄÐ	0	10.00	1	0	1	1	0	0	50.00	0	-1	-1	-1	0	60	60	1	1	0	162	46549653	931	307	662	346	271.81	0	-2.13	-9.77	0.00	0.00
11	11	ÄÐ	0	10.00	1	0	1	1	0	0	50.00	0	-1	-1	-1	0	60	60	1	1	0	163	46549693	931	306	662	346	271.96	0	-2.14	-9.77	0.00	0.00
11	11	ÄÐ	0	10.00	1	0	1	1	0	0	50.00	0	-1	-1	-1	0	60	60	1	1	0	164	46549733	930	306	662	346	270.97	0	-2.16	-9.76	0.00	0.00
11	11	ÄÐ	0	10.00	1	0	1	1	0	0	50.00	0	-1	-1	-1	0	60	60	1	1	0	165	46549773	930	305	662	346	271.12	0	-2.17	-9.76	0.00	0.00
11	11	ÄÐ	0	10.00	1	0	1	1	0	0	50.00	0	-1	-1	-1	0	60	60	1	1	0	166	46549813	930	305	662	346	271.12	0	-2.18	-9.76	0.00	0.00
11	11	ÄÐ	0	10.00	1	0	1	1	0	0	50.00	0	-1	-1	-1	0	60	60	1	1	0	167	46549853	930	305	662	346	271.12	0	-2.20	-9.76	0.00	0.00
11	11	ÄÐ	0	10.00	1	0	1	1	0	0	50.00	0	-1	-1	-1	0	60	60	1	1	0	168	46549893	930	304	662	346	271.27	0	-2.21	-9.75	0.00	0.00
11	11	ÄÐ	0	10.00	1	0	1	1	0	0	50.00	0	-1	-1	-1	0	60	60	1	1	0	169	46549933	930	304	662	346	271.27	0	-2.22	-9.75	0.00	0.00
11	11	ÄÐ	0	10.00	1	0	1	1	0	0	50.00	0	-1	-1	-1	0	60	60	1	1	0	170	46549973	930	303	662	346	271.43	0	-2.23	-9.75	0.00	0.00
11	11	ÄÐ	0	10.00	1	0	1	1	0	0	50.00	0	-1	-1	-1	0	60	60	1	1	0	171	46550013	930	303	662	346	271.43	0	-2.25	-9.74	0.00	0.00
11	11	ÄÐ	0	10.00	1	0	1	1	0	0	50.00	0	-1	-1	-1	0	60	60	1	1	0	172	46550053	930	303	662	346	271.43	0	-2.26	-9.74	0.00	0.00
11	11	ÄÐ	0	10.00	1	0	1	1	0	0	50.00	0	-1	-1	-1	0	60	60	1	1	0	173	46550093	930	302	662	346	271.59	0	-2.27	-9.74	0.00	0.00
11	11	ÄÐ	0	10.00	1	0	1	1	0	0	50.00	0	-1	-1	-1	0	60	60	1	1	0	174	46550133	930	302	662	346	271.59	0	-2.29	-9.74	0.00	0.00
11	11	ÄÐ	0	10.00	1	0	1	1	0	0	50.00	0	-1	-1	-1	0	60	60	1	1	0	175	46550173	929	302	662	346	270.60	0	-2.30	-9.73	0.00	0.00
11	11	ÄÐ	0	10.00	1	0	1	1	0	0	50.00	0	-1	-1	-1	0	60	60	1	1	0	176	46550213	929	301	662	346	270.77	0	-2.31	-9.73	0.00	0.00
11	11	ÄÐ	0	10.00	1	0	1	1	0	0	50.00	0	-1	-1	-1	0	60	60	1	1	0	177	46550253	929	301	662	346	270.77	0	-2.33	-9.73	0.00	0.00
11	11	ÄÐ	0	10.00	1	0	1	1	0	0	50.00	0	-1	-1	-1	0	60	60	1	1	0	178	46550293	929	300	662	346	270.93	0	-2.34	-9.72	0.00	0.00
11	11	ÄÐ	0	10.00	1	0	1	1	0	0	50.00	0	-1	-1	-1	0	60	60	1	1	0	179	46550333	929	300	662	346	270.93	0	-2.35	-9.72	0.00	0.00
11	11	ÄÐ	0	10.00	1	0	1	1	0	0	50.00	0	-1	-1	-1	0	60	60	1	1	0	180	46550373	929	300	662	346	270.93	0	-2.36	-9.72	0.00	0.00
11	11	ÄÐ	0	10.00	1	0	1	1	0	0	50.00	0	-1	-1	-1	0	60	60	1	1	0	181	46550413	929	299	662	346	271.11	0	-2.38	-9.71	0.00	0.00
11	11	ÄÐ	0	10.00	1	0	1	1	0	0	50.00	0	-1	-1	-1	0	60	60	1	1	0	182	46550453	929	299	662	346	271.11	0	-2.39	-9.71	0.00	0.00
11	11	ÄÐ	0	10.00	1	0	1	1	0	0	50.00	0	-1	-1	-1	0	60	60	1	1	0	183	46550493	929	298	662	346	271.28	0	-2.40	-9.71	0.00	0.00
11	11	ÄÐ	0	10.00	1	0	1	1	0	0	50.00	0	-1	-1	-1	0	60	60	1	1	0	184	46550533	929	298	662	346	271.28	0	-2.42	-9.70	0.00	0.00
11	11	ÄÐ	0	10.00	1	0	1	1	0	0	50.00	0	-1	-1	-1	0	60	60	1	1	0	185	46550573	929	298	662	346	271.28	0	-2.43	-9.70	0.00	0.00
11	11	ÄÐ	0	10.00	1	0	1	1	0	0	50.00	0	-1	-1	-1	0	60	60	1	1	0	186	46550613	928	297	662	346	270.48	0	-2.44	-9.70	0.00	0.00
11	11	ÄÐ	0	10.00	1	0	1	1	0	0	50.00	0	-1	-1	-1	0	60	60	1	1	0	187	46550653	928	297	662	346	270.48	0	-2.45	-9.69	0.00	0.00
11	11	ÄÐ	0	10.00	1	0	1	1	0	0	50.00	0	-1	-1	-1	0	60	60	1	1	0	188	46550693	928	296	662	346	270.66	0	-2.47	-9.69	0.00	0.00
11	11	ÄÐ	0	10.00	1	0	1	1	0	0	50.00	0	-1	-1	-1	0	60	60	1	1	0	189	46550733	928	296	662	346	270.66	0	-2.48	-9.69	0.00	0.00
11	11	ÄÐ	0	10.00	1	0	1	1	0	0	50.00	0	-1	-1	-1	0	60	60	1	1	0	190	46550773	928	296	662	346	270.66	0	-2.49	-9.68	0.00	0.00
11	11	ÄÐ	0	10.00	1	0	1	1	0	0	50.00	0	-1	-1	-1	0	60	60	1	1	0	191	46550813	928	295	662	346	270.84	0	-2.51	-9.68	0.00	0.00
11	11	ÄÐ	0	10.00	1	0	1	1	0	0	50.00	0	-1	-1	-1	0	60	60	1	1	0	192	46550853	928	295	662	346	270.84	0	-2.52	-9.68	0.00	0.00
11	11	ÄÐ	0	10.00	1	0	1	1	0	0	50.00	0	-1	-1	-1	0	60	60	1	1	0	193	46550893	928	295	662	346	270.84	0	-2.53	-9.67	0.00	0.00
11	11	ÄÐ	0	10.00	1	0	1	1	0	0	50.00	0	-1	-1	-1	0	60	60	1	1	0	194	46550933	928	294	662	346	271.04	0	-2.55	-9.67	0.00	0.00
11	11	ÄÐ	0	10.00	1	0	1	1	0	0	50.00	0	-1	-1	-1	0	60	60	1	1	0	195	46550973	928	294	662	346	271.04	0	-2.56	-9.67	0.00	0.00
11	11	ÄÐ	0	10.00	1	0	1	1	0	0	50.00	0	-1	-1	-1	0	60	60	1	1	0	196	46551013	927	293	662	346	270.25	0	-2.57	-9.66	0.00	0.00
11	11	ÄÐ	0	10.00	1	0	1	1	0	0	50.00	0	-1	-1	-1	0	60	60	1	1	0	197	46551053	927	293	662	346	270.25	0	-2.58	-9.66	0.00	0.00
11	11	ÄÐ	0	10.00	1	0	1	1	0	0	50.00	0	-1	-1	-1	0	60	60	1	1	0	198	46551093	927	293	662	346	270.25	0	-2.60	-9.66	0.00	0.00
11	11	ÄÐ	0	10.00	1	0	1	1	0	0	50.00	0	-1	-1	-1	0	60	60	1	1	0	199	46551133	927	292	662	346	270.45	0	-2.61	-9.65	0.00	0.00
11	11	ÄÐ	0	10.00	1	0	1	1	0	0	50.00	0	-1	-1	-1	0	60	60	1	1	0	200	46551173	927	292	662	346	270.45	0	-2.62	-9.65	0.00	0.00
