ID	Name	Sex	Session	DistanceError	PracMode	ExperMode	MainTask	SubTask	MainTaskMode	Background	InitSpeed	EventMode	CodePairMode	CodePairNum	DisplayMode	EventFrequency	PracTime	ExperTime	PracTimes	ExperTimes	Pra_Test	PointNum	PointTime	ObjPointX	ObjPointY	PostPointX	PostPointY	Distance	Hit	ObjSpeedX	ObjSpeedY	PostSpeedX	PostSpeedY
11	11	ÄÐ	0	10.00	1	0	1	1	0	0	50.00	0	-1	-1	-1	0	60	60	1	1	0	1	50404531	938	371	638	371	0.00	0	-0.00	-10.00	0.00	0.00
11	11	ÄÐ	0	10.00	1	0	1	1	0	0	50.00	0	-1	-1	-1	0	60	60	1	1	0	2	50404571	937	370	638	371	299.00	0	-0.01	-10.00	0.00	-200.00
11	11	ÄÐ	0	10.00	1	0	1	1	0	0	50.00	0	-1	-1	-1	0	60	60	1	1	0	3	50404611	937	370	638	362	299.11	0	-0.03	-10.00	0.00	-200.00
11	11	ÄÐ	0	10.00	1	0	1	1	0	0	50.00	0	-1	-1	-1	0	60	60	1	1	0	4	50404651	937	369	638	354	299.38	0	-0.04	-10.00	0.00	-200.00
11	11	ÄÐ	0	10.00	1	0	1	1	0	0	50.00	0	-1	-1	-1	0	60	60	1	1	0	5	50404691	937	369	638	346	299.88	0	-0.05	-10.00	0.00	-200.00
11	11	ÄÐ	0	10.00	1	0	1	1	0	0	50.00	0	-1	-1	-1	0	60	60	1	1	0	6	50404731	937	368	638	338	300.50	0	-0.07	-10.00	0.00	-200.00
11	11	ÄÐ	0	10.00	1	0	1	1	0	0	50.00	0	-1	-1	-1	0	60	60	1	1	0	7	50404771	937	368	638	330	301.41	0	-0.08	-10.00	0.00	-200.00
11	11	ÄÐ	0	10.00	1	0	1	1	0	0	50.00	0	-1	-1	-1	0	60	60	1	1	0	8	50404811	937	368	638	322	302.52	0	-0.09	-10.00	0.00	0.00
11	11	ÄÐ	0	10.00	1	0	1	1	0	0	50.00	0	-1	-1	-1	0	60	60	1	1	0	9	50404851	937	367	638	322	302.37	0	-0.11	-10.00	0.00	0.00
11	11	ÄÐ	0	10.00	1	0	1	1	0	0	50.00	0	-1	-1	-1	0	60	60	1	1	0	10	50404891	937	367	638	322	302.37	0	-0.12	-10.00	0.00	0.00
11	11	ÄÐ	0	10.00	1	0	1	1	0	0	50.00	0	-1	-1	-1	0	60	60	1	1	0	11	50404931	937	366	638	322	302.22	0	-0.13	-10.00	0.00	0.00
11	11	ÄÐ	0	10.00	1	0	1	1	0	0	50.00	0	-1	-1	-1	0	60	60	1	1	0	12	50404971	937	366	638	322	302.22	0	-0.15	-10.00	0.00	0.00
11	11	ÄÐ	0	10.00	1	0	1	1	0	0	50.00	0	-1	-1	-1	0	60	60	1	1	0	13	50405011	937	366	638	322	302.22	0	-0.16	-10.00	0.00	0.00
11	11	ÄÐ	0	10.00	1	0	1	1	0	0	50.00	0	-1	-1	-1	0	60	60	1	1	0	14	50405051	937	365	638	322	302.08	0	-0.17	-10.00	0.00	0.00
11	11	ÄÐ	0	10.00	1	0	1	1	0	0	50.00	0	-1	-1	-1	0	60	60	1	1	0	15	50405091	937	365	638	322	302.08	0	-0.19	-10.00	0.00	0.00
11	11	ÄÐ	0	10.00	1	0	1	1	0	0	50.00	0	-1	-1	-1	0	60	60	1	1	0	16	50405131	937	364	638	322	301.94	0	-0.20	-10.00	0.00	0.00
11	11	ÄÐ	0	10.00	1	0	1	1	0	0	50.00	0	-1	-1	-1	0	60	60	1	1	0	17	50405171	937	364	638	322	301.94	0	-0.21	-10.00	0.00	0.00
11	11	ÄÐ	0	10.00	1	0	1	1	0	0	50.00	0	-1	-1	-1	0	60	60	1	1	0	18	50405211	937	364	638	322	301.94	0	-0.23	-10.00	0.00	0.00
11	11	ÄÐ	0	10.00	1	0	1	1	0	0	50.00	0	-1	-1	-1	0	60	60	1	1	0	19	50405251	937	363	638	322	301.80	0	-0.24	-10.00	0.00	0.00
11	11	ÄÐ	0	10.00	1	0	1	1	0	0	50.00	0	-1	-1	-1	0	60	60	1	1	0	20	50405291	937	363	638	322	301.80	0	-0.25	-10.00	0.00	0.00
11	11	ÄÐ	0	10.00	1	0	1	1	0	0	50.00	0	-1	-1	-1	0	60	60	1	1	0	21	50405331	937	363	638	322	301.80	0	-0.27	-10.00	0.00	0.00
11	11	ÄÐ	0	10.00	1	0	1	1	0	0	50.00	0	-1	-1	-1	0	60	60	1	1	0	22	50405371	937	362	638	322	301.66	0	-0.28	-10.00	0.00	0.00
11	11	ÄÐ	0	10.00	1	0	1	1	0	0	50.00	0	-1	-1	-1	0	60	60	1	1	0	23	50405411	937	362	638	322	301.66	0	-0.29	-10.00	0.00	0.00
11	11	ÄÐ	0	10.00	1	0	1	1	0	0	50.00	0	-1	-1	-1	0	60	60	1	1	0	24	50405451	937	361	638	322	301.53	0	-0.31	-10.00	0.00	0.00
11	11	ÄÐ	0	10.00	1	0	1	1	0	0	50.00	0	-1	-1	-1	0	60	60	1	1	0	25	50405491	937	361	638	322	301.53	0	-0.32	-9.99	0.00	0.00
11	11	ÄÐ	0	10.00	1	0	1	1	0	0	50.00	0	-1	-1	-1	0	60	60	1	1	0	26	50405531	937	361	638	322	301.53	0	-0.33	-9.99	0.00	0.00
11	11	ÄÐ	0	10.00	1	0	1	1	0	0	50.00	0	-1	-1	-1	0	60	60	1	1	0	27	50405571	937	360	638	322	301.41	0	-0.35	-9.99	0.00	0.00
11	11	ÄÐ	0	10.00	1	0	1	1	0	0	50.00	0	-1	-1	-1	0	60	60	1	1	0	28	50405611	937	360	638	322	301.41	0	-0.36	-9.99	0.00	0.00
11	11	ÄÐ	0	10.00	1	0	1	1	0	0	50.00	0	-1	-1	-1	0	60	60	1	1	0	29	50405651	937	359	638	322	301.28	0	-0.37	-9.99	0.00	0.00
11	11	ÄÐ	0	10.00	1	0	1	1	0	0	50.00	0	-1	-1	-1	0	60	60	1	1	0	30	50405691	937	359	638	322	301.28	0	-0.39	-9.99	0.00	0.00
11	11	ÄÐ	0	10.00	1	0	1	1	0	0	50.00	0	-1	-1	-1	0	60	60	1	1	0	31	50405731	937	359	638	322	301.28	0	-0.40	-9.99	0.00	0.00
11	11	ÄÐ	0	10.00	1	0	1	1	0	0	50.00	0	-1	-1	-1	0	60	60	1	1	0	32	50405771	937	358	638	322	301.16	0	-0.41	-9.99	0.00	0.00
11	11	ÄÐ	0	10.00	1	0	1	1	0	0	50.00	0	-1	-1	-1	0	60	60	1	1	0	33	50405811	937	358	638	322	301.16	0	-0.43	-9.99	0.00	0.00
11	11	ÄÐ	0	10.00	1	0	1	1	0	0	50.00	0	-1	-1	-1	0	60	60	1	1	0	34	50405851	937	357	638	322	301.04	0	-0.44	-9.99	0.00	0.00
11	11	ÄÐ	0	10.00	1	0	1	1	0	0	50.00	0	-1	-1	-1	0	60	60	1	1	0	35	50405891	937	357	638	322	301.04	0	-0.45	-9.99	0.00	0.00
11	11	ÄÐ	0	10.00	1	0	1	1	0	0	50.00	0	-1	-1	-1	0	60	60	1	1	0	36	50405931	937	357	638	322	301.04	0	-0.47	-9.99	0.00	0.00
11	11	ÄÐ	0	10.00	1	0	1	1	0	0	50.00	0	-1	-1	-1	0	60	60	1	1	0	37	50405971	937	356	638	322	300.93	0	-0.48	-9.99	0.00	0.00
11	11	ÄÐ	0	10.00	1	0	1	1	0	0	50.00	0	-1	-1	-1	0	60	60	1	1	0	38	50406011	937	356	638	322	300.93	0	-0.49	-9.99	0.00	0.00
11	11	ÄÐ	0	10.00	1	0	1	1	0	0	50.00	0	-1	-1	-1	0	60	60	1	1	0	39	50406051	937	355	638	322	300.82	0	-0.51	-9.99	0.00	0.00
11	11	ÄÐ	0	10.00	1	0	1	1	0	0	50.00	0	-1	-1	-1	0	60	60	1	1	0	40	50406091	937	355	638	322	300.82	0	-0.52	-9.99	0.00	0.00
11	11	ÄÐ	0	10.00	1	0	1	1	0	0	50.00	0	-1	-1	-1	0	60	60	1	1	0	41	50406131	937	355	638	322	300.82	0	-0.53	-9.99	0.00	0.00
11	11	ÄÐ	0	10.00	1	0	1	1	0	0	50.00	0	-1	-1	-1	0	60	60	1	1	0	42	50406171	937	354	638	322	300.71	0	-0.55	-9.99	0.00	0.00
11	11	ÄÐ	0	10.00	1	0	1	1	0	0	50.00	0	-1	-1	-1	0	60	60	1	1	0	43	50406211	937	354	638	322	300.71	0	-0.56	-9.98	0.00	0.00
11	11	ÄÐ	0	10.00	1	0	1	1	0	0	50.00	0	-1	-1	-1	0	60	60	1	1	0	44	50406251	937	353	638	322	300.60	0	-0.57	-9.98	0.00	0.00
11	11	ÄÐ	0	10.00	1	0	1	1	0	0	50.00	0	-1	-1	-1	0	60	60	1	1	0	45	50406291	937	353	638	322	300.60	0	-0.59	-9.98	0.00	0.00
11	11	ÄÐ	0	10.00	1	0	1	1	0	0	50.00	0	-1	-1	-1	0	60	60	1	1	0	46	50406331	937	353	638	322	300.60	0	-0.60	-9.98	0.00	0.00
11	11	ÄÐ	0	10.00	1	0	1	1	0	0	50.00	0	-1	-1	-1	0	60	60	1	1	0	47	50406371	937	352	638	322	300.50	0	-0.61	-9.98	0.00	0.00
11	11	ÄÐ	0	10.00	1	0	1	1	0	0	50.00	0	-1	-1	-1	0	60	60	1	1	0	48	50406411	937	352	638	322	300.50	0	-0.63	-9.98	0.00	0.00
11	11	ÄÐ	0	10.00	1	0	1	1	0	0	50.00	0	-1	-1	-1	0	60	60	1	1	0	49	50406451	937	351	638	322	300.40	0	-0.64	-9.98	0.00	0.00
11	11	ÄÐ	0	10.00	1	0	1	1	0	0	50.00	0	-1	-1	-1	0	60	60	1	1	0	50	50406491	937	351	638	322	300.40	0	-0.65	-9.98	0.00	0.00
11	11	ÄÐ	0	10.00	1	0	1	1	0	0	50.00	0	-1	-1	-1	0	60	60	1	1	0	51	50406531	937	351	638	322	300.40	0	-0.67	-9.98	0.00	0.00
11	11	ÄÐ	0	10.00	1	0	1	1	0	0	50.00	0	-1	-1	-1	0	60	60	1	1	0	52	50406571	937	350	638	322	300.31	0	-0.68	-9.98	0.00	0.00
11	11	ÄÐ	0	10.00	1	0	1	1	0	0	50.00	0	-1	-1	-1	0	60	60	1	1	0	53	50406611	937	350	638	322	300.31	0	-0.69	-9.98	0.00	0.00
11	11	ÄÐ	0	10.00	1	0	1	1	0	0	50.00	0	-1	-1	-1	0	60	60	1	1	0	54	50406651	937	349	638	322	300.22	0	-0.71	-9.98	0.00	0.00
11	11	ÄÐ	0	10.00	1	0	1	1	0	0	50.00	0	-1	-1	-1	0	60	60	1	1	0	55	50406691	937	349	638	322	300.22	0	-0.72	-9.97	0.00	0.00
11	11	ÄÐ	0	10.00	1	0	1	1	0	0	50.00	0	-1	-1	-1	0	60	60	1	1	0	56	50406731	937	349	638	322	300.22	0	-0.73	-9.97	0.00	0.00
11	11	ÄÐ	0	10.00	1	0	1	1	0	0	50.00	0	-1	-1	-1	0	60	60	1	1	0	57	50406771	937	348	638	322	300.13	0	-0.75	-9.97	0.00	0.00
11	11	ÄÐ	0	10.00	1	0	1	1	0	0	50.00	0	-1	-1	-1	0	60	60	1	1	0	58	50406811	937	348	638	322	300.13	0	-0.76	-9.97	0.00	0.00
11	11	ÄÐ	0	10.00	1	0	1	1	0	0	50.00	0	-1	-1	-1	0	60	60	1	1	0	59	50406851	937	347	638	322	300.04	0	-0.77	-9.97	0.00	0.00
11	11	ÄÐ	0	10.00	1	0	1	1	0	0	50.00	0	-1	-1	-1	0	60	60	1	1	0	60	50406891	937	347	638	322	300.04	0	-0.79	-9.97	0.00	0.00
11	11	ÄÐ	0	10.00	1	0	1	1	0	0	50.00	0	-1	-1	-1	0	60	60	1	1	0	61	50406931	937	347	638	322	300.04	0	-0.80	-9.97	0.00	0.00
11	11	ÄÐ	0	10.00	1	0	1	1	0	0	50.00	0	-1	-1	-1	0	60	60	1	1	0	62	50406971	937	346	638	322	299.96	0	-0.81	-9.97	0.00	0.00
11	11	ÄÐ	0	10.00	1	0	1	1	0	0	50.00	0	-1	-1	-1	0	60	60	1	1	0	63	50407011	936	346	638	322	298.96	0	-0.83	-9.97	0.00	0.00
11	11	ÄÐ	0	10.00	1	0	1	1	0	0	50.00	0	-1	-1	-1	0	60	60	1	1	0	64	50407051	936	345	638	322	298.89	0	-0.84	-9.96	0.00	0.00
11	11	ÄÐ	0	10.00	1	0	1	1	0	0	50.00	0	-1	-1	-1	0	60	60	1	1	0	65	50407091	936	345	638	322	298.89	0	-0.85	-9.96	0.00	0.00
11	11	ÄÐ	0	10.00	1	0	1	1	0	0	50.00	0	-1	-1	-1	0	60	60	1	1	0	66	50407131	936	345	638	322	298.89	0	-0.87	-9.96	0.00	0.00
11	11	ÄÐ	0	10.00	1	0	1	1	0	0	50.00	0	-1	-1	-1	0	60	60	1	1	0	67	50407171	936	344	638	322	298.81	0	-0.88	-9.96	0.00	0.00
11	11	ÄÐ	0	10.00	1	0	1	1	0	0	50.00	0	-1	-1	-1	0	60	60	1	1	0	68	50407211	936	344	638	322	298.81	0	-0.89	-9.96	0.00	0.00
11	11	ÄÐ	0	10.00	1	0	1	1	0	0	50.00	0	-1	-1	-1	0	60	60	1	1	0	69	50407251	936	343	638	322	298.74	0	-0.91	-9.96	0.00	0.00
11	11	ÄÐ	0	10.00	1	0	1	1	0	0	50.00	0	-1	-1	-1	0	60	60	1	1	0	70	50407291	936	343	638	322	298.74	0	-0.92	-9.96	0.00	0.00
11	11	ÄÐ	0	10.00	1	0	1	1	0	0	50.00	0	-1	-1	-1	0	60	60	1	1	0	71	50407331	936	343	638	322	298.74	0	-0.93	-9.96	0.00	0.00
11	11	ÄÐ	0	10.00	1	0	1	1	0	0	50.00	0	-1	-1	-1	0	60	60	1	1	0	72	50407371	936	342	638	322	298.67	0	-0.95	-9.96	0.00	0.00
11	11	ÄÐ	0	10.00	1	0	1	1	0	0	50.00	0	-1	-1	-1	0	60	60	1	1	0	73	50407411	936	342	638	322	298.67	0	-0.96	-9.95	0.00	0.00
11	11	ÄÐ	0	10.00	1	0	1	1	0	0	50.00	0	-1	-1	-1	0	60	60	1	1	0	74	50407451	936	341	638	322	298.61	0	-0.97	-9.95	0.00	0.00
11	11	ÄÐ	0	10.00	1	0	1	1	0	0	50.00	0	-1	-1	-1	0	60	60	1	1	0	75	50407491	936	341	638	322	298.61	0	-0.99	-9.95	0.00	0.00
11	11	ÄÐ	0	10.00	1	0	1	1	0	0	50.00	0	-1	-1	-1	0	60	60	1	1	0	76	50407531	936	341	638	322	298.61	0	-1.00	-9.95	0.00	0.00
11	11	ÄÐ	0	10.00	1	0	1	1	0	0	50.00	0	-1	-1	-1	0	60	60	1	1	0	77	50407571	936	340	638	322	298.54	0	-1.01	-9.95	0.00	0.00
11	11	ÄÐ	0	10.00	1	0	1	1	0	0	50.00	0	-1	-1	-1	0	60	60	1	1	0	78	50407611	936	340	638	322	298.54	0	-1.03	-9.95	0.00	0.00
11	11	ÄÐ	0	10.00	1	0	1	1	0	0	50.00	0	-1	-1	-1	0	60	60	1	1	0	79	50407651	936	339	638	322	298.48	0	-1.04	-9.95	0.00	0.00
11	11	ÄÐ	0	10.00	1	0	1	1	0	0	50.00	0	-1	-1	-1	0	60	60	1	1	0	80	50407691	936	339	638	322	298.48	0	-1.05	-9.94	0.00	0.00
11	11	ÄÐ	0	10.00	1	0	1	1	0	0	50.00	0	-1	-1	-1	0	60	60	1	1	0	81	50407731	936	339	638	322	298.48	0	-1.06	-9.94	0.00	0.00
11	11	ÄÐ	0	10.00	1	0	1	1	0	0	50.00	0	-1	-1	-1	0	60	60	1	1	0	82	50407771	936	338	638	322	298.43	0	-1.08	-9.94	0.00	0.00
11	11	ÄÐ	0	10.00	1	0	1	1	0	0	50.00	0	-1	-1	-1	0	60	60	1	1	0	83	50407811	936	338	638	322	298.43	0	-1.09	-9.94	0.00	0.00
11	11	ÄÐ	0	10.00	1	0	1	1	0	0	50.00	0	-1	-1	-1	0	60	60	1	1	0	84	50407851	936	337	638	322	298.38	0	-1.10	-9.94	0.00	0.00
11	11	ÄÐ	0	10.00	1	0	1	1	0	0	50.00	0	-1	-1	-1	0	60	60	1	1	0	85	50407891	936	337	638	322	298.38	0	-1.12	-9.94	0.00	0.00
11	11	ÄÐ	0	10.00	1	0	1	1	0	0	50.00	0	-1	-1	-1	0	60	60	1	1	0	86	50407931	936	337	638	322	298.38	0	-1.13	-9.94	0.00	0.00
11	11	ÄÐ	0	10.00	1	0	1	1	0	0	50.00	0	-1	-1	-1	0	60	60	1	1	0	87	50407971	936	336	638	322	298.33	0	-1.14	-9.93	0.00	0.00
11	11	ÄÐ	0	10.00	1	0	1	1	0	0	50.00	0	-1	-1	-1	0	60	60	1	1	0	88	50408011	935	336	638	322	297.33	0	-1.16	-9.93	0.00	0.00
11	11	ÄÐ	0	10.00	1	0	1	1	0	0	50.00	0	-1	-1	-1	0	60	60	1	1	0	89	50408051	935	335	638	322	297.28	0	-1.17	-9.93	0.00	0.00
11	11	ÄÐ	0	10.00	1	0	1	1	0	0	50.00	0	-1	-1	-1	0	60	60	1	1	0	90	50408091	935	335	638	322	297.28	0	-1.18	-9.93	0.00	0.00
11	11	ÄÐ	0	10.00	1	0	1	1	0	0	50.00	0	-1	-1	-1	0	60	60	1	1	0	91	50408131	935	335	638	322	297.28	0	-1.20	-9.93	0.00	0.00
11	11	ÄÐ	0	10.00	1	0	1	1	0	0	50.00	0	-1	-1	-1	0	60	60	1	1	0	92	50408171	935	334	638	322	297.24	0	-1.21	-9.93	0.00	0.00
11	11	ÄÐ	0	10.00	1	0	1	1	0	0	50.00	0	-1	-1	-1	0	60	60	1	1	0	93	50408211	935	334	638	322	297.24	0	-1.22	-9.92	0.00	0.00
11	11	ÄÐ	0	10.00	1	0	1	1	0	0	50.00	0	-1	-1	-1	0	60	60	1	1	0	94	50408251	935	333	638	322	297.20	0	-1.24	-9.92	0.00	0.00
11	11	ÄÐ	0	10.00	1	0	1	1	0	0	50.00	0	-1	-1	-1	0	60	60	1	1	0	95	50408291	935	333	638	322	297.20	0	-1.25	-9.92	0.00	0.00
11	11	ÄÐ	0	10.00	1	0	1	1	0	0	50.00	0	-1	-1	-1	0	60	60	1	1	0	96	50408331	935	333	638	322	297.20	0	-1.26	-9.92	0.00	0.00
11	11	ÄÐ	0	10.00	1	0	1	1	0	0	50.00	0	-1	-1	-1	0	60	60	1	1	0	97	50408371	935	332	638	322	297.17	0	-1.28	-9.92	0.00	0.00
11	11	ÄÐ	0	10.00	1	0	1	1	0	0	50.00	0	-1	-1	-1	0	60	60	1	1	0	98	50408411	935	332	638	322	297.17	0	-1.29	-9.92	0.00	0.00
11	11	ÄÐ	0	10.00	1	0	1	1	0	0	50.00	0	-1	-1	-1	0	60	60	1	1	0	99	50408451	935	331	638	322	297.14	0	-1.30	-9.91	0.00	0.00
11	11	ÄÐ	0	10.00	1	0	1	1	0	0	50.00	0	-1	-1	-1	0	60	60	1	1	0	100	50408491	935	331	638	322	297.14	0	-1.32	-9.91	0.00	0.00
11	11	ÄÐ	0	10.00	1	0	1	1	0	0	50.00	0	-1	-1	-1	0	60	60	1	1	0	101	50408531	935	331	638	322	297.14	0	-1.33	-9.91	0.00	0.00
11	11	ÄÐ	0	10.00	1	0	1	1	0	0	50.00	0	-1	-1	-1	0	60	60	1	1	0	102	50408571	935	330	638	322	297.11	0	-1.34	-9.91	0.00	0.00
11	11	ÄÐ	0	10.00	1	0	1	1	0	0	50.00	0	-1	-1	-1	0	60	60	1	1	0	103	50408611	935	330	638	322	297.11	0	-1.36	-9.91	0.00	0.00
11	11	ÄÐ	0	10.00	1	0	1	1	0	0	50.00	0	-1	-1	-1	0	60	60	1	1	0	104	50408651	935	329	638	322	297.08	0	-1.37	-9.91	0.00	0.00
11	11	ÄÐ	0	10.00	1	0	1	1	0	0	50.00	0	-1	-1	-1	0	60	60	1	1	0	105	50408691	935	329	638	322	297.08	0	-1.38	-9.90	0.00	0.00
11	11	ÄÐ	0	10.00	1	0	1	1	0	0	50.00	0	-1	-1	-1	0	60	60	1	1	0	106	50408731	935	329	638	322	297.08	0	-1.40	-9.90	0.00	0.00
11	11	ÄÐ	0	10.00	1	0	1	1	0	0	50.00	0	-1	-1	-1	0	60	60	1	1	0	107	50408771	935	328	638	322	297.06	0	-1.41	-9.90	0.00	0.00
11	11	ÄÐ	0	10.00	1	0	1	1	0	0	50.00	0	-1	-1	-1	0	60	60	1	1	0	108	50408811	934	328	638	322	296.06	0	-1.42	-9.90	0.00	0.00
11	11	ÄÐ	0	10.00	1	0	1	1	0	0	50.00	0	-1	-1	-1	0	60	60	1	1	0	109	50408851	934	327	638	322	296.04	0	-1.44	-9.90	0.00	0.00
11	11	ÄÐ	0	10.00	1	0	1	1	0	0	50.00	0	-1	-1	-1	0	60	60	1	1	0	110	50408891	934	327	638	322	296.04	0	-1.45	-9.89	0.00	0.00
11	11	ÄÐ	0	10.00	1	0	1	1	0	0	50.00	0	-1	-1	-1	0	60	60	1	1	0	111	50408931	934	327	638	322	296.04	0	-1.46	-9.89	0.00	0.00
11	11	ÄÐ	0	10.00	1	0	1	1	0	0	50.00	0	-1	-1	-1	0	60	60	1	1	0	112	50408971	934	326	638	322	296.03	0	-1.47	-9.89	0.00	0.00
11	11	ÄÐ	0	10.00	1	0	1	1	0	0	50.00	0	-1	-1	-1	0	60	60	1	1	0	113	50409011	934	326	638	322	296.03	0	-1.49	-9.89	0.00	0.00
11	11	ÄÐ	0	10.00	1	0	1	1	0	0	50.00	0	-1	-1	-1	0	60	60	1	1	0	114	50409051	934	325	638	322	296.02	0	-1.50	-9.89	0.00	0.00
11	11	ÄÐ	0	10.00	1	0	1	1	0	0	50.00	0	-1	-1	-1	0	60	60	1	1	0	115	50409091	934	325	638	322	296.02	0	-1.51	-9.88	0.00	0.00
11	11	ÄÐ	0	10.00	1	0	1	1	0	0	50.00	0	-1	-1	-1	0	60	60	1	1	0	116	50409131	934	325	638	322	296.02	0	-1.53	-9.88	0.00	0.00
11	11	ÄÐ	0	10.00	1	0	1	1	0	0	50.00	0	-1	-1	-1	0	60	60	1	1	0	117	50409171	934	324	638	322	296.01	0	-1.54	-9.88	0.00	0.00
11	11	ÄÐ	0	10.00	1	0	1	1	0	0	50.00	0	-1	-1	-1	0	60	60	1	1	0	118	50409211	934	324	638	322	296.01	0	-1.55	-9.88	0.00	0.00
11	11	ÄÐ	0	10.00	1	0	1	1	0	0	50.00	0	-1	-1	-1	0	60	60	1	1	0	119	50409251	934	323	638	322	296.00	0	-1.57	-9.88	0.00	0.00
11	11	ÄÐ	0	10.00	1	0	1	1	0	0	50.00	0	-1	-1	-1	0	60	60	1	1	0	120	50409291	934	323	638	322	296.00	0	-1.58	-9.87	0.00	0.00
11	11	ÄÐ	0	10.00	1	0	1	1	0	0	50.00	0	-1	-1	-1	0	60	60	1	1	0	121	50409331	934	323	638	322	296.00	0	-1.59	-9.87	0.00	0.00
11	11	ÄÐ	0	10.00	1	0	1	1	0	0	50.00	0	-1	-1	-1	0	60	60	1	1	0	122	50409371	934	322	638	322	296.00	0	-1.61	-9.87	0.00	0.00
11	11	ÄÐ	0	10.00	1	0	1	1	0	0	50.00	0	-1	-1	-1	0	60	60	1	1	0	123	50409411	934	322	638	322	296.00	0	-1.62	-9.87	0.00	0.00
11	11	ÄÐ	0	10.00	1	0	1	1	0	0	50.00	0	-1	-1	-1	0	60	60	1	1	0	124	50409451	933	322	638	322	295.00	0	-1.63	-9.87	0.00	0.00
11	11	ÄÐ	0	10.00	1	0	1	1	0	0	50.00	0	-1	-1	-1	0	60	60	1	1	0	125	50409491	933	321	638	322	295.00	0	-1.65	-9.86	0.00	0.00
11	11	ÄÐ	0	10.00	1	0	1	1	0	0	50.00	0	-1	-1	-1	0	60	60	1	1	0	126	50409531	933	321	638	322	295.00	0	-1.66	-9.86	0.00	0.00
11	11	ÄÐ	0	10.00	1	0	1	1	0	0	50.00	0	-1	-1	-1	0	60	60	1	1	0	127	50409571	933	320	638	322	295.01	0	-1.67	-9.86	0.00	0.00
11	11	ÄÐ	0	10.00	1	0	1	1	0	0	50.00	0	-1	-1	-1	0	60	60	1	1	0	128	50409611	933	320	638	322	295.01	0	-1.69	-9.86	0.00	0.00
11	11	ÄÐ	0	10.00	1	0	1	1	0	0	50.00	0	-1	-1	-1	0	60	60	1	1	0	129	50409651	933	320	638	322	295.01	0	-1.70	-9.85	0.00	0.00
11	11	ÄÐ	0	10.00	1	0	1	1	0	0	50.00	0	-1	-1	-1	0	60	60	1	1	0	130	50409691	933	319	638	322	295.02	0	-1.71	-9.85	0.00	0.00
11	11	ÄÐ	0	10.00	1	0	1	1	0	0	50.00	0	-1	-1	-1	0	60	60	1	1	0	131	50409731	933	319	638	322	295.02	0	-1.72	-9.85	0.00	0.00
11	11	ÄÐ	0	10.00	1	0	1	1	0	0	50.00	0	-1	-1	-1	0	60	60	1	1	0	132	50409771	933	318	638	322	295.03	0	-1.74	-9.85	0.00	0.00
11	11	ÄÐ	0	10.00	1	0	1	1	0	0	50.00	0	-1	-1	-1	0	60	60	1	1	0	133	50409811	933	318	638	322	295.03	0	-1.75	-9.85	0.00	0.00
11	11	ÄÐ	0	10.00	1	0	1	1	0	0	50.00	0	-1	-1	-1	0	60	60	1	1	0	134	50409851	933	318	638	322	295.03	0	-1.76	-9.84	0.00	0.00
11	11	ÄÐ	0	10.00	1	0	1	1	0	0	50.00	0	-1	-1	-1	0	60	60	1	1	0	135	50409891	933	317	638	322	295.04	0	-1.78	-9.84	0.00	0.00
11	11	ÄÐ	0	10.00	1	0	1	1	0	0	50.00	0	-1	-1	-1	0	60	60	1	1	0	136	50409931	933	317	638	322	295.04	0	-1.79	-9.84	0.00	0.00
11	11	ÄÐ	0	10.00	1	0	1	1	0	0	50.00	0	-1	-1	-1	0	60	60	1	1	0	137	50409971	933	316	638	322	295.06	0	-1.80	-9.84	0.00	0.00
11	11	ÄÐ	0	10.00	1	0	1	1	0	0	50.00	0	-1	-1	-1	0	60	60	1	1	0	138	50410011	933	316	638	322	295.06	0	-1.82	-9.83	0.00	0.00
11	11	ÄÐ	0	10.00	1	0	1	1	0	0	50.00	0	-1	-1	-1	0	60	60	1	1	0	139	50410051	932	316	638	322	294.06	0	-1.83	-9.83	0.00	0.00
11	11	ÄÐ	0	10.00	1	0	1	1	0	0	50.00	0	-1	-1	-1	0	60	60	1	1	0	140	50410091	932	315	638	322	294.08	0	-1.84	-9.83	0.00	0.00
11	11	ÄÐ	0	10.00	1	0	1	1	0	0	50.00	0	-1	-1	-1	0	60	60	1	1	0	141	50410131	932	315	638	322	294.08	0	-1.86	-9.83	0.00	0.00
11	11	ÄÐ	0	10.00	1	0	1	1	0	0	50.00	0	-1	-1	-1	0	60	60	1	1	0	142	50410171	932	314	638	322	294.11	0	-1.87	-9.82	0.00	0.00
11	11	ÄÐ	0	10.00	1	0	1	1	0	0	50.00	0	-1	-1	-1	0	60	60	1	1	0	143	50410211	932	314	638	322	294.11	0	-1.88	-9.82	0.00	0.00
11	11	ÄÐ	0	10.00	1	0	1	1	0	0	50.00	0	-1	-1	-1	0	60	60	1	1	0	144	50410251	932	314	638	322	294.11	0	-1.90	-9.82	0.00	0.00
11	11	ÄÐ	0	10.00	1	0	1	1	0	0	50.00	0	-1	-1	-1	0	60	60	1	1	0	145	50410291	932	313	638	322	294.14	0	-1.91	-9.82	0.00	0.00
11	11	ÄÐ	0	10.00	1	0	1	1	0	0	50.00	0	-1	-1	-1	0	60	60	1	1	0	146	50410331	932	313	638	322	294.14	0	-1.92	-9.81	0.00	0.00
11	11	ÄÐ	0	10.00	1	0	1	1	0	0	50.00	0	-1	-1	-1	0	60	60	1	1	0	147	50410371	932	312	638	322	294.17	0	-1.93	-9.81	0.00	0.00
11	11	ÄÐ	0	10.00	1	0	1	1	0	0	50.00	0	-1	-1	-1	0	60	60	1	1	0	148	50410411	932	312	638	322	294.17	0	-1.95	-9.81	0.00	0.00
11	11	ÄÐ	0	10.00	1	0	1	1	0	0	50.00	0	-1	-1	-1	0	60	60	1	1	0	149	50410451	932	312	638	322	294.17	0	-1.96	-9.81	0.00	0.00
11	11	ÄÐ	0	10.00	1	0	1	1	0	0	50.00	0	-1	-1	-1	0	60	60	1	1	0	150	50410491	932	311	638	322	294.21	0	-1.97	-9.80	0.00	0.00
11	11	ÄÐ	0	10.00	1	0	1	1	0	0	50.00	0	-1	-1	-1	0	60	60	1	1	0	151	50410531	932	311	638	322	294.21	0	-1.99	-9.80	0.00	0.00
11	11	ÄÐ	0	10.00	1	0	1	1	0	0	50.00	0	-1	-1	-1	0	60	60	1	1	0	152	50410571	931	310	638	322	293.25	0	-2.00	-9.80	0.00	0.00
11	11	ÄÐ	0	10.00	1	0	1	1	0	0	50.00	0	-1	-1	-1	0	60	60	1	1	0	153	50410611	931	310	638	322	293.25	0	-2.01	-9.80	0.00	0.00
11	11	ÄÐ	0	10.00	1	0	1	1	0	0	50.00	0	-1	-1	-1	0	60	60	1	1	0	154	50410651	931	310	638	322	293.25	0	-2.03	-9.79	0.00	0.00
11	11	ÄÐ	0	10.00	1	0	1	1	0	0	50.00	0	-1	-1	-1	0	60	60	1	1	0	155	50410691	931	309	638	322	293.29	0	-2.04	-9.79	0.00	0.00
11	11	ÄÐ	0	10.00	1	0	1	1	0	0	50.00	0	-1	-1	-1	0	60	60	1	1	0	156	50410731	931	309	638	322	293.29	0	-2.05	-9.79	0.00	0.00
11	11	ÄÐ	0	10.00	1	0	1	1	0	0	50.00	0	-1	-1	-1	0	60	60	1	1	0	157	50410771	931	309	638	322	293.29	0	-2.07	-9.78	0.00	0.00
11	11	ÄÐ	0	10.00	1	0	1	1	0	0	50.00	0	-1	-1	-1	0	60	60	1	1	0	158	50410811	931	308	638	322	293.33	0	-2.08	-9.78	0.00	0.00
11	11	ÄÐ	0	10.00	1	0	1	1	0	0	50.00	0	-1	-1	-1	0	60	60	1	1	0	159	50410851	931	308	638	322	293.33	0	-2.09	-9.78	0.00	0.00
11	11	ÄÐ	0	10.00	1	0	1	1	0	0	50.00	0	-1	-1	-1	0	60	60	1	1	0	160	50410891	931	307	638	322	293.38	0	-2.10	-9.78	0.00	0.00
11	11	ÄÐ	0	10.00	1	0	1	1	0	0	50.00	0	-1	-1	-1	0	60	60	1	1	0	161	50410931	931	307	638	322	293.38	0	-2.12	-9.77	0.00	0.00
11	11	ÄÐ	0	10.00	1	0	1	1	0	0	50.00	0	-1	-1	-1	0	60	60	1	1	0	162	50410971	931	307	638	322	293.38	0	-2.13	-9.77	0.00	0.00
11	11	ÄÐ	0	10.00	1	0	1	1	0	0	50.00	0	-1	-1	-1	0	60	60	1	1	0	163	50411011	931	306	638	322	293.44	0	-2.14	-9.77	0.00	0.00
11	11	ÄÐ	0	10.00	1	0	1	1	0	0	50.00	0	-1	-1	-1	0	60	60	1	1	0	164	50411051	930	306	638	322	292.44	0	-2.16	-9.76	0.00	0.00
11	11	ÄÐ	0	10.00	1	0	1	1	0	0	50.00	0	-1	-1	-1	0	60	60	1	1	0	165	50411091	930	305	638	322	292.49	0	-2.17	-9.76	0.00	0.00
11	11	ÄÐ	0	10.00	1	0	1	1	0	0	50.00	0	-1	-1	-1	0	60	60	1	1	0	166	50411131	930	305	638	322	292.49	0	-2.18	-9.76	0.00	0.00
11	11	ÄÐ	0	10.00	1	0	1	1	0	0	50.00	0	-1	-1	-1	0	60	60	1	1	0	167	50411171	930	305	638	322	292.49	0	-2.20	-9.76	0.00	0.00
11	11	ÄÐ	0	10.00	1	0	1	1	0	0	50.00	0	-1	-1	-1	0	60	60	1	1	0	168	50411211	930	304	638	322	292.55	0	-2.21	-9.75	0.00	0.00
11	11	ÄÐ	0	10.00	1	0	1	1	0	0	50.00	0	-1	-1	-1	0	60	60	1	1	0	169	50411251	930	304	638	322	292.55	0	-2.22	-9.75	0.00	0.00
11	11	ÄÐ	0	10.00	1	0	1	1	0	0	50.00	0	-1	-1	-1	0	60	60	1	1	0	170	50411291	930	303	638	322	292.62	0	-2.23	-9.75	0.00	0.00
11	11	ÄÐ	0	10.00	1	0	1	1	0	0	50.00	0	-1	-1	-1	0	60	60	1	1	0	171	50411331	930	303	638	322	292.62	0	-2.25	-9.74	0.00	0.00
11	11	ÄÐ	0	10.00	1	0	1	1	0	0	50.00	0	-1	-1	-1	0	60	60	1	1	0	172	50411371	930	303	638	322	292.62	0	-2.26	-9.74	0.00	0.00
11	11	ÄÐ	0	10.00	1	0	1	1	0	0	50.00	0	-1	-1	-1	0	60	60	1	1	0	173	50411411	930	302	638	322	292.68	0	-2.27	-9.74	0.00	0.00
11	11	ÄÐ	0	10.00	1	0	1	1	0	0	50.00	0	-1	-1	-1	0	60	60	1	1	0	174	50411451	930	302	638	322	292.68	0	-2.29	-9.74	0.00	0.00
11	11	ÄÐ	0	10.00	1	0	1	1	0	0	50.00	0	-1	-1	-1	0	60	60	1	1	0	175	50411491	929	302	638	322	291.69	0	-2.30	-9.73	0.00	0.00
11	11	ÄÐ	0	10.00	1	0	1	1	0	0	50.00	0	-1	-1	-1	0	60	60	1	1	0	176	50411531	929	301	638	322	291.76	0	-2.31	-9.73	0.00	0.00
11	11	ÄÐ	0	10.00	1	0	1	1	0	0	50.00	0	-1	-1	-1	0	60	60	1	1	0	177	50411571	929	301	638	322	291.76	0	-2.33	-9.73	0.00	0.00
11	11	ÄÐ	0	10.00	1	0	1	1	0	0	50.00	0	-1	-1	-1	0	60	60	1	1	0	178	50411611	929	300	638	322	291.83	0	-2.34	-9.72	0.00	0.00
11	11	ÄÐ	0	10.00	1	0	1	1	0	0	50.00	0	-1	-1	-1	0	60	60	1	1	0	179	50411651	929	300	638	322	291.83	0	-2.35	-9.72	0.00	0.00
11	11	ÄÐ	0	10.00	1	0	1	1	0	0	50.00	0	-1	-1	-1	0	60	60	1	1	0	180	50411691	929	300	638	322	291.83	0	-2.36	-9.72	0.00	0.00
11	11	ÄÐ	0	10.00	1	0	1	1	0	0	50.00	0	-1	-1	-1	0	60	60	1	1	0	181	50411731	929	299	638	322	291.91	0	-2.38	-9.71	0.00	0.00
11	11	ÄÐ	0	10.00	1	0	1	1	0	0	50.00	0	-1	-1	-1	0	60	60	1	1	0	182	50411771	929	299	638	322	291.91	0	-2.39	-9.71	0.00	0.00
11	11	ÄÐ	0	10.00	1	0	1	1	0	0	50.00	0	-1	-1	-1	0	60	60	1	1	0	183	50411811	929	298	638	322	291.99	0	-2.40	-9.71	0.00	0.00
11	11	ÄÐ	0	10.00	1	0	1	1	0	0	50.00	0	-1	-1	-1	0	60	60	1	1	0	184	50411851	929	298	638	322	291.99	0	-2.42	-9.70	0.00	0.00
11	11	ÄÐ	0	10.00	1	0	1	1	0	0	50.00	0	-1	-1	-1	0	60	60	1	1	0	185	50411891	929	298	638	322	291.99	0	-2.43	-9.70	0.00	0.00
11	11	ÄÐ	0	10.00	1	0	1	1	0	0	50.00	0	-1	-1	-1	0	60	60	1	1	0	186	50411931	928	297	638	322	291.08	0	-2.44	-9.70	0.00	0.00
11	11	ÄÐ	0	10.00	1	0	1	1	0	0	50.00	0	-1	-1	-1	0	60	60	1	1	0	187	50411971	928	297	638	322	291.08	0	-2.45	-9.69	0.00	0.00
11	11	ÄÐ	0	10.00	1	0	1	1	0	0	50.00	0	-1	-1	-1	0	60	60	1	1	0	188	50412011	928	296	638	322	291.16	0	-2.47	-9.69	0.00	0.00
11	11	ÄÐ	0	10.00	1	0	1	1	0	0	50.00	0	-1	-1	-1	0	60	60	1	1	0	189	50412051	928	296	638	322	291.16	0	-2.48	-9.69	0.00	0.00
11	11	ÄÐ	0	10.00	1	0	1	1	0	0	50.00	0	-1	-1	-1	0	60	60	1	1	0	190	50412091	928	296	638	322	291.16	0	-2.49	-9.68	0.00	0.00
11	11	ÄÐ	0	10.00	1	0	1	1	0	0	50.00	0	-1	-1	-1	0	60	60	1	1	0	191	50412131	928	295	638	322	291.25	0	-2.51	-9.68	0.00	0.00
11	11	ÄÐ	0	10.00	1	0	1	1	0	0	50.00	0	-1	-1	-1	0	60	60	1	1	0	192	50412171	928	295	638	322	291.25	0	-2.52	-9.68	0.00	0.00
11	11	ÄÐ	0	10.00	1	0	1	1	0	0	50.00	0	-1	-1	-1	0	60	60	1	1	0	193	50412211	928	295	638	322	291.25	0	-2.53	-9.67	0.00	0.00
11	11	ÄÐ	0	10.00	1	0	1	1	0	0	50.00	0	-1	-1	-1	0	60	60	1	1	0	194	50412251	928	294	638	322	291.35	0	-2.55	-9.67	0.00	0.00
11	11	ÄÐ	0	10.00	1	0	1	1	0	0	50.00	0	-1	-1	-1	0	60	60	1	1	0	195	50412291	928	294	638	322	291.35	0	-2.56	-9.67	0.00	0.00
11	11	ÄÐ	0	10.00	1	0	1	1	0	0	50.00	0	-1	-1	-1	0	60	60	1	1	0	196	50412331	927	293	638	322	290.45	0	-2.57	-9.66	0.00	0.00
11	11	ÄÐ	0	10.00	1	0	1	1	0	0	50.00	0	-1	-1	-1	0	60	60	1	1	0	197	50412371	927	293	638	322	290.45	0	-2.58	-9.66	0.00	0.00
11	11	ÄÐ	0	10.00	1	0	1	1	0	0	50.00	0	-1	-1	-1	0	60	60	1	1	0	198	50412411	927	293	638	322	290.45	0	-2.60	-9.66	0.00	0.00
11	11	ÄÐ	0	10.00	1	0	1	1	0	0	50.00	0	-1	-1	-1	0	60	60	1	1	0	199	50412451	927	292	638	322	290.55	0	-2.61	-9.65	0.00	0.00
11	11	ÄÐ	0	10.00	1	0	1	1	0	0	50.00	0	-1	-1	-1	0	60	60	1	1	0	200	50412491	927	292	638	322	290.55	0	-2.62	-9.65	0.00	0.00
