ID	Name	Sex	Session	DistanceError	PracMode	ExperMode	MainTask	SubTask	MainTaskMode	Background	InitSpeed	EventMode	CodePairMode	CodePairNum	DisplayMode	EventFrequency	PracTime	ExperTime	PracTimes	ExperTimes	Pra_Test	PointNum	PointTime	ObjPointX	ObjPointY	PostPointX	PostPointY	Distance	Hit	ObjSpeedX	ObjSpeedY	PostSpeedX	PostSpeedY
11	11	ÄÐ	0	50.00	1	0	1	1	0	0	50.00	0	-1	-1	-1	0	60	60	1	15	0	1	209681035	914	384	614	384	0.00	0	-0.00	-100.00	0.00	0.00
11	11	ÄÐ	0	50.00	1	0	1	1	0	0	50.00	0	-1	-1	-1	0	60	60	1	15	0	2	209681075	913	380	619	384	294.03	0	-1.33	-99.99	500.00	0.00
11	11	ÄÐ	0	50.00	1	0	1	1	0	0	50.00	0	-1	-1	-1	0	60	60	1	15	0	3	209681115	913	376	619	384	294.11	0	-2.67	-99.96	0.00	0.00
11	11	ÄÐ	0	50.00	1	0	1	1	0	0	50.00	0	-1	-1	-1	0	60	60	1	15	0	4	209681155	913	372	619	384	294.24	0	-4.00	-99.92	0.00	0.00
11	11	ÄÐ	0	50.00	1	0	1	1	0	0	50.00	0	-1	-1	-1	0	60	60	1	15	0	5	209681195	913	367	619	384	294.49	0	-5.34	-99.86	0.00	0.00
11	11	ÄÐ	0	50.00	1	0	1	1	0	0	50.00	0	-1	-1	-1	0	60	60	1	15	0	6	209681236	913	363	619	384	294.75	0	-6.73	-99.77	0.00	0.00
11	11	ÄÐ	0	50.00	1	0	1	1	0	0	50.00	0	-1	-1	-1	0	60	60	1	15	0	7	209681276	913	359	619	384	295.06	0	-8.06	-99.67	0.00	0.00
11	11	ÄÐ	0	50.00	1	0	1	1	0	0	50.00	0	-1	-1	-1	0	60	60	1	15	0	8	209681316	912	355	630	384	283.49	0	-9.38	-99.56	500.00	0.00
11	11	ÄÐ	0	50.00	1	0	1	1	0	0	50.00	0	-1	-1	-1	0	60	60	1	15	0	9	209681356	912	351	636	377	277.22	0	-10.71	-99.42	500.00	-500.00
11	11	ÄÐ	0	50.00	1	0	1	1	0	0	50.00	0	-1	-1	-1	0	60	60	1	15	0	10	209681396	911	347	645	359	266.27	0	-12.04	-99.27	500.00	-500.00
11	11	ÄÐ	0	50.00	1	0	1	1	0	0	50.00	0	-1	-1	-1	0	60	60	1	15	0	11	209681436	911	343	665	339	246.03	0	-13.36	-99.10	500.00	-500.00
11	11	ÄÐ	0	50.00	1	0	1	1	0	0	50.00	0	-1	-1	-1	0	60	60	1	15	0	12	209681476	910	339	685	319	225.89	0	-14.68	-98.92	500.00	-500.00
11	11	ÄÐ	0	50.00	1	0	1	1	0	0	50.00	0	-1	-1	-1	0	60	60	1	15	0	13	209681516	910	336	705	299	208.31	0	-16.00	-98.71	500.00	-500.00
11	11	ÄÐ	0	50.00	1	0	1	1	0	0	50.00	0	-1	-1	-1	0	60	60	1	15	0	14	209681556	909	332	725	279	191.48	0	-17.31	-98.49	500.00	-500.00
11	11	ÄÐ	0	50.00	1	0	1	1	0	0	50.00	0	-1	-1	-1	0	60	60	1	15	0	15	209681596	908	328	745	259	177.00	0	-18.62	-98.25	500.00	-500.00
11	11	ÄÐ	0	50.00	1	0	1	1	0	0	50.00	0	-1	-1	-1	0	60	60	1	15	0	16	209681636	907	324	765	239	165.50	0	-19.93	-97.99	500.00	-500.00
11	11	ÄÐ	0	50.00	1	0	1	1	0	0	50.00	0	-1	-1	-1	0	60	60	1	15	0	17	209681676	907	320	785	219	158.38	0	-21.24	-97.72	500.00	-500.00
11	11	ÄÐ	0	50.00	1	0	1	1	0	0	50.00	0	-1	-1	-1	0	60	60	1	15	0	18	209681716	906	316	805	206	149.34	0	-22.54	-97.43	500.00	-500.00
11	11	ÄÐ	0	50.00	1	0	1	1	0	0	50.00	0	-1	-1	-1	0	60	60	1	15	0	19	209681756	905	312	805	206	145.73	0	-23.84	-97.12	0.00	0.00
11	11	ÄÐ	0	50.00	1	0	1	1	0	0	50.00	0	-1	-1	-1	0	60	60	1	15	0	20	209681796	904	308	805	206	142.14	0	-25.13	-96.79	0.00	0.00
11	11	ÄÐ	0	50.00	1	0	1	1	0	0	50.00	0	-1	-1	-1	0	60	60	1	15	0	21	209681836	903	304	805	206	138.59	0	-26.42	-96.45	0.00	0.00
11	11	ÄÐ	0	50.00	1	0	1	1	0	0	50.00	0	-1	-1	-1	0	60	60	1	15	0	22	209681876	902	300	805	206	135.07	0	-27.70	-96.09	0.00	0.00
11	11	ÄÐ	0	50.00	1	0	1	1	0	0	50.00	0	-1	-1	-1	0	60	60	1	15	0	23	209681916	901	297	805	206	132.28	0	-28.98	-95.71	0.00	0.00
11	11	ÄÐ	0	50.00	1	0	1	1	0	0	50.00	0	-1	-1	-1	0	60	60	1	15	0	24	209681956	899	293	805	206	128.08	0	-30.25	-95.31	0.00	0.00
11	11	ÄÐ	0	50.00	1	0	1	1	0	0	50.00	0	-1	-1	-1	0	60	60	1	15	0	25	209681996	898	289	805	206	124.65	0	-31.52	-94.90	0.00	0.00
11	11	ÄÐ	0	50.00	1	0	1	1	0	0	50.00	0	-1	-1	-1	0	60	60	1	15	0	26	209682036	897	285	805	206	121.26	0	-32.78	-94.47	0.00	0.00
11	11	ÄÐ	0	50.00	1	0	1	1	0	0	50.00	0	-1	-1	-1	0	60	60	1	15	0	27	209682076	896	281	805	206	117.92	0	-34.04	-94.03	0.00	0.00
11	11	ÄÐ	0	50.00	1	0	1	1	0	0	50.00	0	-1	-1	-1	0	60	60	1	15	0	28	209682116	894	278	805	206	114.48	0	-35.29	-93.57	0.00	0.00
11	11	ÄÐ	0	50.00	1	0	1	1	0	0	50.00	0	-1	-1	-1	0	60	60	1	15	0	29	209682156	893	274	805	206	111.21	0	-36.54	-93.09	0.00	0.00
11	11	ÄÐ	0	50.00	1	0	1	1	0	0	50.00	0	-1	-1	-1	0	60	60	1	15	0	30	209682196	891	270	805	206	107.20	0	-37.77	-92.59	0.00	0.00
11	11	ÄÐ	0	50.00	1	0	1	1	0	0	50.00	0	-1	-1	-1	0	60	60	1	15	0	31	209682236	890	266	805	206	104.04	0	-39.00	-92.08	0.00	0.00
11	11	ÄÐ	0	50.00	1	0	1	1	0	0	50.00	0	-1	-1	-1	0	60	60	1	15	0	32	209682276	888	263	805	206	100.69	0	-40.23	-91.55	0.00	0.00
11	11	ÄÐ	0	50.00	1	0	1	1	0	0	50.00	0	-1	-1	-1	0	60	60	1	15	0	33	209682316	887	259	805	206	97.64	0	-41.45	-91.01	0.00	0.00
11	11	ÄÐ	0	50.00	1	0	1	1	0	0	50.00	0	-1	-1	-1	0	60	60	1	15	0	34	209682356	885	256	805	206	94.34	0	-42.66	-90.45	0.00	0.00
11	11	ÄÐ	0	50.00	1	0	1	1	0	0	50.00	0	-1	-1	-1	0	60	60	1	15	0	35	209682396	883	252	805	206	90.55	0	-43.86	-89.87	0.00	0.00
11	11	ÄÐ	0	50.00	1	0	1	1	0	0	50.00	0	-1	-1	-1	0	60	60	1	15	0	36	209682436	881	248	805	206	86.83	0	-45.05	-89.28	0.00	0.00
11	11	ÄÐ	0	50.00	1	0	1	1	0	0	50.00	0	-1	-1	-1	0	60	60	1	15	0	37	209682476	880	245	805	206	84.53	0	-46.24	-88.67	0.00	0.00
11	11	ÄÐ	0	50.00	1	0	1	1	0	0	50.00	0	-1	-1	-1	0	60	60	1	15	0	38	209682516	878	241	805	206	80.96	0	-47.42	-88.04	0.00	0.00
11	11	ÄÐ	0	50.00	1	0	1	1	0	0	50.00	0	-1	-1	-1	0	60	60	1	15	0	39	209682556	876	238	805	206	77.88	0	-48.59	-87.40	0.00	0.00
11	11	ÄÐ	0	50.00	1	0	1	1	0	0	50.00	0	-1	-1	-1	0	60	60	1	15	0	40	209682596	874	234	805	206	74.46	0	-49.75	-86.75	0.00	0.00
11	11	ÄÐ	0	50.00	1	0	1	1	0	0	50.00	0	-1	-1	-1	0	60	60	1	15	0	41	209682636	872	231	805	206	71.51	0	-50.90	-86.08	0.00	0.00
11	11	ÄÐ	0	50.00	1	0	1	1	0	0	50.00	0	-1	-1	-1	0	60	60	1	15	0	42	209682676	870	227	805	206	68.31	0	-52.04	-85.39	0.00	0.00
11	11	ÄÐ	0	50.00	1	0	1	1	0	0	50.00	0	-1	-1	-1	0	60	60	1	15	0	43	209682716	868	224	805	206	65.52	0	-53.18	-84.69	0.00	0.00
11	11	ÄÐ	0	50.00	1	0	1	1	0	0	50.00	0	-1	-1	-1	0	60	60	1	15	0	44	209682756	865	221	805	206	61.85	0	-54.30	-83.97	0.00	0.00
11	11	ÄÐ	0	50.00	1	0	1	1	0	0	50.00	0	-1	-1	-1	0	60	60	1	15	0	45	209682796	863	217	805	206	59.03	0	-55.42	-83.24	0.00	0.00
11	11	ÄÐ	0	50.00	1	0	1	1	0	0	50.00	0	-1	-1	-1	0	60	60	1	15	0	46	209682836	861	214	794	196	69.38	0	-56.52	-82.49	-500.00	-500.00
11	11	ÄÐ	0	50.00	1	0	1	1	0	0	50.00	0	-1	-1	-1	0	60	60	1	15	0	47	209682876	859	211	774	176	91.92	0	-57.62	-81.73	-500.00	-500.00
11	11	ÄÐ	0	50.00	1	0	1	1	0	0	50.00	0	-1	-1	-1	0	60	60	1	15	0	48	209682916	856	207	754	156	114.04	0	-58.70	-80.96	-500.00	-500.00
11	11	ÄÐ	0	50.00	1	0	1	1	0	0	50.00	0	-1	-1	-1	0	60	60	1	15	0	49	209682956	854	204	734	136	137.93	0	-59.77	-80.17	-500.00	-500.00
11	11	ÄÐ	0	50.00	1	0	1	1	0	0	50.00	0	-1	-1	-1	0	60	60	1	15	0	50	209682996	852	201	714	120	160.02	0	-60.84	-79.36	-500.00	-500.00
11	11	ÄÐ	0	50.00	1	0	1	1	0	0	50.00	0	-1	-1	-1	0	60	60	1	15	0	51	209683036	849	198	694	109	178.73	0	-61.89	-78.55	-500.00	-500.00
11	11	ÄÐ	0	50.00	1	0	1	1	0	0	50.00	0	-1	-1	-1	0	60	60	1	15	0	52	209683076	847	195	690	109	179.01	0	-62.93	-77.71	-500.00	0.00
11	11	ÄÐ	0	50.00	1	0	1	1	0	0	50.00	0	-1	-1	-1	0	60	60	1	15	0	53	209683116	844	192	690	109	174.94	0	-63.96	-76.87	0.00	0.00
11	11	ÄÐ	0	50.00	1	0	1	1	0	0	50.00	0	-1	-1	-1	0	60	60	1	15	0	54	209683156	842	189	690	109	171.77	0	-64.98	-76.01	0.00	0.00
11	11	ÄÐ	0	50.00	1	0	1	1	0	0	50.00	0	-1	-1	-1	0	60	60	1	15	0	55	209683196	839	186	690	109	167.72	0	-65.99	-75.13	0.00	0.00
11	11	ÄÐ	0	50.00	1	0	1	1	0	0	50.00	0	-1	-1	-1	0	60	60	1	15	0	56	209683236	836	183	690	109	163.68	0	-66.99	-74.25	0.00	0.00
11	11	ÄÐ	0	50.00	1	0	1	1	0	0	50.00	0	-1	-1	-1	0	60	60	1	15	0	57	209683276	834	180	690	109	160.55	0	-67.97	-73.35	0.00	0.00
11	11	ÄÐ	0	50.00	1	0	1	1	0	0	50.00	0	-1	-1	-1	0	60	60	1	15	0	58	209683316	831	177	690	109	156.54	0	-68.94	-72.44	0.00	0.00
11	11	ÄÐ	0	50.00	1	0	1	1	0	0	50.00	0	-1	-1	-1	0	60	60	1	15	0	59	209683356	828	174	690	109	152.54	0	-69.90	-71.51	0.00	0.00
11	11	ÄÐ	0	50.00	1	0	1	1	0	0	50.00	0	-1	-1	-1	0	60	60	1	15	0	60	209683396	825	171	690	109	148.56	0	-70.85	-70.57	0.00	0.00
11	11	ÄÐ	0	50.00	1	0	1	1	0	0	50.00	0	-1	-1	-1	0	60	60	1	15	0	61	209683436	822	168	690	109	144.59	0	-71.78	-69.62	0.00	0.00
11	11	ÄÐ	0	50.00	1	0	1	1	0	0	50.00	0	-1	-1	-1	0	60	60	1	15	0	62	209683476	819	165	690	109	140.63	0	-72.71	-68.66	0.00	0.00
11	11	ÄÐ	0	50.00	1	0	1	1	0	0	50.00	0	-1	-1	-1	0	60	60	1	15	0	63	209683516	817	163	690	109	138.00	0	-73.62	-67.68	0.00	0.00
11	11	ÄÐ	0	50.00	1	0	1	1	0	0	50.00	0	-1	-1	-1	0	60	60	1	15	0	64	209683556	814	160	690	109	134.08	0	-74.51	-66.69	0.00	0.00
11	11	ÄÐ	0	50.00	1	0	1	1	0	0	50.00	0	-1	-1	-1	0	60	60	1	15	0	65	209683596	811	157	690	109	130.17	0	-75.39	-65.69	0.00	0.00
11	11	ÄÐ	0	50.00	1	0	1	1	0	0	50.00	0	-1	-1	-1	0	60	60	1	15	0	66	209683636	808	155	690	109	126.65	0	-76.26	-64.68	0.00	0.00
11	11	ÄÐ	0	50.00	1	0	1	1	0	0	50.00	0	-1	-1	-1	0	60	60	1	15	0	67	209683676	804	152	690	109	121.84	0	-77.12	-63.66	0.00	0.00
11	11	ÄÐ	0	50.00	1	0	1	1	0	0	50.00	0	-1	-1	-1	0	60	60	1	15	0	68	209683716	801	150	690	109	118.33	0	-77.96	-62.63	0.00	0.00
11	11	ÄÐ	0	50.00	1	0	1	1	0	0	50.00	0	-1	-1	-1	0	60	60	1	15	0	69	209683756	798	147	690	109	114.49	0	-78.79	-61.58	0.00	0.00
11	11	ÄÐ	0	50.00	1	0	1	1	0	0	50.00	0	-1	-1	-1	0	60	60	1	15	0	70	209683796	795	145	690	109	111.00	0	-79.60	-60.53	0.00	0.00
11	11	ÄÐ	0	50.00	1	0	1	1	0	0	50.00	0	-1	-1	-1	0	60	60	1	15	0	71	209683836	792	142	690	109	107.21	0	-80.40	-59.46	0.00	0.00
11	11	ÄÐ	0	50.00	1	0	1	1	0	0	50.00	0	-1	-1	-1	0	60	60	1	15	0	72	209683876	789	140	690	109	103.74	0	-81.19	-58.38	0.00	0.00
11	11	ÄÐ	0	50.00	1	0	1	1	0	0	50.00	0	-1	-1	-1	0	60	60	1	15	0	73	209683916	785	138	690	109	99.33	0	-81.96	-57.29	0.00	0.00
11	11	ÄÐ	0	50.00	1	0	1	1	0	0	50.00	0	-1	-1	-1	0	60	60	1	15	0	74	209683956	782	135	690	109	95.60	0	-82.72	-56.20	0.00	0.00
11	11	ÄÐ	0	50.00	1	0	1	1	0	0	50.00	0	-1	-1	-1	0	60	60	1	15	0	75	209683996	779	133	690	109	92.18	0	-83.46	-55.09	0.00	0.00
11	11	ÄÐ	0	50.00	1	0	1	1	0	0	50.00	0	-1	-1	-1	0	60	60	1	15	0	76	209684036	775	131	690	109	87.80	0	-84.19	-53.97	0.00	0.00
11	11	ÄÐ	0	50.00	1	0	1	1	0	0	50.00	0	-1	-1	-1	0	60	60	1	15	0	77	209684076	772	129	690	109	84.40	0	-84.90	-52.84	0.00	0.00
11	11	ÄÐ	0	50.00	1	0	1	1	0	0	50.00	0	-1	-1	-1	0	60	60	1	15	0	78	209684116	769	127	690	109	81.02	0	-85.59	-51.71	0.00	0.00
11	11	ÄÐ	0	50.00	1	0	1	1	0	0	50.00	0	-1	-1	-1	0	60	60	1	15	0	79	209684156	765	125	690	109	76.69	0	-86.28	-50.56	0.00	0.00
11	11	ÄÐ	0	50.00	1	0	1	1	0	0	50.00	0	-1	-1	-1	0	60	60	1	15	0	80	209684196	762	123	690	109	73.35	0	-86.94	-49.41	0.00	0.00
11	11	ÄÐ	0	50.00	1	0	1	1	0	0	50.00	0	-1	-1	-1	0	60	60	1	15	0	81	209684236	758	121	695	109	64.13	0	-87.59	-48.24	500.00	0.00
11	11	ÄÐ	0	50.00	1	0	1	1	0	0	50.00	0	-1	-1	-1	0	60	60	1	15	0	82	209684276	755	119	702	109	53.94	0	-88.23	-47.07	500.00	0.00
11	11	ÄÐ	0	50.00	1	0	1	1	0	0	50.00	0	-1	-1	-1	0	60	60	1	15	0	83	209684316	751	117	714	109	37.85	1	-88.85	-45.89	500.00	0.00
11	11	ÄÐ	0	50.00	1	0	1	1	0	0	50.00	0	-1	-1	-1	0	60	60	1	15	0	84	209684356	748	115	729	109	19.92	1	-89.45	-44.70	500.00	0.00
11	11	ÄÐ	0	50.00	1	0	1	1	0	0	50.00	0	-1	-1	-1	0	60	60	1	15	0	85	209684396	744	113	748	109	5.66	1	-90.04	-43.50	500.00	0.00
11	11	ÄÐ	0	50.00	1	0	1	1	0	0	50.00	0	-1	-1	-1	0	60	60	1	15	0	86	209684436	740	112	768	109	28.16	1	-90.61	-42.30	500.00	0.00
11	11	ÄÐ	0	50.00	1	0	1	1	0	0	50.00	0	-1	-1	-1	0	60	60	1	15	0	87	209684476	737	110	788	106	51.16	0	-91.17	-41.09	500.00	-500.00
11	11	ÄÐ	0	50.00	1	0	1	1	0	0	50.00	0	-1	-1	-1	0	60	60	1	15	0	88	209684516	733	108	807	103	74.17	0	-91.71	-39.87	500.00	-500.00
11	11	ÄÐ	0	50.00	1	0	1	1	0	0	50.00	0	-1	-1	-1	0	60	60	1	15	0	89	209684556	729	107	817	103	88.09	0	-92.23	-38.64	500.00	0.00
11	11	ÄÐ	0	50.00	1	0	1	1	0	0	50.00	0	-1	-1	-1	0	60	60	1	15	0	90	209684596	726	105	817	103	91.02	0	-92.74	-37.41	0.00	0.00
11	11	ÄÐ	0	50.00	1	0	1	1	0	0	50.00	0	-1	-1	-1	0	60	60	1	15	0	91	209684636	722	104	817	103	95.01	0	-93.23	-36.17	0.00	0.00
11	11	ÄÐ	0	50.00	1	0	1	1	0	0	50.00	0	-1	-1	-1	0	60	60	1	15	0	92	209684676	718	102	817	103	99.01	0	-93.70	-34.92	0.00	0.00
11	11	ÄÐ	0	50.00	1	0	1	1	0	0	50.00	0	-1	-1	-1	0	60	60	1	15	0	93	209684716	715	101	808	103	93.02	0	-94.16	-33.67	-500.00	0.00
11	11	ÄÐ	0	50.00	1	0	1	1	0	0	50.00	0	-1	-1	-1	0	60	60	1	15	0	94	209684756	711	100	788	103	77.06	0	-94.60	-32.41	-500.00	0.00
11	11	ÄÐ	0	50.00	1	0	1	1	0	0	50.00	0	-1	-1	-1	0	60	60	1	15	0	95	209684796	707	98	768	103	61.20	0	-95.03	-31.15	-500.00	0.00
11	11	ÄÐ	0	50.00	1	0	1	1	0	0	50.00	0	-1	-1	-1	0	60	60	1	15	0	96	209684836	703	97	748	103	45.40	1	-95.43	-29.88	-500.00	0.00
11	11	ÄÐ	0	50.00	1	0	1	1	0	0	50.00	0	-1	-1	-1	0	60	60	1	15	0	97	209684876	699	96	728	103	29.83	1	-95.82	-28.60	-500.00	0.00
11	11	ÄÐ	0	50.00	1	0	1	1	0	0	50.00	0	-1	-1	-1	0	60	60	1	15	0	98	209684916	695	95	708	103	15.26	1	-96.19	-27.32	-500.00	0.00
11	11	ÄÐ	0	50.00	1	0	1	1	0	0	50.00	0	-1	-1	-1	0	60	60	1	15	0	99	209684956	692	94	688	103	9.85	1	-96.55	-26.04	-500.00	0.00
11	11	ÄÐ	0	50.00	1	0	1	1	0	0	50.00	0	-1	-1	-1	0	60	60	1	15	0	100	209684996	688	93	668	103	22.36	1	-96.89	-24.75	-500.00	0.00
11	11	ÄÐ	0	50.00	1	0	1	1	0	0	50.00	0	-1	-1	-1	0	60	60	1	15	0	101	209685036	684	92	648	103	37.64	1	-97.21	-23.45	-500.00	0.00
11	11	ÄÐ	0	50.00	1	0	1	1	0	0	50.00	0	-1	-1	-1	0	60	60	1	15	0	102	209685076	680	91	629	103	52.39	0	-97.51	-22.16	-500.00	0.00
11	11	ÄÐ	0	50.00	1	0	1	1	0	0	50.00	0	-1	-1	-1	0	60	60	1	15	0	103	209685116	676	90	629	103	48.76	1	-97.80	-20.85	0.00	0.00
11	11	ÄÐ	0	50.00	1	0	1	1	0	0	50.00	0	-1	-1	-1	0	60	60	1	15	0	104	209685156	672	89	629	103	45.22	1	-98.07	-19.55	0.00	0.00
11	11	ÄÐ	0	50.00	1	0	1	1	0	0	50.00	0	-1	-1	-1	0	60	60	1	15	0	105	209685196	668	89	629	103	41.44	1	-98.32	-18.24	0.00	0.00
11	11	ÄÐ	0	50.00	1	0	1	1	0	0	50.00	0	-1	-1	-1	0	60	60	1	15	0	106	209685236	664	88	629	103	38.08	1	-98.56	-16.93	0.00	0.00
11	11	ÄÐ	0	50.00	1	0	1	1	0	0	50.00	0	-1	-1	-1	0	60	60	1	15	0	107	209685276	660	87	629	103	34.89	1	-98.77	-15.61	0.00	0.00
11	11	ÄÐ	0	50.00	1	0	1	1	0	0	50.00	0	-1	-1	-1	0	60	60	1	15	0	108	209685316	656	87	629	103	31.38	1	-98.97	-14.29	0.00	0.00
11	11	ÄÐ	0	50.00	1	0	1	1	0	0	50.00	0	-1	-1	-1	0	60	60	1	15	0	109	209685356	652	86	619	96	34.48	1	-99.16	-12.97	-500.00	-500.00
11	11	ÄÐ	0	50.00	1	0	1	1	0	0	50.00	0	-1	-1	-1	0	60	60	1	15	0	110	209685396	648	86	599	76	50.01	0	-99.32	-11.65	-500.00	-500.00
11	11	ÄÐ	0	50.00	1	0	1	1	0	0	50.00	0	-1	-1	-1	0	60	60	1	15	0	111	209685436	644	85	579	56	71.18	0	-99.47	-10.32	-500.00	-500.00
11	11	ÄÐ	0	50.00	1	0	1	1	0	0	50.00	0	-1	-1	-1	0	60	60	1	15	0	112	209685476	640	85	559	36	94.67	0	-99.59	-9.00	-500.00	-500.00
11	11	ÄÐ	0	50.00	1	0	1	1	0	0	50.00	0	-1	-1	-1	0	60	60	1	15	0	113	209685516	636	84	539	16	118.46	0	-99.71	-7.66	-500.00	-500.00
11	11	ÄÐ	0	50.00	1	0	1	1	0	0	50.00	0	-1	-1	-1	0	60	60	1	15	0	114	209685556	632	84	519	0	140.80	0	-99.80	-6.33	-500.00	-500.00
11	11	ÄÐ	0	50.00	1	0	1	1	0	0	50.00	0	-1	-1	-1	0	60	60	1	15	0	115	209685596	629	84	502	0	152.27	0	-99.87	-5.00	-500.00	-500.00
11	11	ÄÐ	0	50.00	1	0	1	1	0	0	50.00	0	-1	-1	-1	0	60	60	1	15	0	116	209685636	625	84	502	0	148.95	0	-99.93	-3.67	0.00	0.00
11	11	ÄÐ	0	50.00	1	0	1	1	0	0	50.00	0	-1	-1	-1	0	60	60	1	15	0	117	209685676	621	84	502	0	145.66	0	-99.97	-2.34	0.00	0.00
11	11	ÄÐ	0	50.00	1	0	1	1	0	0	50.00	0	-1	-1	-1	0	60	60	1	15	0	118	209685716	617	84	502	0	142.41	0	-99.99	-1.00	0.00	0.00
11	11	ÄÐ	0	50.00	1	0	1	1	0	0	50.00	0	-1	-1	-1	0	60	60	1	15	0	119	209685756	613	84	502	0	139.20	0	-100.00	0.33	0.00	0.00
11	11	ÄÐ	0	50.00	1	0	1	1	0	0	50.00	0	-1	-1	-1	0	60	60	1	15	0	120	209685796	609	84	502	0	136.03	0	-99.99	1.66	0.00	0.00
11	11	ÄÐ	0	50.00	1	0	1	1	0	0	50.00	0	-1	-1	-1	0	60	60	1	15	0	121	209685836	605	84	502	0	132.91	0	-99.96	3.00	0.00	0.00
11	11	ÄÐ	0	50.00	1	0	1	1	0	0	50.00	0	-1	-1	-1	0	60	60	1	15	0	122	209685876	601	84	513	5	118.26	0	-99.91	4.33	500.00	500.00
11	11	ÄÐ	0	50.00	1	0	1	1	0	0	50.00	0	-1	-1	-1	0	60	60	1	15	0	123	209685916	597	84	529	19	94.07	0	-99.84	5.66	500.00	500.00
11	11	ÄÐ	0	50.00	1	0	1	1	0	0	50.00	0	-1	-1	-1	0	60	60	1	15	0	124	209685956	593	84	548	38	64.35	0	-99.76	6.99	500.00	500.00
11	11	ÄÐ	0	50.00	1	0	1	1	0	0	50.00	0	-1	-1	-1	0	60	60	1	15	0	125	209685996	589	85	568	58	34.21	1	-99.65	8.32	500.00	500.00
11	11	ÄÐ	0	50.00	1	0	1	1	0	0	50.00	0	-1	-1	-1	0	60	60	1	15	0	126	209686036	585	85	588	78	7.62	1	-99.53	9.65	500.00	500.00
11	11	ÄÐ	0	50.00	1	0	1	1	0	0	50.00	0	-1	-1	-1	0	60	60	1	15	0	127	209686076	581	85	608	98	29.97	1	-99.40	10.98	500.00	500.00
11	11	ÄÐ	0	50.00	1	0	1	1	0	0	50.00	0	-1	-1	-1	0	60	60	1	15	0	128	209686116	577	86	623	116	54.92	0	-99.24	12.30	500.00	500.00
11	11	ÄÐ	0	50.00	1	0	1	1	0	0	50.00	0	-1	-1	-1	0	60	60	1	15	0	129	209686156	573	86	623	116	58.31	0	-99.07	13.62	0.00	0.00
11	11	ÄÐ	0	50.00	1	0	1	1	0	0	50.00	0	-1	-1	-1	0	60	60	1	15	0	130	209686196	569	87	623	116	61.29	0	-98.88	14.94	0.00	0.00
11	11	ÄÐ	0	50.00	1	0	1	1	0	0	50.00	0	-1	-1	-1	0	60	60	1	15	0	131	209686236	565	87	623	116	64.85	0	-98.67	16.26	0.00	0.00
11	11	ÄÐ	0	50.00	1	0	1	1	0	0	50.00	0	-1	-1	-1	0	60	60	1	15	0	132	209686276	561	88	623	116	68.03	0	-98.44	17.57	0.00	0.00
11	11	ÄÐ	0	50.00	1	0	1	1	0	0	50.00	0	-1	-1	-1	0	60	60	1	15	0	133	209686316	557	89	616	116	64.88	0	-98.20	18.88	-500.00	0.00
11	11	ÄÐ	0	50.00	1	0	1	1	0	0	50.00	0	-1	-1	-1	0	60	60	1	15	0	134	209686356	553	90	598	116	51.97	0	-97.94	20.19	-500.00	0.00
11	11	ÄÐ	0	50.00	1	0	1	1	0	0	50.00	0	-1	-1	-1	0	60	60	1	15	0	135	209686396	549	91	578	111	35.23	1	-97.66	21.50	-500.00	-500.00
11	11	ÄÐ	0	50.00	1	0	1	1	0	0	50.00	0	-1	-1	-1	0	60	60	1	15	0	136	209686436	545	91	558	106	19.85	1	-97.37	22.80	-500.00	-500.00
11	11	ÄÐ	0	50.00	1	0	1	1	0	0	50.00	0	-1	-1	-1	0	60	60	1	15	0	137	209686476	541	92	538	100	8.54	1	-97.05	24.09	-500.00	-500.00
11	11	ÄÐ	0	50.00	1	0	1	1	0	0	50.00	0	-1	-1	-1	0	60	60	1	15	0	138	209686516	537	93	518	93	19.00	1	-96.72	25.38	-500.00	-500.00
11	11	ÄÐ	0	50.00	1	0	1	1	0	0	50.00	0	-1	-1	-1	0	60	60	1	15	0	139	209686556	533	94	498	86	35.90	1	-96.38	26.67	-500.00	-500.00
11	11	ÄÐ	0	50.00	1	0	1	1	0	0	50.00	0	-1	-1	-1	0	60	60	1	15	0	140	209686596	530	95	478	79	54.41	0	-96.01	27.95	-500.00	-500.00
11	11	ÄÐ	0	50.00	1	0	1	1	0	0	50.00	0	-1	-1	-1	0	60	60	1	15	0	141	209686636	526	97	468	79	60.73	0	-95.63	29.23	-500.00	0.00
11	11	ÄÐ	0	50.00	1	0	1	1	0	0	50.00	0	-1	-1	-1	0	60	60	1	15	0	142	209686676	522	98	468	79	57.25	0	-95.23	30.50	0.00	0.00
11	11	ÄÐ	0	50.00	1	0	1	1	0	0	50.00	0	-1	-1	-1	0	60	60	1	15	0	143	209686716	518	99	468	79	53.85	0	-94.82	31.77	0.00	0.00
11	11	ÄÐ	0	50.00	1	0	1	1	0	0	50.00	0	-1	-1	-1	0	60	60	1	15	0	144	209686756	514	100	468	79	50.57	0	-94.39	33.03	0.00	0.00
11	11	ÄÐ	0	50.00	1	0	1	1	0	0	50.00	0	-1	-1	-1	0	60	60	1	15	0	145	209686796	511	102	468	79	48.76	1	-93.94	34.29	0.00	0.00
11	11	ÄÐ	0	50.00	1	0	1	1	0	0	50.00	0	-1	-1	-1	0	60	60	1	15	0	146	209686836	507	103	468	79	45.79	1	-93.47	35.54	0.00	0.00
11	11	ÄÐ	0	50.00	1	0	1	1	0	0	50.00	0	-1	-1	-1	0	60	60	1	15	0	147	209686876	503	105	468	79	43.60	1	-92.99	36.78	0.00	0.00
11	11	ÄÐ	0	50.00	1	0	1	1	0	0	50.00	0	-1	-1	-1	0	60	60	1	15	0	148	209686916	499	106	468	79	41.11	1	-92.49	38.02	0.00	0.00
11	11	ÄÐ	0	50.00	1	0	1	1	0	0	50.00	0	-1	-1	-1	0	60	60	1	15	0	149	209686956	496	108	468	79	40.31	1	-91.98	39.25	0.00	0.00
11	11	ÄÐ	0	50.00	1	0	1	1	0	0	50.00	0	-1	-1	-1	0	60	60	1	15	0	150	209686996	492	109	468	86	33.24	1	-91.45	40.47	0.00	500.00
11	11	ÄÐ	0	50.00	1	0	1	1	0	0	50.00	0	-1	-1	-1	0	60	60	1	15	0	151	209687036	488	111	468	102	21.93	1	-90.90	41.68	0.00	500.00
11	11	ÄÐ	0	50.00	1	0	1	1	0	0	50.00	0	-1	-1	-1	0	60	60	1	15	0	152	209687076	485	112	468	122	19.72	1	-90.33	42.89	0.00	500.00
11	11	ÄÐ	0	50.00	1	0	1	1	0	0	50.00	0	-1	-1	-1	0	60	60	1	15	0	153	209687116	481	114	468	142	30.87	1	-89.75	44.09	0.00	500.00
11	11	ÄÐ	0	50.00	1	0	1	1	0	0	50.00	0	-1	-1	-1	0	60	60	1	15	0	154	209687156	478	116	468	162	47.07	1	-89.16	45.29	0.00	500.00
11	11	ÄÐ	0	50.00	1	0	1	1	0	0	50.00	0	-1	-1	-1	0	60	60	1	15	0	155	209687196	474	118	468	182	64.28	0	-88.55	46.47	0.00	500.00
11	11	ÄÐ	0	50.00	1	0	1	1	0	0	50.00	0	-1	-1	-1	0	60	60	1	15	0	156	209687236	471	120	468	182	62.07	0	-87.92	47.65	0.00	0.00
11	11	ÄÐ	0	50.00	1	0	1	1	0	0	50.00	0	-1	-1	-1	0	60	60	1	15	0	157	209687276	467	122	468	182	60.01	0	-87.28	48.82	0.00	0.00
11	11	ÄÐ	0	50.00	1	0	1	1	0	0	50.00	0	-1	-1	-1	0	60	60	1	15	0	158	209687316	464	124	468	182	58.14	0	-86.62	49.98	0.00	0.00
11	11	ÄÐ	0	50.00	1	0	1	1	0	0	50.00	0	-1	-1	-1	0	60	60	1	15	0	159	209687356	460	126	468	182	56.57	0	-85.94	51.13	0.00	0.00
11	11	ÄÐ	0	50.00	1	0	1	1	0	0	50.00	0	-1	-1	-1	0	60	60	1	15	0	160	209687396	457	128	468	182	55.11	0	-85.25	52.27	0.00	0.00
11	11	ÄÐ	0	50.00	1	0	1	1	0	0	50.00	0	-1	-1	-1	0	60	60	1	15	0	161	209687436	453	130	468	182	54.12	0	-84.55	53.40	0.00	0.00
11	11	ÄÐ	0	50.00	1	0	1	1	0	0	50.00	0	-1	-1	-1	0	60	60	1	15	0	162	209687476	450	132	468	182	53.14	0	-83.83	54.52	0.00	0.00
11	11	ÄÐ	0	50.00	1	0	1	1	0	0	50.00	0	-1	-1	-1	0	60	60	1	15	0	163	209687516	447	134	468	182	52.39	0	-83.09	55.63	0.00	0.00
11	11	ÄÐ	0	50.00	1	0	1	1	0	0	50.00	0	-1	-1	-1	0	60	60	1	15	0	164	209687556	443	136	459	168	35.78	1	-82.35	56.74	-500.00	-500.00
11	11	ÄÐ	0	50.00	1	0	1	1	0	0	50.00	0	-1	-1	-1	0	60	60	1	15	0	165	209687596	440	139	445	151	13.00	1	-81.58	57.83	-500.00	-500.00
11	11	ÄÐ	0	50.00	1	0	1	1	0	0	50.00	0	-1	-1	-1	0	60	60	1	15	0	166	209687636	437	141	431	139	6.32	1	-80.80	58.91	-500.00	-500.00
11	11	ÄÐ	0	50.00	1	0	1	1	0	0	50.00	0	-1	-1	-1	0	60	60	1	15	0	167	209687676	434	143	427	139	8.06	1	-80.01	59.99	-500.00	0.00
11	11	ÄÐ	0	50.00	1	0	1	1	0	0	50.00	0	-1	-1	-1	0	60	60	1	15	0	168	209687716	430	146	427	139	7.62	1	-79.20	61.05	0.00	0.00
11	11	ÄÐ	0	50.00	1	0	1	1	0	0	50.00	0	-1	-1	-1	0	60	60	1	15	0	169	209687756	427	148	427	139	9.00	1	-78.38	62.10	0.00	0.00
11	11	ÄÐ	0	50.00	1	0	1	1	0	0	50.00	0	-1	-1	-1	0	60	60	1	15	0	170	209687796	424	151	427	139	12.37	1	-77.55	63.14	0.00	0.00
11	11	ÄÐ	0	50.00	1	0	1	1	0	0	50.00	0	-1	-1	-1	0	60	60	1	15	0	171	209687836	421	153	427	139	15.23	1	-76.70	64.17	0.00	0.00
11	11	ÄÐ	0	50.00	1	0	1	1	0	0	50.00	0	-1	-1	-1	0	60	60	1	15	0	172	209687876	418	156	427	139	19.24	1	-75.84	65.18	0.00	0.00
11	11	ÄÐ	0	50.00	1	0	1	1	0	0	50.00	0	-1	-1	-1	0	60	60	1	15	0	173	209687916	415	159	427	139	23.32	1	-74.96	66.19	0.00	0.00
11	11	ÄÐ	0	50.00	1	0	1	1	0	0	50.00	0	-1	-1	-1	0	60	60	1	15	0	174	209687956	412	161	427	139	26.63	1	-74.07	67.18	0.00	0.00
11	11	ÄÐ	0	50.00	1	0	1	1	0	0	50.00	0	-1	-1	-1	0	60	60	1	15	0	175	209687996	409	164	427	139	30.81	1	-73.17	68.16	0.00	0.00
11	11	ÄÐ	0	50.00	1	0	1	1	0	0	50.00	0	-1	-1	-1	0	60	60	1	15	0	176	209688036	406	167	427	139	35.00	1	-72.25	69.13	0.00	0.00
11	11	ÄÐ	0	50.00	1	0	1	1	0	0	50.00	0	-1	-1	-1	0	60	60	1	15	0	177	209688076	403	170	427	147	33.24	1	-71.33	70.09	0.00	500.00
11	11	ÄÐ	0	50.00	1	0	1	1	0	0	50.00	0	-1	-1	-1	0	60	60	1	15	0	178	209688116	400	172	427	163	28.46	1	-70.39	71.03	0.00	500.00
11	11	ÄÐ	0	50.00	1	0	1	1	0	0	50.00	0	-1	-1	-1	0	60	60	1	15	0	179	209688156	398	175	427	179	29.27	1	-69.43	71.97	0.00	500.00
11	11	ÄÐ	0	50.00	1	0	1	1	0	0	50.00	0	-1	-1	-1	0	60	60	1	15	0	180	209688196	395	178	425	179	30.02	1	-68.47	72.89	-500.00	0.00
11	11	ÄÐ	0	50.00	1	0	1	1	0	0	50.00	0	-1	-1	-1	0	60	60	1	15	0	181	209688236	392	181	425	179	33.06	1	-67.49	73.79	0.00	0.00
11	11	ÄÐ	0	50.00	1	0	1	1	0	0	50.00	0	-1	-1	-1	0	60	60	1	15	0	182	209688276	389	184	425	179	36.35	1	-66.50	74.69	0.00	0.00
11	11	ÄÐ	0	50.00	1	0	1	1	0	0	50.00	0	-1	-1	-1	0	60	60	1	15	0	183	209688316	387	187	425	179	38.83	1	-65.50	75.57	0.00	0.00
11	11	ÄÐ	0	50.00	1	0	1	1	0	0	50.00	0	-1	-1	-1	0	60	60	1	15	0	184	209688356	384	190	425	179	42.45	1	-64.48	76.43	0.00	0.00
11	11	ÄÐ	0	50.00	1	0	1	1	0	0	50.00	0	-1	-1	-1	0	60	60	1	15	0	185	209688396	382	193	425	179	45.22	1	-63.46	77.29	0.00	0.00
11	11	ÄÐ	0	50.00	1	0	1	1	0	0	50.00	0	-1	-1	-1	0	60	60	1	15	0	186	209688436	379	196	425	179	49.04	1	-62.42	78.12	0.00	0.00
11	11	ÄÐ	0	50.00	1	0	1	1	0	0	50.00	0	-1	-1	-1	0	60	60	1	15	0	187	209688476	377	199	418	179	45.62	1	-61.38	78.95	-500.00	0.00
11	11	ÄÐ	0	50.00	1	0	1	1	0	0	50.00	0	-1	-1	-1	0	60	60	1	15	0	188	209688516	374	203	399	179	34.66	1	-60.32	79.76	-500.00	0.00
11	11	ÄÐ	0	50.00	1	0	1	1	0	0	50.00	0	-1	-1	-1	0	60	60	1	15	0	189	209688556	372	206	379	179	27.89	1	-59.25	80.56	-500.00	0.00
11	11	ÄÐ	0	50.00	1	0	1	1	0	0	50.00	0	-1	-1	-1	0	60	60	1	15	0	190	209688596	369	209	359	179	31.62	1	-58.17	81.34	-500.00	0.00
11	11	ÄÐ	0	50.00	1	0	1	1	0	0	50.00	0	-1	-1	-1	0	60	60	1	15	0	191	209688636	367	212	340	179	42.64	1	-57.08	82.11	-500.00	0.00
11	11	ÄÐ	0	50.00	1	0	1	1	0	0	50.00	0	-1	-1	-1	0	60	60	1	15	0	192	209688676	365	216	340	179	44.65	1	-55.98	82.86	0.00	0.00
11	11	ÄÐ	0	50.00	1	0	1	1	0	0	50.00	0	-1	-1	-1	0	60	60	1	15	0	193	209688716	363	219	340	179	46.14	1	-54.87	83.60	0.00	0.00
11	11	ÄÐ	0	50.00	1	0	1	1	0	0	50.00	0	-1	-1	-1	0	60	60	1	15	0	194	209688756	361	222	340	179	47.85	1	-53.75	84.33	0.00	0.00
11	11	ÄÐ	0	50.00	1	0	1	1	0	0	50.00	0	-1	-1	-1	0	60	60	1	15	0	195	209688796	358	226	340	179	50.33	0	-52.62	85.04	0.00	0.00
11	11	ÄÐ	0	50.00	1	0	1	1	0	0	50.00	0	-1	-1	-1	0	60	60	1	15	0	196	209688836	356	229	340	179	52.50	0	-51.48	85.73	0.00	0.00
11	11	ÄÐ	0	50.00	1	0	1	1	0	0	50.00	0	-1	-1	-1	0	60	60	1	15	0	197	209688876	354	232	340	184	50.00	0	-50.33	86.41	0.00	500.00
11	11	ÄÐ	0	50.00	1	0	1	1	0	0	50.00	0	-1	-1	-1	0	60	60	1	15	0	198	209688916	352	236	340	202	36.06	1	-49.18	87.07	0.00	500.00
11	11	ÄÐ	0	50.00	1	0	1	1	0	0	50.00	0	-1	-1	-1	0	60	60	1	15	0	199	209688956	350	239	340	220	21.47	1	-48.01	87.72	0.00	500.00
11	11	ÄÐ	0	50.00	1	0	1	1	0	0	50.00	0	-1	-1	-1	0	60	60	1	15	0	200	209688996	348	243	340	235	11.31	1	-46.84	88.35	0.00	500.00
11	11	ÄÐ	0	50.00	1	0	1	1	0	0	50.00	0	-1	-1	-1	0	60	60	1	15	0	201	209689036	347	247	340	235	13.89	1	-45.66	88.97	0.00	0.00
11	11	ÄÐ	0	50.00	1	0	1	1	0	0	50.00	0	-1	-1	-1	0	60	60	1	15	0	202	209689076	345	250	340	235	15.81	1	-44.47	89.57	0.00	0.00
11	11	ÄÐ	0	50.00	1	0	1	1	0	0	50.00	0	-1	-1	-1	0	60	60	1	15	0	203	209689116	343	254	340	235	19.24	1	-43.27	90.15	0.00	0.00
11	11	ÄÐ	0	50.00	1	0	1	1	0	0	50.00	0	-1	-1	-1	0	60	60	1	15	0	204	209689156	341	257	340	235	22.02	1	-42.06	90.72	0.00	0.00
11	11	ÄÐ	0	50.00	1	0	1	1	0	0	50.00	0	-1	-1	-1	0	60	60	1	15	0	205	209689196	340	261	340	242	19.00	1	-40.85	91.28	0.00	500.00
11	11	ÄÐ	0	50.00	1	0	1	1	0	0	50.00	0	-1	-1	-1	0	60	60	1	15	0	206	209689236	338	265	340	253	12.17	1	-39.63	91.81	0.00	500.00
11	11	ÄÐ	0	50.00	1	0	1	1	0	0	50.00	0	-1	-1	-1	0	60	60	1	15	0	207	209689276	337	268	340	263	5.83	1	-38.40	92.33	0.00	500.00
11	11	ÄÐ	0	50.00	1	0	1	1	0	0	50.00	0	-1	-1	-1	0	60	60	1	15	0	208	209689316	335	272	340	266	7.81	1	-37.17	92.84	0.00	500.00
11	11	ÄÐ	0	50.00	1	0	1	1	0	0	50.00	0	-1	-1	-1	0	60	60	1	15	0	209	209689356	334	276	340	266	11.66	1	-35.92	93.32	0.00	0.00
11	11	ÄÐ	0	50.00	1	0	1	1	0	0	50.00	0	-1	-1	-1	0	60	60	1	15	0	210	209689396	332	279	340	283	8.94	1	-34.68	93.80	0.00	500.00
11	11	ÄÐ	0	50.00	1	0	1	1	0	0	50.00	0	-1	-1	-1	0	60	60	1	15	0	211	209689436	331	283	340	303	21.93	1	-33.42	94.25	0.00	500.00
11	11	ÄÐ	0	50.00	1	0	1	1	0	0	50.00	0	-1	-1	-1	0	60	60	1	15	0	212	209689476	329	287	340	323	37.64	1	-32.16	94.69	0.00	500.00
11	11	ÄÐ	0	50.00	1	0	1	1	0	0	50.00	0	-1	-1	-1	0	60	60	1	15	0	213	209689516	328	291	340	323	34.18	1	-30.90	95.11	0.00	0.00
11	11	ÄÐ	0	50.00	1	0	1	1	0	0	50.00	0	-1	-1	-1	0	60	60	1	15	0	214	209689556	327	295	340	323	30.87	1	-29.63	95.51	0.00	0.00
11	11	ÄÐ	0	50.00	1	0	1	1	0	0	50.00	0	-1	-1	-1	0	60	60	1	15	0	215	209689596	326	298	340	323	28.65	1	-28.35	95.90	0.00	0.00
11	11	ÄÐ	0	50.00	1	0	1	1	0	0	50.00	0	-1	-1	-1	0	60	60	1	15	0	216	209689636	325	302	340	323	25.81	1	-27.07	96.27	0.00	0.00
11	11	ÄÐ	0	50.00	1	0	1	1	0	0	50.00	0	-1	-1	-1	0	60	60	1	15	0	217	209689676	324	306	340	329	28.02	1	-25.78	96.62	0.00	500.00
11	11	ÄÐ	0	50.00	1	0	1	1	0	0	50.00	0	-1	-1	-1	0	60	60	1	15	0	218	209689716	323	310	340	336	31.06	1	-24.49	96.95	0.00	500.00
11	11	ÄÐ	0	50.00	1	0	1	1	0	0	50.00	0	-1	-1	-1	0	60	60	1	15	0	219	209689756	322	314	336	341	30.41	1	-23.20	97.27	-500.00	500.00
11	11	ÄÐ	0	50.00	1	0	1	1	0	0	50.00	0	-1	-1	-1	0	60	60	1	15	0	220	209689796	321	318	332	341	25.50	1	-21.90	97.57	-500.00	0.00
11	11	ÄÐ	0	50.00	1	0	1	1	0	0	50.00	0	-1	-1	-1	0	60	60	1	15	0	221	209689836	320	322	332	341	22.47	1	-20.60	97.86	0.00	0.00
11	11	ÄÐ	0	50.00	1	0	1	1	0	0	50.00	0	-1	-1	-1	0	60	60	1	15	0	222	209689876	319	326	332	341	19.85	1	-19.29	98.12	0.00	0.00
11	11	ÄÐ	0	50.00	1	0	1	1	0	0	50.00	0	-1	-1	-1	0	60	60	1	15	0	223	209689916	318	330	332	341	17.80	1	-17.98	98.37	0.00	0.00
11	11	ÄÐ	0	50.00	1	0	1	1	0	0	50.00	0	-1	-1	-1	0	60	60	1	15	0	224	209689956	318	334	332	341	15.65	1	-16.67	98.60	0.00	0.00
11	11	ÄÐ	0	50.00	1	0	1	1	0	0	50.00	0	-1	-1	-1	0	60	60	1	15	0	225	209689996	317	337	332	341	15.52	1	-15.35	98.81	0.00	0.00
11	11	ÄÐ	0	50.00	1	0	1	1	0	0	50.00	0	-1	-1	-1	0	60	60	1	15	0	226	209690036	316	341	332	341	16.00	1	-14.03	99.01	0.00	0.00
11	11	ÄÐ	0	50.00	1	0	1	1	0	0	50.00	0	-1	-1	-1	0	60	60	1	15	0	227	209690076	316	345	332	341	16.49	1	-12.71	99.19	0.00	0.00
11	11	ÄÐ	0	50.00	1	0	1	1	0	0	50.00	0	-1	-1	-1	0	60	60	1	15	0	228	209690116	315	349	332	341	18.79	1	-11.39	99.35	0.00	0.00
11	11	ÄÐ	0	50.00	1	0	1	1	0	0	50.00	0	-1	-1	-1	0	60	60	1	15	0	229	209690156	315	353	332	341	20.81	1	-10.06	99.49	0.00	0.00
11	11	ÄÐ	0	50.00	1	0	1	1	0	0	50.00	0	-1	-1	-1	0	60	60	1	15	0	230	209690196	315	357	332	341	23.35	1	-8.73	99.62	0.00	0.00
11	11	ÄÐ	0	50.00	1	0	1	1	0	0	50.00	0	-1	-1	-1	0	60	60	1	15	0	231	209690236	314	361	332	341	26.91	1	-7.40	99.73	0.00	0.00
11	11	ÄÐ	0	50.00	1	0	1	1	0	0	50.00	0	-1	-1	-1	0	60	60	1	15	0	232	209690276	314	365	332	341	30.00	1	-6.07	99.82	0.00	0.00
11	11	ÄÐ	0	50.00	1	0	1	1	0	0	50.00	0	-1	-1	-1	0	60	60	1	15	0	233	209690316	314	369	332	341	33.29	1	-4.74	99.89	0.00	0.00
11	11	ÄÐ	0	50.00	1	0	1	1	0	0	50.00	0	-1	-1	-1	0	60	60	1	15	0	234	209690356	314	373	332	341	36.72	1	-3.41	99.94	0.00	0.00
11	11	ÄÐ	0	50.00	1	0	1	1	0	0	50.00	0	-1	-1	-1	0	60	60	1	15	0	235	209690396	314	377	332	361	24.08	1	-2.08	99.98	0.00	500.00
11	11	ÄÐ	0	50.00	1	0	1	1	0	0	50.00	0	-1	-1	-1	0	60	60	1	15	0	236	209690436	314	381	332	381	18.00	1	-0.74	100.00	0.00	500.00
11	11	ÄÐ	0	50.00	1	0	1	1	0	0	50.00	0	-1	-1	-1	0	60	60	1	15	0	237	209690476	314	385	328	402	22.02	1	0.60	100.00	-500.00	500.00
11	11	ÄÐ	0	50.00	1	0	1	1	0	0	50.00	0	-1	-1	-1	0	60	60	1	15	0	238	209690526	314	390	323	427	38.08	1	2.28	99.97	-500.00	500.00
11	11	ÄÐ	0	50.00	1	0	1	1	0	0	50.00	0	-1	-1	-1	0	60	60	1	15	0	239	209690566	314	394	323	434	41.00	1	3.61	99.93	0.00	500.00
11	11	ÄÐ	0	50.00	1	0	1	1	0	0	50.00	0	-1	-1	-1	0	60	60	1	15	0	240	209690606	314	398	323	434	37.11	1	4.95	99.88	0.00	0.00
11	11	ÄÐ	0	50.00	1	0	1	1	0	0	50.00	0	-1	-1	-1	0	60	60	1	15	0	241	209690646	314	402	323	434	33.24	1	6.28	99.80	0.00	0.00
11	11	ÄÐ	0	50.00	1	0	1	1	0	0	50.00	0	-1	-1	-1	0	60	60	1	15	0	242	209690686	314	406	323	434	29.41	1	7.61	99.71	0.00	0.00
11	11	ÄÐ	0	50.00	1	0	1	1	0	0	50.00	0	-1	-1	-1	0	60	60	1	15	0	243	209690726	315	410	323	434	25.30	1	8.94	99.60	0.00	0.00
11	11	ÄÐ	0	50.00	1	0	1	1	0	0	50.00	0	-1	-1	-1	0	60	60	1	15	0	244	209690766	315	414	323	434	21.54	1	10.26	99.47	0.00	0.00
11	11	ÄÐ	0	50.00	1	0	1	1	0	0	50.00	0	-1	-1	-1	0	60	60	1	15	0	245	209690806	316	418	323	434	17.46	1	11.59	99.33	0.00	0.00
11	11	ÄÐ	0	50.00	1	0	1	1	0	0	50.00	0	-1	-1	-1	0	60	60	1	15	0	246	209690846	316	422	323	438	17.46	1	12.91	99.16	0.00	500.00
11	11	ÄÐ	0	50.00	1	0	1	1	0	0	50.00	0	-1	-1	-1	0	60	60	1	15	0	247	209690886	317	426	323	456	30.59	1	14.23	98.98	0.00	500.00
11	11	ÄÐ	0	50.00	1	0	1	1	0	0	50.00	0	-1	-1	-1	0	60	60	1	15	0	248	209690926	317	430	323	476	46.39	1	15.55	98.78	0.00	500.00
11	11	ÄÐ	0	50.00	1	0	1	1	0	0	50.00	0	-1	-1	-1	0	60	60	1	15	0	249	209690966	318	434	323	496	62.20	0	16.87	98.57	0.00	500.00
11	11	ÄÐ	0	50.00	1	0	1	1	0	0	50.00	0	-1	-1	-1	0	60	60	1	15	0	250	209691006	318	438	323	516	78.16	0	18.18	98.33	0.00	500.00
11	11	ÄÐ	0	50.00	1	0	1	1	0	0	50.00	0	-1	-1	-1	0	60	60	1	15	0	251	209691046	319	442	323	529	87.09	0	19.49	98.08	0.00	500.00
11	11	ÄÐ	0	50.00	1	0	1	1	0	0	50.00	0	-1	-1	-1	0	60	60	1	15	0	252	209691086	320	446	323	529	83.05	0	20.80	97.81	0.00	0.00
11	11	ÄÐ	0	50.00	1	0	1	1	0	0	50.00	0	-1	-1	-1	0	60	60	1	15	0	253	209691126	321	450	323	529	79.03	0	22.10	97.53	0.00	0.00
11	11	ÄÐ	0	50.00	1	0	1	1	0	0	50.00	0	-1	-1	-1	0	60	60	1	15	0	254	209691166	322	454	323	529	75.01	0	23.40	97.22	0.00	0.00
11	11	ÄÐ	0	50.00	1	0	1	1	0	0	50.00	0	-1	-1	-1	0	60	60	1	15	0	255	209691206	323	458	323	529	71.00	0	24.69	96.90	0.00	0.00
11	11	ÄÐ	0	50.00	1	0	1	1	0	0	50.00	0	-1	-1	-1	0	60	60	1	15	0	256	209691246	324	461	323	539	78.01	0	25.98	96.57	0.00	500.00
11	11	ÄÐ	0	50.00	1	0	1	1	0	0	50.00	0	-1	-1	-1	0	60	60	1	15	0	257	209691292	325	466	323	539	73.03	0	27.48	96.15	0.00	0.00
11	11	ÄÐ	0	50.00	1	0	1	1	0	0	50.00	0	-1	-1	-1	0	60	60	1	15	0	258	209691332	326	470	323	539	69.07	0	28.76	95.78	0.00	0.00
11	11	ÄÐ	0	50.00	1	0	1	1	0	0	50.00	0	-1	-1	-1	0	60	60	1	15	0	259	209691372	327	474	323	539	65.12	0	30.03	95.38	0.00	0.00
11	11	ÄÐ	0	50.00	1	0	1	1	0	0	50.00	0	-1	-1	-1	0	60	60	1	15	0	260	209691412	329	477	323	539	62.29	0	31.30	94.97	0.00	0.00
11	11	ÄÐ	0	50.00	1	0	1	1	0	0	50.00	0	-1	-1	-1	0	60	60	1	15	0	261	209691452	330	481	323	539	58.42	0	32.57	94.55	0.00	0.00
11	11	ÄÐ	0	50.00	1	0	1	1	0	0	50.00	0	-1	-1	-1	0	60	60	1	15	0	262	209691492	331	485	323	539	54.59	0	33.82	94.11	0.00	0.00
11	11	ÄÐ	0	50.00	1	0	1	1	0	0	50.00	0	-1	-1	-1	0	60	60	1	15	0	263	209691532	333	489	323	539	50.99	0	35.08	93.65	0.00	0.00
11	11	ÄÐ	0	50.00	1	0	1	1	0	0	50.00	0	-1	-1	-1	0	60	60	1	15	0	264	209691572	334	492	323	539	48.27	1	36.32	93.17	0.00	0.00
11	11	ÄÐ	0	50.00	1	0	1	1	0	0	50.00	0	-1	-1	-1	0	60	60	1	15	0	265	209691612	335	496	323	539	44.64	1	37.56	92.68	0.00	0.00
11	11	ÄÐ	0	50.00	1	0	1	1	0	0	50.00	0	-1	-1	-1	0	60	60	1	15	0	266	209691652	337	500	323	539	41.44	1	38.79	92.17	0.00	0.00
11	11	ÄÐ	0	50.00	1	0	1	1	0	0	50.00	0	-1	-1	-1	0	60	60	1	15	0	267	209691692	339	504	323	539	38.48	1	40.02	91.64	0.00	0.00
11	11	ÄÐ	0	50.00	1	0	1	1	0	0	50.00	0	-1	-1	-1	0	60	60	1	15	0	268	209691732	340	507	323	539	36.24	1	41.24	91.10	0.00	0.00
11	11	ÄÐ	0	50.00	1	0	1	1	0	0	50.00	0	-1	-1	-1	0	60	60	1	15	0	269	209691772	342	511	323	539	33.84	1	42.45	90.54	0.00	0.00
11	11	ÄÐ	0	50.00	1	0	1	1	0	0	50.00	0	-1	-1	-1	0	60	60	1	15	0	270	209691812	344	514	323	539	32.65	1	43.65	89.97	0.00	0.00
11	11	ÄÐ	0	50.00	1	0	1	1	0	0	50.00	0	-1	-1	-1	0	60	60	1	15	0	271	209691852	345	518	323	539	30.41	1	44.85	89.38	0.00	0.00
11	11	ÄÐ	0	50.00	1	0	1	1	0	0	50.00	0	-1	-1	-1	0	60	60	1	15	0	272	209691892	347	522	323	539	29.41	1	46.03	88.77	0.00	0.00
11	11	ÄÐ	0	50.00	1	0	1	1	0	0	50.00	0	-1	-1	-1	0	60	60	1	15	0	273	209691932	349	525	336	539	19.10	1	47.21	88.15	500.00	0.00
11	11	ÄÐ	0	50.00	1	0	1	1	0	0	50.00	0	-1	-1	-1	0	60	60	1	15	0	274	209691972	351	529	356	545	16.76	1	48.39	87.51	500.00	500.00
11	11	ÄÐ	0	50.00	1	0	1	1	0	0	50.00	0	-1	-1	-1	0	60	60	1	15	0	275	209692012	353	532	376	555	32.53	1	49.55	86.86	500.00	500.00
11	11	ÄÐ	0	50.00	1	0	1	1	0	0	50.00	0	-1	-1	-1	0	60	60	1	15	0	276	209692052	355	536	396	562	48.55	1	50.70	86.19	500.00	500.00
11	11	ÄÐ	0	50.00	1	0	1	1	0	0	50.00	0	-1	-1	-1	0	60	60	1	15	0	277	209692092	357	539	396	562	45.28	1	51.85	85.51	0.00	0.00
11	11	ÄÐ	0	50.00	1	0	1	1	0	0	50.00	0	-1	-1	-1	0	60	60	1	15	0	278	209692132	359	542	396	562	42.06	1	52.98	84.81	0.00	0.00
11	11	ÄÐ	0	50.00	1	0	1	1	0	0	50.00	0	-1	-1	-1	0	60	60	1	15	0	279	209692172	361	546	396	562	38.48	1	54.11	84.10	0.00	0.00
11	11	ÄÐ	0	50.00	1	0	1	1	0	0	50.00	0	-1	-1	-1	0	60	60	1	15	0	280	209692212	363	549	396	562	35.47	1	55.23	83.37	0.00	0.00
11	11	ÄÐ	0	50.00	1	0	1	1	0	0	50.00	0	-1	-1	-1	0	60	60	1	15	0	281	209692252	366	552	396	562	31.62	1	56.33	82.62	0.00	0.00
11	11	ÄÐ	0	50.00	1	0	1	1	0	0	50.00	0	-1	-1	-1	0	60	60	1	15	0	282	209692292	368	556	396	562	28.64	1	57.43	81.87	0.00	0.00
11	11	ÄÐ	0	50.00	1	0	1	1	0	0	50.00	0	-1	-1	-1	0	60	60	1	15	0	283	209692332	370	559	396	562	26.17	1	58.51	81.09	0.00	0.00
11	11	ÄÐ	0	50.00	1	0	1	1	0	0	50.00	0	-1	-1	-1	0	60	60	1	15	0	284	209692372	373	562	396	562	23.00	1	59.59	80.31	0.00	0.00
11	11	ÄÐ	0	50.00	1	0	1	1	0	0	50.00	0	-1	-1	-1	0	60	60	1	15	0	285	209692412	375	565	396	562	21.21	1	60.66	79.50	0.00	0.00
11	11	ÄÐ	0	50.00	1	0	1	1	0	0	50.00	0	-1	-1	-1	0	60	60	1	15	0	286	209692452	377	569	396	562	20.25	1	61.71	78.69	0.00	0.00
11	11	ÄÐ	0	50.00	1	0	1	1	0	0	50.00	0	-1	-1	-1	0	60	60	1	15	0	287	209692492	380	572	396	562	18.87	1	62.75	77.86	0.00	0.00
11	11	ÄÐ	0	50.00	1	0	1	1	0	0	50.00	0	-1	-1	-1	0	60	60	1	15	0	288	209692532	382	575	396	562	19.10	1	63.79	77.01	0.00	0.00
11	11	ÄÐ	0	50.00	1	0	1	1	0	0	50.00	0	-1	-1	-1	0	60	60	1	15	0	289	209692572	385	578	396	562	19.42	1	64.81	76.16	0.00	0.00
11	11	ÄÐ	0	50.00	1	0	1	1	0	0	50.00	0	-1	-1	-1	0	60	60	1	15	0	290	209692612	388	581	404	562	24.84	1	65.82	75.29	500.00	0.00
11	11	ÄÐ	0	50.00	1	0	1	1	0	0	50.00	0	-1	-1	-1	0	60	60	1	15	0	291	209692652	390	584	422	568	35.78	1	66.82	74.40	500.00	500.00
11	11	ÄÐ	0	50.00	1	0	1	1	0	0	50.00	0	-1	-1	-1	0	60	60	1	15	0	292	209692692	393	587	442	584	49.09	1	67.80	73.50	500.00	500.00
11	11	ÄÐ	0	50.00	1	0	1	1	0	0	50.00	0	-1	-1	-1	0	60	60	1	15	0	293	209692732	396	590	462	604	67.47	0	68.78	72.59	500.00	500.00
11	11	ÄÐ	0	50.00	1	0	1	1	0	0	50.00	0	-1	-1	-1	0	60	60	1	15	0	294	209692772	398	593	482	623	89.20	0	69.74	71.67	500.00	500.00
11	11	ÄÐ	0	50.00	1	0	1	1	0	0	50.00	0	-1	-1	-1	0	60	60	1	15	0	295	209692812	401	596	482	623	85.38	0	70.69	70.73	0.00	0.00
11	11	ÄÐ	0	50.00	1	0	1	1	0	0	50.00	0	-1	-1	-1	0	60	60	1	15	0	296	209692852	404	598	482	623	81.91	0	71.62	69.79	0.00	0.00
11	11	ÄÐ	0	50.00	1	0	1	1	0	0	50.00	0	-1	-1	-1	0	60	60	1	15	0	297	209692892	407	601	482	623	78.16	0	72.55	68.82	0.00	0.00
11	11	ÄÐ	0	50.00	1	0	1	1	0	0	50.00	0	-1	-1	-1	0	60	60	1	15	0	298	209692932	410	604	482	623	74.46	0	73.46	67.85	0.00	0.00
11	11	ÄÐ	0	50.00	1	0	1	1	0	0	50.00	0	-1	-1	-1	0	60	60	1	15	0	299	209692972	413	607	482	623	70.83	0	74.36	66.87	0.00	0.00
11	11	ÄÐ	0	50.00	1	0	1	1	0	0	50.00	0	-1	-1	-1	0	60	60	1	15	0	300	209693012	416	609	469	623	54.82	0	75.24	65.87	-500.00	0.00
11	11	ÄÐ	0	50.00	1	0	1	1	0	0	50.00	0	-1	-1	-1	0	60	60	1	15	0	301	209693052	419	612	449	623	31.95	1	76.11	64.86	-500.00	0.00
11	11	ÄÐ	0	50.00	1	0	1	1	0	0	50.00	0	-1	-1	-1	0	60	60	1	15	0	302	209693092	422	614	429	623	11.40	1	76.97	63.84	-500.00	0.00
11	11	ÄÐ	0	50.00	1	0	1	1	0	0	50.00	0	-1	-1	-1	0	60	60	1	15	0	303	209693132	425	617	409	623	17.09	1	77.82	62.81	-500.00	0.00
11	11	ÄÐ	0	50.00	1	0	1	1	0	0	50.00	0	-1	-1	-1	0	60	60	1	15	0	304	209693172	428	619	396	623	32.25	1	78.65	61.76	-500.00	0.00
11	11	ÄÐ	0	50.00	1	0	1	1	0	0	50.00	0	-1	-1	-1	0	60	60	1	15	0	305	209693212	431	622	396	623	35.01	1	79.46	60.71	0.00	0.00
11	11	ÄÐ	0	50.00	1	0	1	1	0	0	50.00	0	-1	-1	-1	0	60	60	1	15	0	306	209693252	435	624	396	623	39.01	1	80.27	59.64	0.00	0.00
11	11	ÄÐ	0	50.00	1	0	1	1	0	0	50.00	0	-1	-1	-1	0	60	60	1	15	0	307	209693292	438	627	401	623	37.22	1	81.05	58.57	500.00	0.00
11	11	ÄÐ	0	50.00	1	0	1	1	0	0	50.00	0	-1	-1	-1	0	60	60	1	15	0	308	209693332	441	629	415	623	26.68	1	81.83	57.48	500.00	0.00
11	11	ÄÐ	0	50.00	1	0	1	1	0	0	50.00	0	-1	-1	-1	0	60	60	1	15	0	309	209693372	444	631	431	623	15.26	1	82.59	56.39	500.00	0.00
11	11	ÄÐ	0	50.00	1	0	1	1	0	0	50.00	0	-1	-1	-1	0	60	60	1	15	0	310	209693412	448	633	450	623	10.20	1	83.33	55.28	500.00	0.00
11	11	ÄÐ	0	50.00	1	0	1	1	0	0	50.00	0	-1	-1	-1	0	60	60	1	15	0	311	209693452	451	636	470	623	23.02	1	84.06	54.16	500.00	0.00
11	11	ÄÐ	0	50.00	1	0	1	1	0	0	50.00	0	-1	-1	-1	0	60	60	1	15	0	312	209693492	454	638	490	623	39.00	1	84.78	53.04	500.00	0.00
11	11	ÄÐ	0	50.00	1	0	1	1	0	0	50.00	0	-1	-1	-1	0	60	60	1	15	0	313	209693532	458	640	510	623	54.71	0	85.48	51.90	500.00	0.00
11	11	ÄÐ	0	50.00	1	0	1	1	0	0	50.00	0	-1	-1	-1	0	60	60	1	15	0	314	209693572	461	642	530	623	71.57	0	86.16	50.76	500.00	0.00
11	11	ÄÐ	0	50.00	1	0	1	1	0	0	50.00	0	-1	-1	-1	0	60	60	1	15	0	315	209693612	465	644	541	623	78.85	0	86.83	49.61	500.00	0.00
11	11	ÄÐ	0	50.00	1	0	1	1	0	0	50.00	0	-1	-1	-1	0	60	60	1	15	0	316	209693652	468	646	541	623	76.54	0	87.48	48.44	0.00	0.00
11	11	ÄÐ	0	50.00	1	0	1	1	0	0	50.00	0	-1	-1	-1	0	60	60	1	15	0	317	209693692	472	648	541	623	73.39	0	88.12	47.27	0.00	0.00
11	11	ÄÐ	0	50.00	1	0	1	1	0	0	50.00	0	-1	-1	-1	0	60	60	1	15	0	318	209693732	475	650	541	623	71.31	0	88.74	46.09	0.00	0.00
11	11	ÄÐ	0	50.00	1	0	1	1	0	0	50.00	0	-1	-1	-1	0	60	60	1	15	0	319	209693772	479	652	530	623	58.67	0	89.35	44.91	-500.00	0.00
11	11	ÄÐ	0	50.00	1	0	1	1	0	0	50.00	0	-1	-1	-1	0	60	60	1	15	0	320	209693812	482	653	515	623	44.60	1	89.94	43.71	-500.00	0.00
11	11	ÄÐ	0	50.00	1	0	1	1	0	0	50.00	0	-1	-1	-1	0	60	60	1	15	0	321	209693852	486	655	497	623	33.84	1	90.52	42.51	-500.00	0.00
11	11	ÄÐ	0	50.00	1	0	1	1	0	0	50.00	0	-1	-1	-1	0	60	60	1	15	0	322	209693892	490	657	477	628	31.78	1	91.07	41.30	-500.00	500.00
11	11	ÄÐ	0	50.00	1	0	1	1	0	0	50.00	0	-1	-1	-1	0	60	60	1	15	0	323	209693932	493	658	459	638	39.45	1	91.62	40.08	-500.00	500.00
11	11	ÄÐ	0	50.00	1	0	1	1	0	0	50.00	0	-1	-1	-1	0	60	60	1	15	0	324	209693972	497	660	451	650	47.07	1	92.14	38.85	-500.00	500.00
11	11	ÄÐ	0	50.00	1	0	1	1	0	0	50.00	0	-1	-1	-1	0	60	60	1	15	0	325	209694012	501	661	451	662	50.01	0	92.65	37.62	0.00	500.00
11	11	ÄÐ	0	50.00	1	0	1	1	0	0	50.00	0	-1	-1	-1	0	60	60	1	15	0	326	209694052	504	663	451	669	53.34	0	93.15	36.38	0.00	500.00
11	11	ÄÐ	0	50.00	1	0	1	1	0	0	50.00	0	-1	-1	-1	0	60	60	1	15	0	327	209694092	508	664	458	669	50.25	0	93.62	35.14	500.00	0.00
11	11	ÄÐ	0	50.00	1	0	1	1	0	0	50.00	0	-1	-1	-1	0	60	60	1	15	0	328	209694132	512	666	471	669	41.11	1	94.08	33.89	500.00	0.00
11	11	ÄÐ	0	50.00	1	0	1	1	0	0	50.00	0	-1	-1	-1	0	60	60	1	15	0	329	209694172	516	667	488	669	28.07	1	94.53	32.63	500.00	0.00
11	11	ÄÐ	0	50.00	1	0	1	1	0	0	50.00	0	-1	-1	-1	0	60	60	1	15	0	330	209694212	519	668	508	669	11.05	1	94.95	31.37	500.00	0.00
11	11	ÄÐ	0	50.00	1	0	1	1	0	0	50.00	0	-1	-1	-1	0	60	60	1	15	0	331	209694252	523	670	528	669	5.10	1	95.36	30.10	500.00	0.00
11	11	ÄÐ	0	50.00	1	0	1	1	0	0	50.00	0	-1	-1	-1	0	60	60	1	15	0	332	209694292	527	671	548	669	21.10	1	95.76	28.82	500.00	0.00
11	11	ÄÐ	0	50.00	1	0	1	1	0	0	50.00	0	-1	-1	-1	0	60	60	1	15	0	333	209694332	531	672	568	669	37.12	1	96.13	27.54	500.00	0.00
11	11	ÄÐ	0	50.00	1	0	1	1	0	0	50.00	0	-1	-1	-1	0	60	60	1	15	0	334	209694372	535	673	588	669	53.15	0	96.49	26.26	500.00	0.00
11	11	ÄÐ	0	50.00	1	0	1	1	0	0	50.00	0	-1	-1	-1	0	60	60	1	15	0	335	209694412	539	674	608	669	69.18	0	96.83	24.97	500.00	0.00
11	11	ÄÐ	0	50.00	1	0	1	1	0	0	50.00	0	-1	-1	-1	0	60	60	1	15	0	336	209694452	542	675	628	669	86.21	0	97.16	23.68	500.00	0.00
11	11	ÄÐ	0	50.00	1	0	1	1	0	0	50.00	0	-1	-1	-1	0	60	60	1	15	0	337	209694492	546	676	648	669	102.24	0	97.46	22.38	500.00	0.00
11	11	ÄÐ	0	50.00	1	0	1	1	0	0	50.00	0	-1	-1	-1	0	60	60	1	15	0	338	209694532	550	677	661	669	111.29	0	97.75	21.08	500.00	0.00
11	11	ÄÐ	0	50.00	1	0	1	1	0	0	50.00	0	-1	-1	-1	0	60	60	1	15	0	339	209694572	554	678	661	669	107.38	0	98.03	19.77	0.00	0.00
11	11	ÄÐ	0	50.00	1	0	1	1	0	0	50.00	0	-1	-1	-1	0	60	60	1	15	0	340	209694612	558	678	661	669	103.39	0	98.28	18.46	0.00	0.00
11	11	ÄÐ	0	50.00	1	0	1	1	0	0	50.00	0	-1	-1	-1	0	60	60	1	15	0	341	209694652	562	679	653	669	91.55	0	98.52	17.15	-500.00	0.00
11	11	ÄÐ	0	50.00	1	0	1	1	0	0	50.00	0	-1	-1	-1	0	60	60	1	15	0	342	209694692	566	680	633	669	67.90	0	98.74	15.84	-500.00	0.00
11	11	ÄÐ	0	50.00	1	0	1	1	0	0	50.00	0	-1	-1	-1	0	60	60	1	15	0	343	209694732	570	680	613	669	44.38	1	98.94	14.52	-500.00	0.00
11	11	ÄÐ	0	50.00	1	0	1	1	0	0	50.00	0	-1	-1	-1	0	60	60	1	15	0	344	209694772	574	681	593	669	22.47	1	99.13	13.20	-500.00	0.00
11	11	ÄÐ	0	50.00	1	0	1	1	0	0	50.00	0	-1	-1	-1	0	60	60	1	15	0	345	209694812	578	681	573	669	13.00	1	99.29	11.87	-500.00	0.00
11	11	ÄÐ	0	50.00	1	0	1	1	0	0	50.00	0	-1	-1	-1	0	60	60	1	15	0	346	209694852	582	682	553	675	29.83	1	99.44	10.55	-500.00	500.00
11	11	ÄÐ	0	50.00	1	0	1	1	0	0	50.00	0	-1	-1	-1	0	60	60	1	15	0	347	209694892	586	682	550	677	36.35	1	99.57	9.22	-500.00	500.00
11	11	ÄÐ	0	50.00	1	0	1	1	0	0	50.00	0	-1	-1	-1	0	60	60	1	15	0	348	209694932	590	683	550	677	40.45	1	99.69	7.89	0.00	0.00
11	11	ÄÐ	0	50.00	1	0	1	1	0	0	50.00	0	-1	-1	-1	0	60	60	1	15	0	349	209694972	594	683	550	677	44.41	1	99.78	6.56	0.00	0.00
11	11	ÄÐ	0	50.00	1	0	1	1	0	0	50.00	0	-1	-1	-1	0	60	60	1	15	0	350	209695012	598	683	556	677	42.43	1	99.86	5.21	500.00	0.00
11	11	ÄÐ	0	50.00	1	0	1	1	0	0	50.00	0	-1	-1	-1	0	60	60	1	15	0	351	209695052	602	683	568	677	34.53	1	99.92	3.88	500.00	0.00
11	11	ÄÐ	0	50.00	1	0	1	1	0	0	50.00	0	-1	-1	-1	0	60	60	1	15	0	352	209695092	606	683	583	677	23.77	1	99.97	2.55	500.00	0.00
11	11	ÄÐ	0	50.00	1	0	1	1	0	0	50.00	0	-1	-1	-1	0	60	60	1	15	0	353	209695132	610	683	601	677	10.82	1	99.99	1.22	500.00	0.00
11	11	ÄÐ	0	50.00	1	0	1	1	0	0	50.00	0	-1	-1	-1	0	60	60	1	15	0	354	209695172	614	683	621	677	9.22	1	100.00	-0.12	500.00	0.00
11	11	ÄÐ	0	50.00	1	0	1	1	0	0	50.00	0	-1	-1	-1	0	60	60	1	15	0	355	209695212	618	683	641	677	23.77	1	99.99	-1.45	500.00	0.00
11	11	ÄÐ	0	50.00	1	0	1	1	0	0	50.00	0	-1	-1	-1	0	60	60	1	15	0	356	209695252	622	683	661	677	39.46	1	99.96	-2.78	500.00	0.00
11	11	ÄÐ	0	50.00	1	0	1	1	0	0	50.00	0	-1	-1	-1	0	60	60	1	15	0	357	209695292	626	683	681	677	55.33	0	99.92	-4.12	500.00	0.00
11	11	ÄÐ	0	50.00	1	0	1	1	0	0	50.00	0	-1	-1	-1	0	60	60	1	15	0	358	209695332	630	683	701	677	71.25	0	99.85	-5.45	500.00	0.00
11	11	ÄÐ	0	50.00	1	0	1	1	0	0	50.00	0	-1	-1	-1	0	60	60	1	15	0	359	209695372	634	683	714	677	80.22	0	99.77	-6.78	500.00	0.00
11	11	ÄÐ	0	50.00	1	0	1	1	0	0	50.00	0	-1	-1	-1	0	60	60	1	15	0	360	209695412	638	683	714	677	76.24	0	99.67	-8.11	0.00	0.00
11	11	ÄÐ	0	50.00	1	0	1	1	0	0	50.00	0	-1	-1	-1	0	60	60	1	15	0	361	209695452	642	682	714	677	72.17	0	99.55	-9.44	0.00	0.00
11	11	ÄÐ	0	50.00	1	0	1	1	0	0	50.00	0	-1	-1	-1	0	60	60	1	15	0	362	209695492	646	682	714	677	68.18	0	99.42	-10.76	0.00	0.00
11	11	ÄÐ	0	50.00	1	0	1	1	0	0	50.00	0	-1	-1	-1	0	60	60	1	15	0	363	209695532	650	681	714	677	64.12	0	99.27	-12.09	0.00	0.00
11	11	ÄÐ	0	50.00	1	0	1	1	0	0	50.00	0	-1	-1	-1	0	60	60	1	15	0	364	209695572	654	681	705	677	51.16	0	99.10	-13.41	-500.00	0.00
11	11	ÄÐ	0	50.00	1	0	1	1	0	0	50.00	0	-1	-1	-1	0	60	60	1	15	0	365	209695612	658	680	686	677	28.16	1	98.91	-14.73	-500.00	0.00
11	11	ÄÐ	0	50.00	1	0	1	1	0	0	50.00	0	-1	-1	-1	0	60	60	1	15	0	366	209695652	662	680	666	677	5.00	1	98.70	-16.05	-500.00	0.00
11	11	ÄÐ	0	50.00	1	0	1	1	0	0	50.00	0	-1	-1	-1	0	60	60	1	15	0	367	209695692	666	679	646	677	20.10	1	98.48	-17.36	-500.00	0.00
11	11	ÄÐ	0	50.00	1	0	1	1	0	0	50.00	0	-1	-1	-1	0	60	60	1	15	0	368	209695732	670	678	626	677	44.01	1	98.24	-18.67	-500.00	0.00
11	11	ÄÐ	0	50.00	1	0	1	1	0	0	50.00	0	-1	-1	-1	0	60	60	1	15	0	369	209695772	673	677	606	677	67.00	0	97.98	-19.98	-500.00	0.00
11	11	ÄÐ	0	50.00	1	0	1	1	0	0	50.00	0	-1	-1	-1	0	60	60	1	15	0	370	209695812	677	677	606	677	71.00	0	97.71	-21.29	0.00	0.00
11	11	ÄÐ	0	50.00	1	0	1	1	0	0	50.00	0	-1	-1	-1	0	60	60	1	15	0	371	209695852	681	676	606	677	75.01	0	97.42	-22.59	0.00	0.00
11	11	ÄÐ	0	50.00	1	0	1	1	0	0	50.00	0	-1	-1	-1	0	60	60	1	15	0	372	209695892	685	675	606	677	79.03	0	97.11	-23.88	0.00	0.00
11	11	ÄÐ	0	50.00	1	0	1	1	0	0	50.00	0	-1	-1	-1	0	60	60	1	15	0	373	209695932	689	674	616	677	73.06	0	96.78	-25.18	500.00	0.00
11	11	ÄÐ	0	50.00	1	0	1	1	0	0	50.00	0	-1	-1	-1	0	60	60	1	15	0	374	209695972	693	673	631	677	62.13	0	96.43	-26.47	500.00	0.00
11	11	ÄÐ	0	50.00	1	0	1	1	0	0	50.00	0	-1	-1	-1	0	60	60	1	15	0	375	209696012	697	672	651	677	46.27	1	96.07	-27.75	500.00	0.00
11	11	ÄÐ	0	50.00	1	0	1	1	0	0	50.00	0	-1	-1	-1	0	60	60	1	15	0	376	209696052	701	671	671	677	30.59	1	95.69	-29.03	500.00	0.00
11	11	ÄÐ	0	50.00	1	0	1	1	0	0	50.00	0	-1	-1	-1	0	60	60	1	15	0	377	209696092	704	669	691	677	15.26	1	95.30	-30.30	500.00	0.00
11	11	ÄÐ	0	50.00	1	0	1	1	0	0	50.00	0	-1	-1	-1	0	60	60	1	15	0	378	209696132	708	668	711	677	9.49	1	94.89	-31.57	500.00	0.00
11	11	ÄÐ	0	50.00	1	0	1	1	0	0	50.00	0	-1	-1	-1	0	60	60	1	15	0	379	209696172	712	667	731	671	19.42	1	94.46	-32.83	500.00	-500.00
11	11	ÄÐ	0	50.00	1	0	1	1	0	0	50.00	0	-1	-1	-1	0	60	60	1	15	0	380	209696212	716	666	751	666	35.00	1	94.01	-34.09	500.00	-500.00
11	11	ÄÐ	0	50.00	1	0	1	1	0	0	50.00	0	-1	-1	-1	0	60	60	1	15	0	381	209696252	720	664	764	660	44.18	1	93.55	-35.34	500.00	-500.00
11	11	ÄÐ	0	50.00	1	0	1	1	0	0	50.00	0	-1	-1	-1	0	60	60	1	15	0	382	209696292	723	663	764	657	41.44	1	93.07	-36.58	0.00	-500.00
11	11	ÄÐ	0	50.00	1	0	1	1	0	0	50.00	0	-1	-1	-1	0	60	60	1	15	0	383	209696332	727	661	764	657	37.22	1	92.57	-37.82	0.00	0.00
11	11	ÄÐ	0	50.00	1	0	1	1	0	0	50.00	0	-1	-1	-1	0	60	60	1	15	0	384	209696372	731	660	764	657	33.14	1	92.06	-39.05	0.00	0.00
11	11	ÄÐ	0	50.00	1	0	1	1	0	0	50.00	0	-1	-1	-1	0	60	60	1	15	0	385	209696412	734	658	764	657	30.02	1	91.53	-40.27	0.00	0.00
11	11	ÄÐ	0	50.00	1	0	1	1	0	0	50.00	0	-1	-1	-1	0	60	60	1	15	0	386	209696452	738	656	761	657	23.02	1	90.99	-41.49	-500.00	0.00
11	11	ÄÐ	0	50.00	1	0	1	1	0	0	50.00	0	-1	-1	-1	0	60	60	1	15	0	387	209696492	742	655	757	657	15.13	1	90.42	-42.70	-500.00	0.00
11	11	ÄÐ	0	50.00	1	0	1	1	0	0	50.00	0	-1	-1	-1	0	60	60	1	15	0	388	209696532	745	653	753	657	8.94	1	89.85	-43.90	-500.00	0.00
11	11	ÄÐ	0	50.00	1	0	1	1	0	0	50.00	0	-1	-1	-1	0	60	60	1	15	0	389	209696572	749	651	753	657	7.21	1	89.25	-45.10	0.00	0.00
11	11	ÄÐ	0	50.00	1	0	1	1	0	0	50.00	0	-1	-1	-1	0	60	60	1	15	0	390	209696612	752	649	753	657	8.06	1	88.65	-46.28	0.00	0.00
11	11	ÄÐ	0	50.00	1	0	1	1	0	0	50.00	0	-1	-1	-1	0	60	60	1	15	0	391	209696652	756	648	753	657	9.49	1	88.02	-47.46	0.00	0.00
11	11	ÄÐ	0	50.00	1	0	1	1	0	0	50.00	0	-1	-1	-1	0	60	60	1	15	0	392	209696692	759	646	753	657	12.53	1	87.38	-48.63	0.00	0.00
11	11	ÄÐ	0	50.00	1	0	1	1	0	0	50.00	0	-1	-1	-1	0	60	60	1	15	0	393	209696732	763	644	753	657	16.40	1	86.72	-49.79	0.00	0.00
11	11	ÄÐ	0	50.00	1	0	1	1	0	0	50.00	0	-1	-1	-1	0	60	60	1	15	0	394	209696772	766	642	759	657	16.55	1	86.05	-50.94	500.00	0.00
11	11	ÄÐ	0	50.00	1	0	1	1	0	0	50.00	0	-1	-1	-1	0	60	60	1	15	0	395	209696812	770	640	773	650	10.44	1	85.36	-52.09	500.00	-500.00
11	11	ÄÐ	0	50.00	1	0	1	1	0	0	50.00	0	-1	-1	-1	0	60	60	1	15	0	396	209696852	773	637	790	633	17.46	1	84.66	-53.22	500.00	-500.00
11	11	ÄÐ	0	50.00	1	0	1	1	0	0	50.00	0	-1	-1	-1	0	60	60	1	15	0	397	209696892	777	635	810	613	39.66	1	83.95	-54.34	500.00	-500.00
11	11	ÄÐ	0	50.00	1	0	1	1	0	0	50.00	0	-1	-1	-1	0	60	60	1	15	0	398	209696932	780	633	830	596	62.20	0	83.21	-55.46	500.00	-500.00
11	11	ÄÐ	0	50.00	1	0	1	1	0	0	50.00	0	-1	-1	-1	0	60	60	1	15	0	399	209696972	783	631	848	589	77.39	0	82.47	-56.56	500.00	-500.00
11	11	ÄÐ	0	50.00	1	0	1	1	0	0	50.00	0	-1	-1	-1	0	60	60	1	15	0	400	209697012	786	629	859	589	83.24	0	81.71	-57.66	500.00	0.00
11	11	ÄÐ	0	50.00	1	0	1	1	0	0	50.00	0	-1	-1	-1	0	60	60	1	15	0	401	209697052	790	626	859	589	78.29	0	80.93	-58.74	0.00	0.00
11	11	ÄÐ	0	50.00	1	0	1	1	0	0	50.00	0	-1	-1	-1	0	60	60	1	15	0	402	209697092	793	624	859	589	74.71	0	80.14	-59.81	0.00	0.00
11	11	ÄÐ	0	50.00	1	0	1	1	0	0	50.00	0	-1	-1	-1	0	60	60	1	15	0	403	209697132	796	622	859	589	71.12	0	79.33	-60.88	0.00	0.00
11	11	ÄÐ	0	50.00	1	0	1	1	0	0	50.00	0	-1	-1	-1	0	60	60	1	15	0	404	209697172	799	619	859	589	67.08	0	78.52	-61.93	0.00	0.00
11	11	ÄÐ	0	50.00	1	0	1	1	0	0	50.00	0	-1	-1	-1	0	60	60	1	15	0	405	209697212	802	617	859	589	63.51	0	77.68	-62.97	0.00	0.00
11	11	ÄÐ	0	50.00	1	0	1	1	0	0	50.00	0	-1	-1	-1	0	60	60	1	15	0	406	209697252	806	614	859	589	58.60	0	76.84	-64.00	0.00	0.00
11	11	ÄÐ	0	50.00	1	0	1	1	0	0	50.00	0	-1	-1	-1	0	60	60	1	15	0	407	209697292	809	611	859	589	54.63	0	75.98	-65.02	0.00	0.00
11	11	ÄÐ	0	50.00	1	0	1	1	0	0	50.00	0	-1	-1	-1	0	60	60	1	15	0	408	209697332	812	609	859	589	51.08	0	75.10	-66.03	0.00	0.00
11	11	ÄÐ	0	50.00	1	0	1	1	0	0	50.00	0	-1	-1	-1	0	60	60	1	15	0	409	209697372	815	606	859	589	47.17	1	74.22	-67.02	0.00	0.00
11	11	ÄÐ	0	50.00	1	0	1	1	0	0	50.00	0	-1	-1	-1	0	60	60	1	15	0	410	209697412	818	603	859	589	43.32	1	73.32	-68.01	0.00	0.00
11	11	ÄÐ	0	50.00	1	0	1	1	0	0	50.00	0	-1	-1	-1	0	60	60	1	15	0	411	209697452	820	601	859	589	40.80	1	72.40	-68.98	0.00	0.00
11	11	ÄÐ	0	50.00	1	0	1	1	0	0	50.00	0	-1	-1	-1	0	60	60	1	15	0	412	209697492	823	598	859	589	37.11	1	71.48	-69.94	0.00	0.00
11	11	ÄÐ	0	50.00	1	0	1	1	0	0	50.00	0	-1	-1	-1	0	60	60	1	15	0	413	209697532	826	595	859	589	33.54	1	70.54	-70.88	0.00	0.00
11	11	ÄÐ	0	50.00	1	0	1	1	0	0	50.00	0	-1	-1	-1	0	60	60	1	15	0	414	209697572	829	592	859	589	30.15	1	69.59	-71.82	0.00	0.00
11	11	ÄÐ	0	50.00	1	0	1	1	0	0	50.00	0	-1	-1	-1	0	60	60	1	15	0	415	209697612	832	589	859	589	27.00	1	68.62	-72.74	0.00	0.00
11	11	ÄÐ	0	50.00	1	0	1	1	0	0	50.00	0	-1	-1	-1	0	60	60	1	15	0	416	209697652	834	586	859	589	25.18	1	67.65	-73.65	0.00	0.00
11	11	ÄÐ	0	50.00	1	0	1	1	0	0	50.00	0	-1	-1	-1	0	60	60	1	15	0	417	209697692	837	583	859	589	22.80	1	66.66	-74.54	0.00	0.00
11	11	ÄÐ	0	50.00	1	0	1	1	0	0	50.00	0	-1	-1	-1	0	60	60	1	15	0	418	209697732	840	580	859	589	21.02	1	65.66	-75.43	0.00	0.00
11	11	ÄÐ	0	50.00	1	0	1	1	0	0	50.00	0	-1	-1	-1	0	60	60	1	15	0	419	209697772	842	577	865	576	23.02	1	64.65	-76.29	500.00	-500.00
11	11	ÄÐ	0	50.00	1	0	1	1	0	0	50.00	0	-1	-1	-1	0	60	60	1	15	0	420	209697812	845	574	872	560	30.41	1	63.62	-77.15	500.00	-500.00
11	11	ÄÐ	0	50.00	1	0	1	1	0	0	50.00	0	-1	-1	-1	0	60	60	1	15	0	421	209697852	847	571	879	545	41.23	1	62.59	-77.99	500.00	-500.00
11	11	ÄÐ	0	50.00	1	0	1	1	0	0	50.00	0	-1	-1	-1	0	60	60	1	15	0	422	209697892	850	568	885	545	41.88	1	61.54	-78.82	500.00	0.00
11	11	ÄÐ	0	50.00	1	0	1	1	0	0	50.00	0	-1	-1	-1	0	60	60	1	15	0	423	209697932	852	565	885	545	38.59	1	60.49	-79.63	0.00	0.00
11	11	ÄÐ	0	50.00	1	0	1	1	0	0	50.00	0	-1	-1	-1	0	60	60	1	15	0	424	209697972	855	562	885	545	34.48	1	59.42	-80.43	0.00	0.00
11	11	ÄÐ	0	50.00	1	0	1	1	0	0	50.00	0	-1	-1	-1	0	60	60	1	15	0	425	209698012	857	559	885	545	31.30	1	58.34	-81.22	0.00	0.00
11	11	ÄÐ	0	50.00	1	0	1	1	0	0	50.00	0	-1	-1	-1	0	60	60	1	15	0	426	209698052	859	555	885	545	27.86	1	57.25	-81.99	0.00	0.00
11	11	ÄÐ	0	50.00	1	0	1	1	0	0	50.00	0	-1	-1	-1	0	60	60	1	15	0	427	209698092	862	552	885	545	24.04	1	56.16	-82.74	0.00	0.00
11	11	ÄÐ	0	50.00	1	0	1	1	0	0	50.00	0	-1	-1	-1	0	60	60	1	15	0	428	209698132	864	549	885	532	27.02	1	55.05	-83.48	0.00	-500.00
11	11	ÄÐ	0	50.00	1	0	1	1	0	0	50.00	0	-1	-1	-1	0	60	60	1	15	0	429	209698172	866	545	891	512	41.40	1	53.93	-84.21	500.00	-500.00
11	11	ÄÐ	0	50.00	1	0	1	1	0	0	50.00	0	-1	-1	-1	0	60	60	1	15	0	430	209698212	868	542	896	492	57.31	0	52.80	-84.92	500.00	-500.00
11	11	ÄÐ	0	50.00	1	0	1	1	0	0	50.00	0	-1	-1	-1	0	60	60	1	15	0	431	209698252	870	538	901	483	63.13	0	51.67	-85.62	500.00	-500.00
11	11	ÄÐ	0	50.00	1	0	1	1	0	0	50.00	0	-1	-1	-1	0	60	60	1	15	0	432	209698292	872	535	901	483	59.54	0	50.52	-86.30	0.00	0.00
11	11	ÄÐ	0	50.00	1	0	1	1	0	0	50.00	0	-1	-1	-1	0	60	60	1	15	0	433	209698332	874	532	901	483	55.95	0	49.36	-86.97	0.00	0.00
11	11	ÄÐ	0	50.00	1	0	1	1	0	0	50.00	0	-1	-1	-1	0	60	60	1	15	0	434	209698372	876	528	901	483	51.48	0	48.20	-87.62	0.00	0.00
11	11	ÄÐ	0	50.00	1	0	1	1	0	0	50.00	0	-1	-1	-1	0	60	60	1	15	0	435	209698412	878	525	901	483	47.89	1	47.03	-88.25	0.00	0.00
11	11	ÄÐ	0	50.00	1	0	1	1	0	0	50.00	0	-1	-1	-1	0	60	60	1	15	0	436	209698452	880	521	901	483	43.42	1	45.85	-88.87	0.00	0.00
11	11	ÄÐ	0	50.00	1	0	1	1	0	0	50.00	0	-1	-1	-1	0	60	60	1	15	0	437	209698492	882	517	901	483	38.95	1	44.66	-89.47	0.00	0.00
11	11	ÄÐ	0	50.00	1	0	1	1	0	0	50.00	0	-1	-1	-1	0	60	60	1	15	0	438	209698532	884	514	901	483	35.36	1	43.46	-90.06	0.00	0.00
11	11	ÄÐ	0	50.00	1	0	1	1	0	0	50.00	0	-1	-1	-1	0	60	60	1	15	0	439	209698572	885	510	901	468	44.94	1	42.26	-90.63	0.00	-500.00
11	11	ÄÐ	0	50.00	1	0	1	1	0	0	50.00	0	-1	-1	-1	0	60	60	1	15	0	440	209698612	887	507	901	448	60.64	0	41.04	-91.19	0.00	-500.00
11	11	ÄÐ	0	50.00	1	0	1	1	0	0	50.00	0	-1	-1	-1	0	60	60	1	15	0	441	209698652	889	503	901	428	75.95	0	39.83	-91.73	0.00	-500.00
11	11	ÄÐ	0	50.00	1	0	1	1	0	0	50.00	0	-1	-1	-1	0	60	60	1	15	0	442	209698692	890	499	901	408	91.66	0	38.60	-92.25	0.00	-500.00
11	11	ÄÐ	0	50.00	1	0	1	1	0	0	50.00	0	-1	-1	-1	0	60	60	1	15	0	443	209698732	892	496	901	408	88.46	0	37.37	-92.76	0.00	0.00
11	11	ÄÐ	0	50.00	1	0	1	1	0	0	50.00	0	-1	-1	-1	0	60	60	1	15	0	444	209698772	893	492	901	408	84.38	0	36.13	-93.25	0.00	0.00
11	11	ÄÐ	0	50.00	1	0	1	1	0	0	50.00	0	-1	-1	-1	0	60	60	1	15	0	445	209698812	895	488	901	408	80.22	0	34.88	-93.72	0.00	0.00
11	11	ÄÐ	0	50.00	1	0	1	1	0	0	50.00	0	-1	-1	-1	0	60	60	1	15	0	446	209698852	896	484	901	408	76.16	0	33.63	-94.18	0.00	0.00
11	11	ÄÐ	0	50.00	1	0	1	1	0	0	50.00	0	-1	-1	-1	0	60	60	1	15	0	447	209698892	897	481	901	408	73.11	0	32.37	-94.62	0.00	0.00
11	11	ÄÐ	0	50.00	1	0	1	1	0	0	50.00	0	-1	-1	-1	0	60	60	1	15	0	448	209698932	899	477	901	394	83.02	0	31.10	-95.04	0.00	-500.00
11	11	ÄÐ	0	50.00	1	0	1	1	0	0	50.00	0	-1	-1	-1	0	60	60	1	15	0	449	209698972	900	473	901	374	99.01	0	29.83	-95.45	0.00	-500.00
11	11	ÄÐ	0	50.00	1	0	1	1	0	0	50.00	0	-1	-1	-1	0	60	60	1	15	0	450	209699012	901	469	901	354	115.00	0	28.56	-95.84	0.00	-500.00
11	11	ÄÐ	0	50.00	1	0	1	1	0	0	50.00	0	-1	-1	-1	0	60	60	1	15	0	451	209699052	902	465	901	334	131.00	0	27.28	-96.21	0.00	-500.00
11	11	ÄÐ	0	50.00	1	0	1	1	0	0	50.00	0	-1	-1	-1	0	60	60	1	15	0	452	209699092	903	461	901	334	127.02	0	25.99	-96.56	0.00	0.00
11	11	ÄÐ	0	50.00	1	0	1	1	0	0	50.00	0	-1	-1	-1	0	60	60	1	15	0	453	209699132	904	458	901	334	124.04	0	24.70	-96.90	0.00	0.00
11	11	ÄÐ	0	50.00	1	0	1	1	0	0	50.00	0	-1	-1	-1	0	60	60	1	15	0	454	209699172	905	454	901	334	120.07	0	23.41	-97.22	0.00	0.00
11	11	ÄÐ	0	50.00	1	0	1	1	0	0	50.00	0	-1	-1	-1	0	60	60	1	15	0	455	209699212	906	450	901	334	116.11	0	22.11	-97.53	0.00	0.00
11	11	ÄÐ	0	50.00	1	0	1	1	0	0	50.00	0	-1	-1	-1	0	60	60	1	15	0	456	209699252	907	446	901	317	129.14	0	20.81	-97.81	0.00	-500.00
11	11	ÄÐ	0	50.00	1	0	1	1	0	0	50.00	0	-1	-1	-1	0	60	60	1	15	0	457	209699292	908	442	901	297	145.17	0	19.50	-98.08	0.00	-500.00
11	11	ÄÐ	0	50.00	1	0	1	1	0	0	50.00	0	-1	-1	-1	0	60	60	1	15	0	458	209699332	908	438	901	277	161.15	0	18.19	-98.33	0.00	-500.00
11	11	ÄÐ	0	50.00	1	0	1	1	0	0	50.00	0	-1	-1	-1	0	60	60	1	15	0	459	209699372	909	434	901	257	177.18	0	16.88	-98.57	0.00	-500.00
11	11	ÄÐ	0	50.00	1	0	1	1	0	0	50.00	0	-1	-1	-1	0	60	60	1	15	0	460	209699412	910	430	904	257	173.10	0	15.56	-98.78	500.00	0.00
11	11	ÄÐ	0	50.00	1	0	1	1	0	0	50.00	0	-1	-1	-1	0	60	60	1	15	0	461	209699452	910	426	904	257	169.11	0	14.24	-98.98	0.00	0.00
11	11	ÄÐ	0	50.00	1	0	1	1	0	0	50.00	0	-1	-1	-1	0	60	60	1	15	0	462	209699492	911	422	904	257	165.15	0	12.92	-99.16	0.00	0.00
11	11	ÄÐ	0	50.00	1	0	1	1	0	0	50.00	0	-1	-1	-1	0	60	60	1	15	0	463	209699532	911	418	904	257	161.15	0	11.60	-99.32	0.00	0.00
11	11	ÄÐ	0	50.00	1	0	1	1	0	0	50.00	0	-1	-1	-1	0	60	60	1	15	0	464	209699572	912	414	904	257	157.20	0	10.28	-99.47	0.00	0.00
11	11	ÄÐ	0	50.00	1	0	1	1	0	0	50.00	0	-1	-1	-1	0	60	60	1	15	0	465	209699612	912	410	904	257	153.21	0	8.95	-99.60	0.00	0.00
11	11	ÄÐ	0	50.00	1	0	1	1	0	0	50.00	0	-1	-1	-1	0	60	60	1	15	0	466	209699652	913	406	910	270	136.03	0	7.62	-99.71	500.00	500.00
11	11	ÄÐ	0	50.00	1	0	1	1	0	0	50.00	0	-1	-1	-1	0	60	60	1	15	0	467	209699692	913	402	922	290	112.36	0	6.29	-99.80	500.00	500.00
11	11	ÄÐ	0	50.00	1	0	1	1	0	0	50.00	0	-1	-1	-1	0	60	60	1	15	0	468	209699732	913	398	936	310	90.96	0	4.96	-99.88	500.00	500.00
11	11	ÄÐ	0	50.00	1	0	1	1	0	0	50.00	0	-1	-1	-1	0	60	60	1	15	0	469	209699772	913	394	950	330	73.93	0	3.63	-99.93	500.00	500.00
11	11	ÄÐ	0	50.00	1	0	1	1	0	0	50.00	0	-1	-1	-1	0	60	60	1	15	0	470	209699812	913	390	964	350	64.82	0	2.29	-99.97	500.00	500.00
11	11	ÄÐ	0	50.00	1	0	1	1	0	0	50.00	0	-1	-1	-1	0	60	60	1	15	0	471	209699852	913	386	972	365	62.63	0	0.96	-100.00	500.00	500.00
11	11	ÄÐ	0	50.00	1	0	1	1	0	0	50.00	0	-1	-1	-1	0	60	60	1	15	0	472	209699892	913	382	972	365	61.40	0	-0.37	-100.00	0.00	0.00
11	11	ÄÐ	0	50.00	1	0	1	1	0	0	50.00	0	-1	-1	-1	0	60	60	1	15	0	473	209699932	913	378	972	365	60.42	0	-1.71	-99.99	0.00	0.00
11	11	ÄÐ	0	50.00	1	0	1	1	0	0	50.00	0	-1	-1	-1	0	60	60	1	15	0	474	209699972	913	374	972	365	59.68	0	-3.04	-99.95	0.00	0.00
11	11	ÄÐ	0	50.00	1	0	1	1	0	0	50.00	0	-1	-1	-1	0	60	60	1	15	0	475	209700012	913	370	972	365	59.21	0	-4.37	-99.90	0.00	0.00
11	11	ÄÐ	0	50.00	1	0	1	1	0	0	50.00	0	-1	-1	-1	0	60	60	1	15	0	476	209700052	913	366	972	365	59.01	0	-5.71	-99.84	0.00	0.00
11	11	ÄÐ	0	50.00	1	0	1	1	0	0	50.00	0	-1	-1	-1	0	60	60	1	15	0	477	209700092	913	362	972	365	59.08	0	-7.04	-99.75	0.00	0.00
11	11	ÄÐ	0	50.00	1	0	1	1	0	0	50.00	0	-1	-1	-1	0	60	60	1	15	0	478	209700132	912	358	972	365	60.41	0	-8.37	-99.65	0.00	0.00
11	11	ÄÐ	0	50.00	1	0	1	1	0	0	50.00	0	-1	-1	-1	0	60	60	1	15	0	479	209700172	912	354	972	365	61.00	0	-9.69	-99.53	0.00	0.00
11	11	ÄÐ	0	50.00	1	0	1	1	0	0	50.00	0	-1	-1	-1	0	60	60	1	15	0	480	209700212	912	350	965	365	55.08	0	-11.02	-99.39	-500.00	0.00
11	11	ÄÐ	0	50.00	1	0	1	1	0	0	50.00	0	-1	-1	-1	0	60	60	1	15	0	481	209700252	911	346	958	365	50.70	0	-12.34	-99.24	-500.00	0.00
11	11	ÄÐ	0	50.00	1	0	1	1	0	0	50.00	0	-1	-1	-1	0	60	60	1	15	0	482	209700292	911	343	951	365	45.65	1	-13.67	-99.06	-500.00	0.00
11	11	ÄÐ	0	50.00	1	0	1	1	0	0	50.00	0	-1	-1	-1	0	60	60	1	15	0	483	209700332	910	339	946	362	42.72	1	-14.98	-98.87	-500.00	-500.00
11	11	ÄÐ	0	50.00	1	0	1	1	0	0	50.00	0	-1	-1	-1	0	60	60	1	15	0	484	209700372	909	335	946	359	44.10	1	-16.30	-98.66	0.00	-500.00
11	11	ÄÐ	0	50.00	1	0	1	1	0	0	50.00	0	-1	-1	-1	0	60	60	1	15	0	485	209700412	909	331	946	356	44.65	1	-17.62	-98.44	0.00	-500.00
11	11	ÄÐ	0	50.00	1	0	1	1	0	0	50.00	0	-1	-1	-1	0	60	60	1	15	0	486	209700452	908	327	946	345	42.05	1	-18.93	-98.19	0.00	-500.00
11	11	ÄÐ	0	50.00	1	0	1	1	0	0	50.00	0	-1	-1	-1	0	60	60	1	15	0	487	209700492	907	323	946	325	39.05	1	-20.24	-97.93	0.00	-500.00
11	11	ÄÐ	0	50.00	1	0	1	1	0	0	50.00	0	-1	-1	-1	0	60	60	1	15	0	488	209700532	906	319	946	305	42.38	1	-21.54	-97.65	0.00	-500.00
11	11	ÄÐ	0	50.00	1	0	1	1	0	0	50.00	0	-1	-1	-1	0	60	60	1	15	0	489	209700572	906	315	946	285	50.00	0	-22.84	-97.36	0.00	-500.00
11	11	ÄÐ	0	50.00	1	0	1	1	0	0	50.00	0	-1	-1	-1	0	60	60	1	15	0	490	209700612	905	311	946	273	55.90	0	-24.14	-97.04	0.00	-500.00
11	11	ÄÐ	0	50.00	1	0	1	1	0	0	50.00	0	-1	-1	-1	0	60	60	1	15	0	491	209700652	904	307	946	273	54.04	0	-25.43	-96.71	0.00	0.00
11	11	ÄÐ	0	50.00	1	0	1	1	0	0	50.00	0	-1	-1	-1	0	60	60	1	15	0	492	209700692	903	303	946	273	52.43	0	-26.71	-96.37	0.00	0.00
11	11	ÄÐ	0	50.00	1	0	1	1	0	0	50.00	0	-1	-1	-1	0	60	60	1	15	0	493	209700732	902	300	946	273	51.62	0	-28.00	-96.00	0.00	0.00
11	11	ÄÐ	0	50.00	1	0	1	1	0	0	50.00	0	-1	-1	-1	0	60	60	1	15	0	494	209700772	900	296	946	273	51.43	0	-29.27	-95.62	0.00	0.00
11	11	ÄÐ	0	50.00	1	0	1	1	0	0	50.00	0	-1	-1	-1	0	60	60	1	15	0	495	209700812	899	292	946	273	50.70	0	-30.55	-95.22	0.00	0.00
11	11	ÄÐ	0	50.00	1	0	1	1	0	0	50.00	0	-1	-1	-1	0	60	60	1	15	0	496	209700852	898	288	946	273	50.29	0	-31.82	-94.80	0.00	0.00
11	11	ÄÐ	0	50.00	1	0	1	1	0	0	50.00	0	-1	-1	-1	0	60	60	1	15	0	497	209700892	897	284	946	273	50.22	0	-33.08	-94.37	0.00	0.00
11	11	ÄÐ	0	50.00	1	0	1	1	0	0	50.00	0	-1	-1	-1	0	60	60	1	15	0	498	209700932	895	281	941	273	46.69	1	-34.33	-93.92	-500.00	0.00
11	11	ÄÐ	0	50.00	1	0	1	1	0	0	50.00	0	-1	-1	-1	0	60	60	1	15	0	499	209700972	894	277	927	270	33.73	1	-35.58	-93.46	-500.00	-500.00
11	11	ÄÐ	0	50.00	1	0	1	1	0	0	50.00	0	-1	-1	-1	0	60	60	1	15	0	500	209701012	892	273	908	263	18.87	1	-36.82	-92.97	-500.00	-500.00
11	11	ÄÐ	0	50.00	1	0	1	1	0	0	50.00	0	-1	-1	-1	0	60	60	1	15	0	501	209701052	891	269	888	255	14.32	1	-38.06	-92.47	-500.00	-500.00
11	11	ÄÐ	0	50.00	1	0	1	1	0	0	50.00	0	-1	-1	-1	0	60	60	1	15	0	502	209701092	889	266	870	247	26.87	1	-39.29	-91.96	-500.00	-500.00
11	11	ÄÐ	0	50.00	1	0	1	1	0	0	50.00	0	-1	-1	-1	0	60	60	1	15	0	503	209701132	888	262	864	247	28.30	1	-40.51	-91.43	-500.00	0.00
11	11	ÄÐ	0	50.00	1	0	1	1	0	0	50.00	0	-1	-1	-1	0	60	60	1	15	0	504	209701172	886	258	864	247	24.60	1	-41.73	-90.88	0.00	0.00
11	11	ÄÐ	0	50.00	1	0	1	1	0	0	50.00	0	-1	-1	-1	0	60	60	1	15	0	505	209701212	884	255	864	247	21.54	1	-42.94	-90.31	0.00	0.00
11	11	ÄÐ	0	50.00	1	0	1	1	0	0	50.00	0	-1	-1	-1	0	60	60	1	15	0	506	209701252	883	251	864	247	19.42	1	-44.14	-89.73	0.00	0.00
11	11	ÄÐ	0	50.00	1	0	1	1	0	0	50.00	0	-1	-1	-1	0	60	60	1	15	0	507	209701292	881	248	864	247	17.03	1	-45.33	-89.14	0.00	0.00
11	11	ÄÐ	0	50.00	1	0	1	1	0	0	50.00	0	-1	-1	-1	0	60	60	1	15	0	508	209701332	879	244	864	247	15.30	1	-46.51	-88.52	0.00	0.00
11	11	ÄÐ	0	50.00	1	0	1	1	0	0	50.00	0	-1	-1	-1	0	60	60	1	15	0	509	209701372	877	240	864	247	14.76	1	-47.69	-87.90	0.00	0.00
11	11	ÄÐ	0	50.00	1	0	1	1	0	0	50.00	0	-1	-1	-1	0	60	60	1	15	0	510	209701412	875	237	864	247	14.87	1	-48.86	-87.25	0.00	0.00
11	11	ÄÐ	0	50.00	1	0	1	1	0	0	50.00	0	-1	-1	-1	0	60	60	1	15	0	511	209701452	873	233	864	247	16.64	1	-50.02	-86.59	0.00	0.00
11	11	ÄÐ	0	50.00	1	0	1	1	0	0	50.00	0	-1	-1	-1	0	60	60	1	15	0	512	209701492	871	230	864	247	18.38	1	-51.17	-85.92	0.00	0.00
11	11	ÄÐ	0	50.00	1	0	1	1	0	0	50.00	0	-1	-1	-1	0	60	60	1	15	0	513	209701532	869	227	864	247	20.62	1	-52.31	-85.23	0.00	0.00
11	11	ÄÐ	0	50.00	1	0	1	1	0	0	50.00	0	-1	-1	-1	0	60	60	1	15	0	514	209701572	867	223	864	247	24.19	1	-53.44	-84.52	0.00	0.00
11	11	ÄÐ	0	50.00	1	0	1	1	0	0	50.00	0	-1	-1	-1	0	60	60	1	15	0	515	209701612	865	220	864	247	27.02	1	-54.56	-83.80	0.00	0.00
11	11	ÄÐ	0	50.00	1	0	1	1	0	0	50.00	0	-1	-1	-1	0	60	60	1	15	0	516	209701652	863	216	864	247	31.02	1	-55.67	-83.07	0.00	0.00
11	11	ÄÐ	0	50.00	1	0	1	1	0	0	50.00	0	-1	-1	-1	0	60	60	1	15	0	517	209701692	860	213	864	247	34.23	1	-56.78	-82.32	0.00	0.00
11	11	ÄÐ	0	50.00	1	0	1	1	0	0	50.00	0	-1	-1	-1	0	60	60	1	15	0	518	209701732	858	210	864	247	37.48	1	-57.87	-81.56	0.00	0.00
11	11	ÄÐ	0	50.00	1	0	1	1	0	0	50.00	0	-1	-1	-1	0	60	60	1	15	0	519	209701772	856	207	864	247	40.79	1	-58.95	-80.78	0.00	0.00
11	11	ÄÐ	0	50.00	1	0	1	1	0	0	50.00	0	-1	-1	-1	0	60	60	1	15	0	520	209701812	853	203	864	247	45.35	1	-60.02	-79.98	0.00	0.00
11	11	ÄÐ	0	50.00	1	0	1	1	0	0	50.00	0	-1	-1	-1	0	60	60	1	15	0	521	209701852	851	200	864	247	48.76	1	-61.08	-79.18	0.00	0.00
11	11	ÄÐ	0	50.00	1	0	1	1	0	0	50.00	0	-1	-1	-1	0	60	60	1	15	0	522	209701892	849	197	864	247	52.20	0	-62.13	-78.35	0.00	0.00
11	11	ÄÐ	0	50.00	1	0	1	1	0	0	50.00	0	-1	-1	-1	0	60	60	1	15	0	523	209701932	846	194	864	247	55.97	0	-63.17	-77.52	0.00	0.00
11	11	ÄÐ	0	50.00	1	0	1	1	0	0	50.00	0	-1	-1	-1	0	60	60	1	15	0	524	209701972	844	191	864	247	59.46	0	-64.20	-76.67	0.00	0.00
11	11	ÄÐ	0	50.00	1	0	1	1	0	0	50.00	0	-1	-1	-1	0	60	60	1	15	0	525	209702012	841	188	864	247	63.32	0	-65.22	-75.81	0.00	0.00
11	11	ÄÐ	0	50.00	1	0	1	1	0	0	50.00	0	-1	-1	-1	0	60	60	1	15	0	526	209702052	838	185	864	247	67.23	0	-66.22	-74.93	0.00	0.00
11	11	ÄÐ	0	50.00	1	0	1	1	0	0	50.00	0	-1	-1	-1	0	60	60	1	15	0	527	209702092	836	182	864	247	70.77	0	-67.22	-74.04	0.00	0.00
11	11	ÄÐ	0	50.00	1	0	1	1	0	0	50.00	0	-1	-1	-1	0	60	60	1	15	0	528	209702132	833	179	864	247	74.73	0	-68.20	-73.14	0.00	0.00
11	11	ÄÐ	0	50.00	1	0	1	1	0	0	50.00	0	-1	-1	-1	0	60	60	1	15	0	529	209702172	830	176	864	247	78.72	0	-69.17	-72.22	0.00	0.00
11	11	ÄÐ	0	50.00	1	0	1	1	0	0	50.00	0	-1	-1	-1	0	60	60	1	15	0	530	209702212	827	173	864	247	82.73	0	-70.12	-71.29	0.00	0.00
11	11	ÄÐ	0	50.00	1	0	1	1	0	0	50.00	0	-1	-1	-1	0	60	60	1	15	0	531	209702252	825	170	864	247	86.31	0	-71.07	-70.35	0.00	0.00
11	11	ÄÐ	0	50.00	1	0	1	1	0	0	50.00	0	-1	-1	-1	0	60	60	1	15	0	532	209702292	822	168	864	247	89.47	0	-72.00	-69.40	0.00	0.00
11	11	ÄÐ	0	50.00	1	0	1	1	0	0	50.00	0	-1	-1	-1	0	60	60	1	15	0	533	209702332	819	165	864	247	93.54	0	-72.92	-68.43	0.00	0.00
11	11	ÄÐ	0	50.00	1	0	1	1	0	0	50.00	0	-1	-1	-1	0	60	60	1	15	0	534	209702372	816	162	864	247	97.62	0	-73.82	-67.45	0.00	0.00
11	11	ÄÐ	0	50.00	1	0	1	1	0	0	50.00	0	-1	-1	-1	0	60	60	1	15	0	535	209702412	813	159	864	247	101.71	0	-74.72	-66.46	0.00	0.00
11	11	ÄÐ	0	50.00	1	0	1	1	0	0	50.00	0	-1	-1	-1	0	60	60	1	15	0	536	209702452	810	157	864	247	104.96	0	-75.60	-65.46	0.00	0.00
