ID	Name	Sex	Session	DistanceError	PracMode	ExperMode	MainTask	SubTask	MainTaskMode	Background	InitSpeed	EventMode	CodePairMode	CodePairNum	DisplayMode	EventFrequency	PracTime	ExperTime	PracTimes	ExperTimes	Pra_Test	PointNum	PointTime	ObjPointX	ObjPointY	PostPointX	PostPointY	Distance	Hit	ObjSpeedX	ObjSpeedY	PostSpeedX	PostSpeedY
11	11	ÄÐ	0	10.00	1	0	1	1	0	0	50.00	0	-1	-1	-1	0	60	60	1	1	0	1	43450858	938	371	638	371	0.00	0	-0.00	-10.00	0.00	0.00
11	11	ÄÐ	0	10.00	1	0	1	1	0	0	50.00	0	-1	-1	-1	0	60	60	1	1	0	2	43450898	937	370	638	371	299.00	0	-0.01	-10.00	0.00	-200.00
11	11	ÄÐ	0	10.00	1	0	1	1	0	0	50.00	0	-1	-1	-1	0	60	60	1	1	0	3	43450938	937	370	638	362	299.11	0	-0.03	-10.00	0.00	-200.00
11	11	ÄÐ	0	10.00	1	0	1	1	0	0	50.00	0	-1	-1	-1	0	60	60	1	1	0	4	43450978	937	369	638	354	299.38	0	-0.04	-10.00	0.00	-200.00
11	11	ÄÐ	0	10.00	1	0	1	1	0	0	50.00	0	-1	-1	-1	0	60	60	1	1	0	5	43451018	937	369	638	346	299.88	0	-0.05	-10.00	0.00	-200.00
11	11	ÄÐ	0	10.00	1	0	1	1	0	0	50.00	0	-1	-1	-1	0	60	60	1	1	0	6	43451058	937	369	638	338	300.60	0	-0.07	-10.00	0.00	-200.00
11	11	ÄÐ	0	10.00	1	0	1	1	0	0	50.00	0	-1	-1	-1	0	60	60	1	1	0	7	43451098	937	368	638	330	301.41	0	-0.08	-10.00	0.00	-200.00
11	11	ÄÐ	0	10.00	1	0	1	1	0	0	50.00	0	-1	-1	-1	0	60	60	1	1	0	8	43451138	937	368	638	322	302.52	0	-0.09	-10.00	0.00	-200.00
11	11	ÄÐ	0	10.00	1	0	1	1	0	0	50.00	0	-1	-1	-1	0	60	60	1	1	0	9	43451178	937	367	638	314	303.66	0	-0.11	-10.00	0.00	-200.00
11	11	ÄÐ	0	10.00	1	0	1	1	0	0	50.00	0	-1	-1	-1	0	60	60	1	1	0	10	43451218	937	367	638	306	305.16	0	-0.12	-10.00	0.00	-200.00
11	11	ÄÐ	0	10.00	1	0	1	1	0	0	50.00	0	-1	-1	-1	0	60	60	1	1	0	11	43451258	937	367	638	298	306.86	0	-0.13	-10.00	0.00	-200.00
11	11	ÄÐ	0	10.00	1	0	1	1	0	0	50.00	0	-1	-1	-1	0	60	60	1	1	0	12	43451298	937	366	638	290	308.51	0	-0.15	-10.00	0.00	-200.00
11	11	ÄÐ	0	10.00	1	0	1	1	0	0	50.00	0	-1	-1	-1	0	60	60	1	1	0	13	43451338	937	366	638	282	310.58	0	-0.16	-10.00	0.00	-200.00
11	11	ÄÐ	0	10.00	1	0	1	1	0	0	50.00	0	-1	-1	-1	0	60	60	1	1	0	14	43451378	937	365	638	274	312.54	0	-0.17	-10.00	0.00	-200.00
11	11	ÄÐ	0	10.00	1	0	1	1	0	0	50.00	0	-1	-1	-1	0	60	60	1	1	0	15	43451418	937	365	638	266	314.96	0	-0.19	-10.00	0.00	0.00
11	11	ÄÐ	0	10.00	1	0	1	1	0	0	50.00	0	-1	-1	-1	0	60	60	1	1	0	16	43451458	937	365	638	266	314.96	0	-0.20	-10.00	0.00	0.00
11	11	ÄÐ	0	10.00	1	0	1	1	0	0	50.00	0	-1	-1	-1	0	60	60	1	1	0	17	43451498	937	364	638	266	314.65	0	-0.21	-10.00	0.00	0.00
11	11	ÄÐ	0	10.00	1	0	1	1	0	0	50.00	0	-1	-1	-1	0	60	60	1	1	0	18	43451538	937	364	638	266	314.65	0	-0.23	-10.00	0.00	0.00
11	11	ÄÐ	0	10.00	1	0	1	1	0	0	50.00	0	-1	-1	-1	0	60	60	1	1	0	19	43451578	937	363	638	266	314.34	0	-0.24	-10.00	0.00	0.00
11	11	ÄÐ	0	10.00	1	0	1	1	0	0	50.00	0	-1	-1	-1	0	60	60	1	1	0	20	43451618	937	363	638	266	314.34	0	-0.25	-10.00	0.00	0.00
11	11	ÄÐ	0	10.00	1	0	1	1	0	0	50.00	0	-1	-1	-1	0	60	60	1	1	0	21	43451658	937	363	638	266	314.34	0	-0.27	-10.00	0.00	0.00
11	11	ÄÐ	0	10.00	1	0	1	1	0	0	50.00	0	-1	-1	-1	0	60	60	1	1	0	22	43451698	937	362	638	266	314.03	0	-0.28	-10.00	0.00	0.00
11	11	ÄÐ	0	10.00	1	0	1	1	0	0	50.00	0	-1	-1	-1	0	60	60	1	1	0	23	43451738	937	362	638	266	314.03	0	-0.29	-10.00	0.00	0.00
11	11	ÄÐ	0	10.00	1	0	1	1	0	0	50.00	0	-1	-1	-1	0	60	60	1	1	0	24	43451778	937	361	638	266	313.73	0	-0.31	-10.00	0.00	0.00
11	11	ÄÐ	0	10.00	1	0	1	1	0	0	50.00	0	-1	-1	-1	0	60	60	1	1	0	25	43451818	937	361	638	266	313.73	0	-0.32	-9.99	0.00	0.00
11	11	ÄÐ	0	10.00	1	0	1	1	0	0	50.00	0	-1	-1	-1	0	60	60	1	1	0	26	43451858	937	361	638	266	313.73	0	-0.33	-9.99	0.00	0.00
11	11	ÄÐ	0	10.00	1	0	1	1	0	0	50.00	0	-1	-1	-1	0	60	60	1	1	0	27	43451898	937	360	638	266	313.43	0	-0.35	-9.99	0.00	0.00
11	11	ÄÐ	0	10.00	1	0	1	1	0	0	50.00	0	-1	-1	-1	0	60	60	1	1	0	28	43451938	937	360	638	266	313.43	0	-0.36	-9.99	0.00	0.00
11	11	ÄÐ	0	10.00	1	0	1	1	0	0	50.00	0	-1	-1	-1	0	60	60	1	1	0	29	43451978	937	359	638	266	313.13	0	-0.37	-9.99	0.00	0.00
11	11	ÄÐ	0	10.00	1	0	1	1	0	0	50.00	0	-1	-1	-1	0	60	60	1	1	0	30	43452018	937	359	638	266	313.13	0	-0.39	-9.99	0.00	0.00
11	11	ÄÐ	0	10.00	1	0	1	1	0	0	50.00	0	-1	-1	-1	0	60	60	1	1	0	31	43452058	937	359	638	266	313.13	0	-0.40	-9.99	0.00	0.00
11	11	ÄÐ	0	10.00	1	0	1	1	0	0	50.00	0	-1	-1	-1	0	60	60	1	1	0	32	43452098	937	358	638	266	312.83	0	-0.41	-9.99	0.00	0.00
11	11	ÄÐ	0	10.00	1	0	1	1	0	0	50.00	0	-1	-1	-1	0	60	60	1	1	0	33	43452138	937	358	638	266	312.83	0	-0.43	-9.99	0.00	0.00
11	11	ÄÐ	0	10.00	1	0	1	1	0	0	50.00	0	-1	-1	-1	0	60	60	1	1	0	34	43452178	937	357	638	266	312.54	0	-0.44	-9.99	0.00	0.00
11	11	ÄÐ	0	10.00	1	0	1	1	0	0	50.00	0	-1	-1	-1	0	60	60	1	1	0	35	43452218	937	357	638	266	312.54	0	-0.45	-9.99	0.00	0.00
11	11	ÄÐ	0	10.00	1	0	1	1	0	0	50.00	0	-1	-1	-1	0	60	60	1	1	0	36	43452258	937	357	638	266	312.54	0	-0.47	-9.99	0.00	0.00
11	11	ÄÐ	0	10.00	1	0	1	1	0	0	50.00	0	-1	-1	-1	0	60	60	1	1	0	37	43452298	937	356	638	266	312.25	0	-0.48	-9.99	0.00	0.00
11	11	ÄÐ	0	10.00	1	0	1	1	0	0	50.00	0	-1	-1	-1	0	60	60	1	1	0	38	43452338	937	356	638	266	312.25	0	-0.49	-9.99	0.00	0.00
11	11	ÄÐ	0	10.00	1	0	1	1	0	0	50.00	0	-1	-1	-1	0	60	60	1	1	0	39	43452378	937	355	638	266	311.96	0	-0.51	-9.99	0.00	0.00
11	11	ÄÐ	0	10.00	1	0	1	1	0	0	50.00	0	-1	-1	-1	0	60	60	1	1	0	40	43452418	937	355	638	266	311.96	0	-0.52	-9.99	0.00	0.00
11	11	ÄÐ	0	10.00	1	0	1	1	0	0	50.00	0	-1	-1	-1	0	60	60	1	1	0	41	43452458	937	355	638	266	311.96	0	-0.53	-9.99	0.00	0.00
11	11	ÄÐ	0	10.00	1	0	1	1	0	0	50.00	0	-1	-1	-1	0	60	60	1	1	0	42	43452498	937	354	638	266	311.68	0	-0.55	-9.99	0.00	0.00
11	11	ÄÐ	0	10.00	1	0	1	1	0	0	50.00	0	-1	-1	-1	0	60	60	1	1	0	43	43452538	937	354	638	266	311.68	0	-0.56	-9.98	0.00	0.00
11	11	ÄÐ	0	10.00	1	0	1	1	0	0	50.00	0	-1	-1	-1	0	60	60	1	1	0	44	43452578	937	353	638	266	311.40	0	-0.57	-9.98	0.00	0.00
11	11	ÄÐ	0	10.00	1	0	1	1	0	0	50.00	0	-1	-1	-1	0	60	60	1	1	0	45	43452618	937	353	638	266	311.40	0	-0.59	-9.98	0.00	0.00
11	11	ÄÐ	0	10.00	1	0	1	1	0	0	50.00	0	-1	-1	-1	0	60	60	1	1	0	46	43452658	937	353	638	266	311.40	0	-0.60	-9.98	0.00	0.00
11	11	ÄÐ	0	10.00	1	0	1	1	0	0	50.00	0	-1	-1	-1	0	60	60	1	1	0	47	43452698	937	352	638	266	311.12	0	-0.61	-9.98	0.00	0.00
11	11	ÄÐ	0	10.00	1	0	1	1	0	0	50.00	0	-1	-1	-1	0	60	60	1	1	0	48	43452738	937	352	638	266	311.12	0	-0.63	-9.98	0.00	0.00
11	11	ÄÐ	0	10.00	1	0	1	1	0	0	50.00	0	-1	-1	-1	0	60	60	1	1	0	49	43452778	937	351	638	266	310.85	0	-0.64	-9.98	0.00	0.00
11	11	ÄÐ	0	10.00	1	0	1	1	0	0	50.00	0	-1	-1	-1	0	60	60	1	1	0	50	43452818	937	351	638	266	310.85	0	-0.65	-9.98	0.00	0.00
11	11	ÄÐ	0	10.00	1	0	1	1	0	0	50.00	0	-1	-1	-1	0	60	60	1	1	0	51	43452858	937	351	638	266	310.85	0	-0.67	-9.98	0.00	0.00
11	11	ÄÐ	0	10.00	1	0	1	1	0	0	50.00	0	-1	-1	-1	0	60	60	1	1	0	52	43452898	937	350	638	266	310.58	0	-0.68	-9.98	0.00	0.00
11	11	ÄÐ	0	10.00	1	0	1	1	0	0	50.00	0	-1	-1	-1	0	60	60	1	1	0	53	43452938	937	350	638	266	310.58	0	-0.69	-9.98	0.00	0.00
11	11	ÄÐ	0	10.00	1	0	1	1	0	0	50.00	0	-1	-1	-1	0	60	60	1	1	0	54	43452978	937	349	638	266	310.31	0	-0.71	-9.98	0.00	0.00
11	11	ÄÐ	0	10.00	1	0	1	1	0	0	50.00	0	-1	-1	-1	0	60	60	1	1	0	55	43453018	937	349	638	266	310.31	0	-0.72	-9.97	0.00	0.00
11	11	ÄÐ	0	10.00	1	0	1	1	0	0	50.00	0	-1	-1	-1	0	60	60	1	1	0	56	43453058	937	349	638	266	310.31	0	-0.73	-9.97	0.00	0.00
11	11	ÄÐ	0	10.00	1	0	1	1	0	0	50.00	0	-1	-1	-1	0	60	60	1	1	0	57	43453098	937	348	638	266	310.04	0	-0.75	-9.97	0.00	0.00
11	11	ÄÐ	0	10.00	1	0	1	1	0	0	50.00	0	-1	-1	-1	0	60	60	1	1	0	58	43453138	937	348	638	266	310.04	0	-0.76	-9.97	0.00	0.00
11	11	ÄÐ	0	10.00	1	0	1	1	0	0	50.00	0	-1	-1	-1	0	60	60	1	1	0	59	43453178	937	347	638	266	309.78	0	-0.77	-9.97	0.00	0.00
11	11	ÄÐ	0	10.00	1	0	1	1	0	0	50.00	0	-1	-1	-1	0	60	60	1	1	0	60	43453218	937	347	638	266	309.78	0	-0.79	-9.97	0.00	0.00
11	11	ÄÐ	0	10.00	1	0	1	1	0	0	50.00	0	-1	-1	-1	0	60	60	1	1	0	61	43453258	937	347	638	266	309.78	0	-0.80	-9.97	0.00	0.00
11	11	ÄÐ	0	10.00	1	0	1	1	0	0	50.00	0	-1	-1	-1	0	60	60	1	1	0	62	43453298	937	346	638	266	309.52	0	-0.81	-9.97	0.00	0.00
11	11	ÄÐ	0	10.00	1	0	1	1	0	0	50.00	0	-1	-1	-1	0	60	60	1	1	0	63	43453338	936	346	638	266	308.55	0	-0.83	-9.97	0.00	0.00
11	11	ÄÐ	0	10.00	1	0	1	1	0	0	50.00	0	-1	-1	-1	0	60	60	1	1	0	64	43453378	936	345	638	266	308.29	0	-0.84	-9.96	0.00	0.00
11	11	ÄÐ	0	10.00	1	0	1	1	0	0	50.00	0	-1	-1	-1	0	60	60	1	1	0	65	43453418	936	345	638	266	308.29	0	-0.85	-9.96	0.00	0.00
11	11	ÄÐ	0	10.00	1	0	1	1	0	0	50.00	0	-1	-1	-1	0	60	60	1	1	0	66	43453458	936	345	638	266	308.29	0	-0.87	-9.96	0.00	0.00
11	11	ÄÐ	0	10.00	1	0	1	1	0	0	50.00	0	-1	-1	-1	0	60	60	1	1	0	67	43453498	936	344	638	266	308.04	0	-0.88	-9.96	0.00	0.00
11	11	ÄÐ	0	10.00	1	0	1	1	0	0	50.00	0	-1	-1	-1	0	60	60	1	1	0	68	43453538	936	344	638	266	308.04	0	-0.89	-9.96	0.00	0.00
11	11	ÄÐ	0	10.00	1	0	1	1	0	0	50.00	0	-1	-1	-1	0	60	60	1	1	0	69	43453578	936	343	638	266	307.79	0	-0.91	-9.96	0.00	0.00
11	11	ÄÐ	0	10.00	1	0	1	1	0	0	50.00	0	-1	-1	-1	0	60	60	1	1	0	70	43453618	936	343	638	266	307.79	0	-0.92	-9.96	0.00	0.00
11	11	ÄÐ	0	10.00	1	0	1	1	0	0	50.00	0	-1	-1	-1	0	60	60	1	1	0	71	43453658	936	343	638	266	307.79	0	-0.93	-9.96	0.00	0.00
11	11	ÄÐ	0	10.00	1	0	1	1	0	0	50.00	0	-1	-1	-1	0	60	60	1	1	0	72	43453698	936	342	638	266	307.54	0	-0.95	-9.96	0.00	0.00
11	11	ÄÐ	0	10.00	1	0	1	1	0	0	50.00	0	-1	-1	-1	0	60	60	1	1	0	73	43453738	936	342	638	266	307.54	0	-0.96	-9.95	0.00	0.00
11	11	ÄÐ	0	10.00	1	0	1	1	0	0	50.00	0	-1	-1	-1	0	60	60	1	1	0	74	43453778	936	341	638	266	307.29	0	-0.97	-9.95	0.00	0.00
11	11	ÄÐ	0	10.00	1	0	1	1	0	0	50.00	0	-1	-1	-1	0	60	60	1	1	0	75	43453818	936	341	638	266	307.29	0	-0.99	-9.95	0.00	0.00
11	11	ÄÐ	0	10.00	1	0	1	1	0	0	50.00	0	-1	-1	-1	0	60	60	1	1	0	76	43453858	936	341	638	266	307.29	0	-1.00	-9.95	0.00	0.00
11	11	ÄÐ	0	10.00	1	0	1	1	0	0	50.00	0	-1	-1	-1	0	60	60	1	1	0	77	43453898	936	340	638	266	307.05	0	-1.01	-9.95	0.00	0.00
11	11	ÄÐ	0	10.00	1	0	1	1	0	0	50.00	0	-1	-1	-1	0	60	60	1	1	0	78	43453938	936	340	638	266	307.05	0	-1.02	-9.95	0.00	0.00
11	11	ÄÐ	0	10.00	1	0	1	1	0	0	50.00	0	-1	-1	-1	0	60	60	1	1	0	79	43453978	936	339	638	266	306.81	0	-1.04	-9.95	0.00	0.00
11	11	ÄÐ	0	10.00	1	0	1	1	0	0	50.00	0	-1	-1	-1	0	60	60	1	1	0	80	43454018	936	339	638	266	306.81	0	-1.05	-9.94	0.00	0.00
11	11	ÄÐ	0	10.00	1	0	1	1	0	0	50.00	0	-1	-1	-1	0	60	60	1	1	0	81	43454058	936	339	638	266	306.81	0	-1.06	-9.94	0.00	0.00
11	11	ÄÐ	0	10.00	1	0	1	1	0	0	50.00	0	-1	-1	-1	0	60	60	1	1	0	82	43454098	936	338	638	266	306.57	0	-1.08	-9.94	0.00	0.00
11	11	ÄÐ	0	10.00	1	0	1	1	0	0	50.00	0	-1	-1	-1	0	60	60	1	1	0	83	43454138	936	338	638	266	306.57	0	-1.09	-9.94	0.00	0.00
11	11	ÄÐ	0	10.00	1	0	1	1	0	0	50.00	0	-1	-1	-1	0	60	60	1	1	0	84	43454178	936	337	638	266	306.34	0	-1.10	-9.94	0.00	0.00
11	11	ÄÐ	0	10.00	1	0	1	1	0	0	50.00	0	-1	-1	-1	0	60	60	1	1	0	85	43454218	936	337	638	266	306.34	0	-1.12	-9.94	0.00	0.00
11	11	ÄÐ	0	10.00	1	0	1	1	0	0	50.00	0	-1	-1	-1	0	60	60	1	1	0	86	43454258	936	337	638	266	306.34	0	-1.13	-9.94	0.00	0.00
11	11	ÄÐ	0	10.00	1	0	1	1	0	0	50.00	0	-1	-1	-1	0	60	60	1	1	0	87	43454298	936	336	638	266	306.11	0	-1.14	-9.93	0.00	0.00
11	11	ÄÐ	0	10.00	1	0	1	1	0	0	50.00	0	-1	-1	-1	0	60	60	1	1	0	88	43454338	935	336	638	266	305.14	0	-1.16	-9.93	0.00	0.00
11	11	ÄÐ	0	10.00	1	0	1	1	0	0	50.00	0	-1	-1	-1	0	60	60	1	1	0	89	43454378	935	335	638	266	304.91	0	-1.17	-9.93	0.00	0.00
11	11	ÄÐ	0	10.00	1	0	1	1	0	0	50.00	0	-1	-1	-1	0	60	60	1	1	0	90	43454418	935	335	638	266	304.91	0	-1.18	-9.93	0.00	0.00
11	11	ÄÐ	0	10.00	1	0	1	1	0	0	50.00	0	-1	-1	-1	0	60	60	1	1	0	91	43454458	935	335	638	266	304.91	0	-1.20	-9.93	0.00	0.00
11	11	ÄÐ	0	10.00	1	0	1	1	0	0	50.00	0	-1	-1	-1	0	60	60	1	1	0	92	43454498	935	334	638	266	304.69	0	-1.21	-9.93	0.00	0.00
11	11	ÄÐ	0	10.00	1	0	1	1	0	0	50.00	0	-1	-1	-1	0	60	60	1	1	0	93	43454538	935	334	638	266	304.69	0	-1.22	-9.92	0.00	0.00
11	11	ÄÐ	0	10.00	1	0	1	1	0	0	50.00	0	-1	-1	-1	0	60	60	1	1	0	94	43454578	935	333	638	266	304.46	0	-1.24	-9.92	0.00	0.00
11	11	ÄÐ	0	10.00	1	0	1	1	0	0	50.00	0	-1	-1	-1	0	60	60	1	1	0	95	43454618	935	333	638	266	304.46	0	-1.25	-9.92	0.00	0.00
11	11	ÄÐ	0	10.00	1	0	1	1	0	0	50.00	0	-1	-1	-1	0	60	60	1	1	0	96	43454658	935	333	638	266	304.46	0	-1.26	-9.92	0.00	0.00
11	11	ÄÐ	0	10.00	1	0	1	1	0	0	50.00	0	-1	-1	-1	0	60	60	1	1	0	97	43454698	935	332	638	266	304.24	0	-1.28	-9.92	0.00	0.00
11	11	ÄÐ	0	10.00	1	0	1	1	0	0	50.00	0	-1	-1	-1	0	60	60	1	1	0	98	43454738	935	332	638	266	304.24	0	-1.29	-9.92	0.00	0.00
11	11	ÄÐ	0	10.00	1	0	1	1	0	0	50.00	0	-1	-1	-1	0	60	60	1	1	0	99	43454778	935	331	638	266	304.03	0	-1.30	-9.91	0.00	0.00
11	11	ÄÐ	0	10.00	1	0	1	1	0	0	50.00	0	-1	-1	-1	0	60	60	1	1	0	100	43454818	935	331	638	266	304.03	0	-1.32	-9.91	0.00	0.00
11	11	ÄÐ	0	10.00	1	0	1	1	0	0	50.00	0	-1	-1	-1	0	60	60	1	1	0	101	43454858	935	331	638	266	304.03	0	-1.33	-9.91	0.00	0.00
11	11	ÄÐ	0	10.00	1	0	1	1	0	0	50.00	0	-1	-1	-1	0	60	60	1	1	0	102	43454898	935	330	638	266	303.82	0	-1.34	-9.91	0.00	0.00
11	11	ÄÐ	0	10.00	1	0	1	1	0	0	50.00	0	-1	-1	-1	0	60	60	1	1	0	103	43454938	935	330	638	266	303.82	0	-1.36	-9.91	0.00	0.00
11	11	ÄÐ	0	10.00	1	0	1	1	0	0	50.00	0	-1	-1	-1	0	60	60	1	1	0	104	43454978	935	329	638	266	303.61	0	-1.37	-9.91	0.00	0.00
11	11	ÄÐ	0	10.00	1	0	1	1	0	0	50.00	0	-1	-1	-1	0	60	60	1	1	0	105	43455018	935	329	638	266	303.61	0	-1.38	-9.90	0.00	0.00
11	11	ÄÐ	0	10.00	1	0	1	1	0	0	50.00	0	-1	-1	-1	0	60	60	1	1	0	106	43455058	935	329	638	266	303.61	0	-1.40	-9.90	0.00	0.00
11	11	ÄÐ	0	10.00	1	0	1	1	0	0	50.00	0	-1	-1	-1	0	60	60	1	1	0	107	43455098	935	328	638	266	303.40	0	-1.41	-9.90	0.00	0.00
11	11	ÄÐ	0	10.00	1	0	1	1	0	0	50.00	0	-1	-1	-1	0	60	60	1	1	0	108	43455138	934	328	638	266	302.42	0	-1.42	-9.90	0.00	0.00
11	11	ÄÐ	0	10.00	1	0	1	1	0	0	50.00	0	-1	-1	-1	0	60	60	1	1	0	109	43455178	934	327	638	266	302.22	0	-1.44	-9.90	0.00	0.00
11	11	ÄÐ	0	10.00	1	0	1	1	0	0	50.00	0	-1	-1	-1	0	60	60	1	1	0	110	43455218	934	327	638	266	302.22	0	-1.45	-9.89	0.00	0.00
11	11	ÄÐ	0	10.00	1	0	1	1	0	0	50.00	0	-1	-1	-1	0	60	60	1	1	0	111	43455258	934	327	638	266	302.22	0	-1.46	-9.89	0.00	0.00
11	11	ÄÐ	0	10.00	1	0	1	1	0	0	50.00	0	-1	-1	-1	0	60	60	1	1	0	112	43455298	934	326	638	266	302.02	0	-1.47	-9.89	0.00	0.00
11	11	ÄÐ	0	10.00	1	0	1	1	0	0	50.00	0	-1	-1	-1	0	60	60	1	1	0	113	43455338	934	326	638	266	302.02	0	-1.49	-9.89	0.00	0.00
11	11	ÄÐ	0	10.00	1	0	1	1	0	0	50.00	0	-1	-1	-1	0	60	60	1	1	0	114	43455378	934	325	638	266	301.82	0	-1.50	-9.89	0.00	0.00
11	11	ÄÐ	0	10.00	1	0	1	1	0	0	50.00	0	-1	-1	-1	0	60	60	1	1	0	115	43455418	934	325	638	266	301.82	0	-1.51	-9.88	0.00	0.00
11	11	ÄÐ	0	10.00	1	0	1	1	0	0	50.00	0	-1	-1	-1	0	60	60	1	1	0	116	43455458	934	325	638	266	301.82	0	-1.53	-9.88	0.00	0.00
11	11	ÄÐ	0	10.00	1	0	1	1	0	0	50.00	0	-1	-1	-1	0	60	60	1	1	0	117	43455498	934	324	638	266	301.63	0	-1.54	-9.88	0.00	0.00
11	11	ÄÐ	0	10.00	1	0	1	1	0	0	50.00	0	-1	-1	-1	0	60	60	1	1	0	118	43455538	934	324	638	266	301.63	0	-1.55	-9.88	0.00	0.00
11	11	ÄÐ	0	10.00	1	0	1	1	0	0	50.00	0	-1	-1	-1	0	60	60	1	1	0	119	43455578	934	323	638	266	301.44	0	-1.57	-9.88	0.00	0.00
11	11	ÄÐ	0	10.00	1	0	1	1	0	0	50.00	0	-1	-1	-1	0	60	60	1	1	0	120	43455618	934	323	638	266	301.44	0	-1.58	-9.87	0.00	0.00
11	11	ÄÐ	0	10.00	1	0	1	1	0	0	50.00	0	-1	-1	-1	0	60	60	1	1	0	121	43455658	934	323	638	266	301.44	0	-1.59	-9.87	0.00	0.00
11	11	ÄÐ	0	10.00	1	0	1	1	0	0	50.00	0	-1	-1	-1	0	60	60	1	1	0	122	43455698	934	322	638	266	301.25	0	-1.61	-9.87	0.00	0.00
11	11	ÄÐ	0	10.00	1	0	1	1	0	0	50.00	0	-1	-1	-1	0	60	60	1	1	0	123	43455738	934	322	638	266	301.25	0	-1.62	-9.87	0.00	0.00
11	11	ÄÐ	0	10.00	1	0	1	1	0	0	50.00	0	-1	-1	-1	0	60	60	1	1	0	124	43455778	933	322	638	266	300.27	0	-1.63	-9.87	0.00	0.00
11	11	ÄÐ	0	10.00	1	0	1	1	0	0	50.00	0	-1	-1	-1	0	60	60	1	1	0	125	43455818	933	321	638	266	300.08	0	-1.65	-9.86	0.00	0.00
11	11	ÄÐ	0	10.00	1	0	1	1	0	0	50.00	0	-1	-1	-1	0	60	60	1	1	0	126	43455858	933	321	638	266	300.08	0	-1.66	-9.86	0.00	0.00
11	11	ÄÐ	0	10.00	1	0	1	1	0	0	50.00	0	-1	-1	-1	0	60	60	1	1	0	127	43455898	933	320	638	266	299.90	0	-1.67	-9.86	0.00	0.00
11	11	ÄÐ	0	10.00	1	0	1	1	0	0	50.00	0	-1	-1	-1	0	60	60	1	1	0	128	43455938	933	320	638	266	299.90	0	-1.69	-9.86	0.00	0.00
11	11	ÄÐ	0	10.00	1	0	1	1	0	0	50.00	0	-1	-1	-1	0	60	60	1	1	0	129	43455978	933	320	638	266	299.90	0	-1.70	-9.85	0.00	0.00
11	11	ÄÐ	0	10.00	1	0	1	1	0	0	50.00	0	-1	-1	-1	0	60	60	1	1	0	130	43456018	933	319	638	266	299.72	0	-1.71	-9.85	0.00	0.00
11	11	ÄÐ	0	10.00	1	0	1	1	0	0	50.00	0	-1	-1	-1	0	60	60	1	1	0	131	43456058	933	319	638	266	299.72	0	-1.72	-9.85	0.00	0.00
11	11	ÄÐ	0	10.00	1	0	1	1	0	0	50.00	0	-1	-1	-1	0	60	60	1	1	0	132	43456098	933	318	638	266	299.55	0	-1.74	-9.85	0.00	0.00
11	11	ÄÐ	0	10.00	1	0	1	1	0	0	50.00	0	-1	-1	-1	0	60	60	1	1	0	133	43456138	933	318	638	266	299.55	0	-1.75	-9.85	0.00	0.00
11	11	ÄÐ	0	10.00	1	0	1	1	0	0	50.00	0	-1	-1	-1	0	60	60	1	1	0	134	43456178	933	318	638	266	299.55	0	-1.76	-9.84	0.00	0.00
11	11	ÄÐ	0	10.00	1	0	1	1	0	0	50.00	0	-1	-1	-1	0	60	60	1	1	0	135	43456218	933	317	638	266	299.38	0	-1.78	-9.84	0.00	0.00
11	11	ÄÐ	0	10.00	1	0	1	1	0	0	50.00	0	-1	-1	-1	0	60	60	1	1	0	136	43456258	933	317	638	266	299.38	0	-1.79	-9.84	0.00	0.00
11	11	ÄÐ	0	10.00	1	0	1	1	0	0	50.00	0	-1	-1	-1	0	60	60	1	1	0	137	43456298	933	316	638	266	299.21	0	-1.80	-9.84	0.00	0.00
11	11	ÄÐ	0	10.00	1	0	1	1	0	0	50.00	0	-1	-1	-1	0	60	60	1	1	0	138	43456338	933	316	638	266	299.21	0	-1.82	-9.83	0.00	0.00
11	11	ÄÐ	0	10.00	1	0	1	1	0	0	50.00	0	-1	-1	-1	0	60	60	1	1	0	139	43456378	932	316	638	266	298.22	0	-1.83	-9.83	0.00	0.00
11	11	ÄÐ	0	10.00	1	0	1	1	0	0	50.00	0	-1	-1	-1	0	60	60	1	1	0	140	43456418	932	315	638	266	298.06	0	-1.84	-9.83	0.00	0.00
11	11	ÄÐ	0	10.00	1	0	1	1	0	0	50.00	0	-1	-1	-1	0	60	60	1	1	0	141	43456458	932	315	638	266	298.06	0	-1.86	-9.83	0.00	0.00
11	11	ÄÐ	0	10.00	1	0	1	1	0	0	50.00	0	-1	-1	-1	0	60	60	1	1	0	142	43456498	932	314	638	266	297.89	0	-1.87	-9.82	0.00	0.00
11	11	ÄÐ	0	10.00	1	0	1	1	0	0	50.00	0	-1	-1	-1	0	60	60	1	1	0	143	43456538	932	314	638	266	297.89	0	-1.88	-9.82	0.00	0.00
11	11	ÄÐ	0	10.00	1	0	1	1	0	0	50.00	0	-1	-1	-1	0	60	60	1	1	0	144	43456578	932	314	638	266	297.89	0	-1.90	-9.82	0.00	0.00
11	11	ÄÐ	0	10.00	1	0	1	1	0	0	50.00	0	-1	-1	-1	0	60	60	1	1	0	145	43456618	932	313	638	266	297.73	0	-1.91	-9.82	0.00	0.00
11	11	ÄÐ	0	10.00	1	0	1	1	0	0	50.00	0	-1	-1	-1	0	60	60	1	1	0	146	43456658	932	313	638	266	297.73	0	-1.92	-9.81	0.00	0.00
11	11	ÄÐ	0	10.00	1	0	1	1	0	0	50.00	0	-1	-1	-1	0	60	60	1	1	0	147	43456698	932	312	638	266	297.58	0	-1.93	-9.81	0.00	0.00
11	11	ÄÐ	0	10.00	1	0	1	1	0	0	50.00	0	-1	-1	-1	0	60	60	1	1	0	148	43456738	932	312	638	266	297.58	0	-1.95	-9.81	0.00	0.00
11	11	ÄÐ	0	10.00	1	0	1	1	0	0	50.00	0	-1	-1	-1	0	60	60	1	1	0	149	43456778	932	312	638	266	297.58	0	-1.96	-9.81	0.00	0.00
11	11	ÄÐ	0	10.00	1	0	1	1	0	0	50.00	0	-1	-1	-1	0	60	60	1	1	0	150	43456818	932	311	638	266	297.42	0	-1.97	-9.80	0.00	0.00
11	11	ÄÐ	0	10.00	1	0	1	1	0	0	50.00	0	-1	-1	-1	0	60	60	1	1	0	151	43456858	932	311	638	266	297.42	0	-1.99	-9.80	0.00	0.00
11	11	ÄÐ	0	10.00	1	0	1	1	0	0	50.00	0	-1	-1	-1	0	60	60	1	1	0	152	43456898	931	311	638	266	296.44	0	-2.00	-9.80	0.00	0.00
11	11	ÄÐ	0	10.00	1	0	1	1	0	0	50.00	0	-1	-1	-1	0	60	60	1	1	0	153	43456938	931	310	638	266	296.29	0	-2.01	-9.80	0.00	0.00
11	11	ÄÐ	0	10.00	1	0	1	1	0	0	50.00	0	-1	-1	-1	0	60	60	1	1	0	154	43456978	931	310	638	266	296.29	0	-2.03	-9.79	0.00	0.00
11	11	ÄÐ	0	10.00	1	0	1	1	0	0	50.00	0	-1	-1	-1	0	60	60	1	1	0	155	43457018	931	309	638	266	296.14	0	-2.04	-9.79	0.00	0.00
11	11	ÄÐ	0	10.00	1	0	1	1	0	0	50.00	0	-1	-1	-1	0	60	60	1	1	0	156	43457058	931	309	638	266	296.14	0	-2.05	-9.79	0.00	0.00
11	11	ÄÐ	0	10.00	1	0	1	1	0	0	50.00	0	-1	-1	-1	0	60	60	1	1	0	157	43457098	931	309	638	266	296.14	0	-2.07	-9.78	0.00	0.00
11	11	ÄÐ	0	10.00	1	0	1	1	0	0	50.00	0	-1	-1	-1	0	60	60	1	1	0	158	43457138	931	308	638	266	295.99	0	-2.08	-9.78	0.00	0.00
11	11	ÄÐ	0	10.00	1	0	1	1	0	0	50.00	0	-1	-1	-1	0	60	60	1	1	0	159	43457178	931	308	638	266	295.99	0	-2.09	-9.78	0.00	0.00
11	11	ÄÐ	0	10.00	1	0	1	1	0	0	50.00	0	-1	-1	-1	0	60	60	1	1	0	160	43457218	931	307	638	266	295.85	0	-2.10	-9.78	0.00	0.00
11	11	ÄÐ	0	10.00	1	0	1	1	0	0	50.00	0	-1	-1	-1	0	60	60	1	1	0	161	43457258	931	307	638	266	295.85	0	-2.12	-9.77	0.00	0.00
11	11	ÄÐ	0	10.00	1	0	1	1	0	0	50.00	0	-1	-1	-1	0	60	60	1	1	0	162	43457298	931	307	638	266	295.85	0	-2.13	-9.77	0.00	0.00
11	11	ÄÐ	0	10.00	1	0	1	1	0	0	50.00	0	-1	-1	-1	0	60	60	1	1	0	163	43457338	931	306	638	266	295.72	0	-2.14	-9.77	0.00	0.00
11	11	ÄÐ	0	10.00	1	0	1	1	0	0	50.00	0	-1	-1	-1	0	60	60	1	1	0	164	43457378	930	306	638	266	294.73	0	-2.16	-9.76	0.00	0.00
11	11	ÄÐ	0	10.00	1	0	1	1	0	0	50.00	0	-1	-1	-1	0	60	60	1	1	0	165	43457418	930	305	638	266	294.59	0	-2.17	-9.76	0.00	0.00
11	11	ÄÐ	0	10.00	1	0	1	1	0	0	50.00	0	-1	-1	-1	0	60	60	1	1	0	166	43457458	930	305	638	266	294.59	0	-2.18	-9.76	0.00	0.00
11	11	ÄÐ	0	10.00	1	0	1	1	0	0	50.00	0	-1	-1	-1	0	60	60	1	1	0	167	43457498	930	305	638	266	294.59	0	-2.20	-9.76	0.00	0.00
11	11	ÄÐ	0	10.00	1	0	1	1	0	0	50.00	0	-1	-1	-1	0	60	60	1	1	0	168	43457538	930	304	638	266	294.46	0	-2.21	-9.75	0.00	0.00
11	11	ÄÐ	0	10.00	1	0	1	1	0	0	50.00	0	-1	-1	-1	0	60	60	1	1	0	169	43457578	930	304	638	266	294.46	0	-2.22	-9.75	0.00	0.00
11	11	ÄÐ	0	10.00	1	0	1	1	0	0	50.00	0	-1	-1	-1	0	60	60	1	1	0	170	43457618	930	303	638	266	294.33	0	-2.23	-9.75	0.00	0.00
11	11	ÄÐ	0	10.00	1	0	1	1	0	0	50.00	0	-1	-1	-1	0	60	60	1	1	0	171	43457658	930	303	638	266	294.33	0	-2.25	-9.74	0.00	0.00
11	11	ÄÐ	0	10.00	1	0	1	1	0	0	50.00	0	-1	-1	-1	0	60	60	1	1	0	172	43457698	930	303	638	266	294.33	0	-2.26	-9.74	0.00	0.00
11	11	ÄÐ	0	10.00	1	0	1	1	0	0	50.00	0	-1	-1	-1	0	60	60	1	1	0	173	43457738	930	302	638	266	294.21	0	-2.27	-9.74	0.00	0.00
11	11	ÄÐ	0	10.00	1	0	1	1	0	0	50.00	0	-1	-1	-1	0	60	60	1	1	0	174	43457778	930	302	638	266	294.21	0	-2.29	-9.74	0.00	0.00
11	11	ÄÐ	0	10.00	1	0	1	1	0	0	50.00	0	-1	-1	-1	0	60	60	1	1	0	175	43457818	929	302	638	266	293.22	0	-2.30	-9.73	0.00	0.00
11	11	ÄÐ	0	10.00	1	0	1	1	0	0	50.00	0	-1	-1	-1	0	60	60	1	1	0	176	43457858	929	301	638	266	293.10	0	-2.31	-9.73	0.00	0.00
11	11	ÄÐ	0	10.00	1	0	1	1	0	0	50.00	0	-1	-1	-1	0	60	60	1	1	0	177	43457898	929	301	638	266	293.10	0	-2.33	-9.73	0.00	0.00
11	11	ÄÐ	0	10.00	1	0	1	1	0	0	50.00	0	-1	-1	-1	0	60	60	1	1	0	178	43457938	929	300	638	266	292.98	0	-2.34	-9.72	0.00	0.00
11	11	ÄÐ	0	10.00	1	0	1	1	0	0	50.00	0	-1	-1	-1	0	60	60	1	1	0	179	43457978	929	300	638	266	292.98	0	-2.35	-9.72	0.00	0.00
11	11	ÄÐ	0	10.00	1	0	1	1	0	0	50.00	0	-1	-1	-1	0	60	60	1	1	0	180	43458018	929	300	638	266	292.98	0	-2.36	-9.72	0.00	0.00
11	11	ÄÐ	0	10.00	1	0	1	1	0	0	50.00	0	-1	-1	-1	0	60	60	1	1	0	181	43458058	929	299	638	266	292.87	0	-2.38	-9.71	0.00	0.00
11	11	ÄÐ	0	10.00	1	0	1	1	0	0	50.00	0	-1	-1	-1	0	60	60	1	1	0	182	43458098	929	299	638	266	292.87	0	-2.39	-9.71	0.00	0.00
11	11	ÄÐ	0	10.00	1	0	1	1	0	0	50.00	0	-1	-1	-1	0	60	60	1	1	0	183	43458138	929	298	638	266	292.75	0	-2.40	-9.71	0.00	0.00
11	11	ÄÐ	0	10.00	1	0	1	1	0	0	50.00	0	-1	-1	-1	0	60	60	1	1	0	184	43458178	929	298	638	266	292.75	0	-2.42	-9.70	0.00	0.00
11	11	ÄÐ	0	10.00	1	0	1	1	0	0	50.00	0	-1	-1	-1	0	60	60	1	1	0	185	43458218	929	298	638	266	292.75	0	-2.43	-9.70	0.00	0.00
11	11	ÄÐ	0	10.00	1	0	1	1	0	0	50.00	0	-1	-1	-1	0	60	60	1	1	0	186	43458258	928	297	638	266	291.65	0	-2.44	-9.70	0.00	0.00
11	11	ÄÐ	0	10.00	1	0	1	1	0	0	50.00	0	-1	-1	-1	0	60	60	1	1	0	187	43458298	928	297	638	266	291.65	0	-2.45	-9.69	0.00	0.00
11	11	ÄÐ	0	10.00	1	0	1	1	0	0	50.00	0	-1	-1	-1	0	60	60	1	1	0	188	43458338	928	296	638	266	291.55	0	-2.47	-9.69	0.00	0.00
11	11	ÄÐ	0	10.00	1	0	1	1	0	0	50.00	0	-1	-1	-1	0	60	60	1	1	0	189	43458378	928	296	638	266	291.55	0	-2.48	-9.69	0.00	0.00
11	11	ÄÐ	0	10.00	1	0	1	1	0	0	50.00	0	-1	-1	-1	0	60	60	1	1	0	190	43458418	928	296	638	266	291.55	0	-2.49	-9.68	0.00	0.00
11	11	ÄÐ	0	10.00	1	0	1	1	0	0	50.00	0	-1	-1	-1	0	60	60	1	1	0	191	43458458	928	295	638	266	291.45	0	-2.51	-9.68	0.00	0.00
11	11	ÄÐ	0	10.00	1	0	1	1	0	0	50.00	0	-1	-1	-1	0	60	60	1	1	0	192	43458498	928	295	638	266	291.45	0	-2.52	-9.68	0.00	0.00
11	11	ÄÐ	0	10.00	1	0	1	1	0	0	50.00	0	-1	-1	-1	0	60	60	1	1	0	193	43458538	928	295	638	266	291.45	0	-2.53	-9.67	0.00	0.00
11	11	ÄÐ	0	10.00	1	0	1	1	0	0	50.00	0	-1	-1	-1	0	60	60	1	1	0	194	43458578	928	294	638	266	291.35	0	-2.55	-9.67	0.00	0.00
11	11	ÄÐ	0	10.00	1	0	1	1	0	0	50.00	0	-1	-1	-1	0	60	60	1	1	0	195	43458618	928	294	638	266	291.35	0	-2.56	-9.67	0.00	0.00
11	11	ÄÐ	0	10.00	1	0	1	1	0	0	50.00	0	-1	-1	-1	0	60	60	1	1	0	196	43458658	927	293	638	266	290.26	0	-2.57	-9.66	0.00	0.00
11	11	ÄÐ	0	10.00	1	0	1	1	0	0	50.00	0	-1	-1	-1	0	60	60	1	1	0	197	43458698	927	293	638	266	290.26	0	-2.58	-9.66	0.00	0.00
11	11	ÄÐ	0	10.00	1	0	1	1	0	0	50.00	0	-1	-1	-1	0	60	60	1	1	0	198	43458738	927	293	638	266	290.26	0	-2.60	-9.66	0.00	0.00
11	11	ÄÐ	0	10.00	1	0	1	1	0	0	50.00	0	-1	-1	-1	0	60	60	1	1	0	199	43458778	927	292	638	266	290.17	0	-2.61	-9.65	0.00	0.00
11	11	ÄÐ	0	10.00	1	0	1	1	0	0	50.00	0	-1	-1	-1	0	60	60	1	1	0	200	43458818	927	292	638	266	290.17	0	-2.62	-9.65	0.00	0.00
