ID	Name	Sex	Session	DistanceError	PracMode	ExperMode	MainTask	SubTask	MainTaskMode	Background	InitSpeed	EventMode	CodePairMode	CodePairNum	DisplayMode	EventFrequency	PracTime	ExperTime	PracTimes	ExperTimes	Pra_Test	PointNum	PointTime	ObjPointX	ObjPointY	PostPointX	PostPointY	Distance	Hit	ObjSpeedX	ObjSpeedY	PostSpeedX	PostSpeedY
11	11	ÄÐ	0	10.00	1	0	1	1	0	0	50.00	0	-1	-1	-1	0	60	60	3	3	0	1	81911252	795	371	495	371	0.00	0	-0.00	-10.00	0.00	0.00
11	11	ÄÐ	0	10.00	1	0	1	1	0	0	50.00	0	-1	-1	-1	0	60	60	3	3	0	2	81911292	794	370	495	371	299.00	0	-0.01	-10.00	200.00	0.00
11	11	ÄÐ	0	10.00	1	0	1	1	0	0	50.00	0	-1	-1	-1	0	60	60	3	3	0	3	81911332	794	370	503	371	291.00	0	-0.03	-10.00	200.00	0.00
11	11	ÄÐ	0	10.00	1	0	1	1	0	0	50.00	0	-1	-1	-1	0	60	60	3	3	0	4	81911372	794	369	511	371	283.01	0	-0.04	-10.00	200.00	0.00
11	11	ÄÐ	0	10.00	1	0	1	1	0	0	50.00	0	-1	-1	-1	0	60	60	3	3	0	5	81911423	794	369	521	371	273.01	0	-0.06	-10.00	200.00	0.00
11	11	ÄÐ	0	10.00	1	0	1	1	0	0	50.00	0	-1	-1	-1	0	60	60	3	3	0	6	81911469	794	368	530	371	264.02	0	-0.07	-10.00	200.00	0.00
11	11	ÄÐ	0	10.00	1	0	1	1	0	0	50.00	0	-1	-1	-1	0	60	60	3	3	0	7	81911509	794	368	538	371	256.02	0	-0.09	-10.00	200.00	0.00
11	11	ÄÐ	0	10.00	1	0	1	1	0	0	50.00	0	-1	-1	-1	0	60	60	3	3	0	8	81911549	794	368	546	371	248.02	0	-0.10	-10.00	200.00	0.00
11	11	ÄÐ	0	10.00	1	0	1	1	0	0	50.00	0	-1	-1	-1	0	60	60	3	3	0	9	81911589	794	367	554	371	240.03	0	-0.11	-10.00	200.00	0.00
11	11	ÄÐ	0	10.00	1	0	1	1	0	0	50.00	0	-1	-1	-1	0	60	60	3	3	0	10	81911640	794	367	565	371	229.03	0	-0.13	-10.00	200.00	0.00
11	11	ÄÐ	0	10.00	1	0	1	1	0	0	50.00	0	-1	-1	-1	0	60	60	3	3	0	11	81911686	794	366	574	371	220.06	0	-0.15	-10.00	200.00	0.00
11	11	ÄÐ	0	10.00	1	0	1	1	0	0	50.00	0	-1	-1	-1	0	60	60	3	3	0	12	81911726	794	366	582	371	212.06	0	-0.16	-10.00	200.00	0.00
11	11	ÄÐ	0	10.00	1	0	1	1	0	0	50.00	0	-1	-1	-1	0	60	60	3	3	0	13	81911766	794	365	590	371	204.09	0	-0.17	-10.00	200.00	0.00
11	11	ÄÐ	0	10.00	1	0	1	1	0	0	50.00	0	-1	-1	-1	0	60	60	3	3	0	14	81911806	794	365	598	371	196.09	0	-0.19	-10.00	200.00	0.00
11	11	ÄÐ	0	10.00	1	0	1	1	0	0	50.00	0	-1	-1	-1	0	60	60	3	3	0	15	81911846	794	365	606	371	188.10	0	-0.20	-10.00	200.00	0.00
11	11	ÄÐ	0	10.00	1	0	1	1	0	0	50.00	0	-1	-1	-1	0	60	60	3	3	0	16	81911904	794	364	618	371	176.14	0	-0.22	-10.00	200.00	0.00
11	11	ÄÐ	0	10.00	1	0	1	1	0	0	50.00	0	-1	-1	-1	0	60	60	3	3	0	17	81911950	794	363	627	371	167.19	0	-0.23	-10.00	200.00	0.00
11	11	ÄÐ	0	10.00	1	0	1	1	0	0	50.00	0	-1	-1	-1	0	60	60	3	3	0	18	81911990	794	363	635	371	159.20	0	-0.25	-10.00	200.00	0.00
11	11	ÄÐ	0	10.00	1	0	1	1	0	0	50.00	0	-1	-1	-1	0	60	60	3	3	0	19	81912030	794	363	643	371	151.21	0	-0.26	-10.00	200.00	0.00
11	11	ÄÐ	0	10.00	1	0	1	1	0	0	50.00	0	-1	-1	-1	0	60	60	3	3	0	20	81912070	794	362	651	371	143.28	0	-0.27	-10.00	200.00	0.00
11	11	ÄÐ	0	10.00	1	0	1	1	0	0	50.00	0	-1	-1	-1	0	60	60	3	3	0	21	81912121	794	362	661	371	133.30	0	-0.29	-10.00	200.00	0.00
11	11	ÄÐ	0	10.00	1	0	1	1	0	0	50.00	0	-1	-1	-1	0	60	60	3	3	0	22	81912167	794	361	671	371	123.41	0	-0.31	-10.00	200.00	0.00
11	11	ÄÐ	0	10.00	1	0	1	1	0	0	50.00	0	-1	-1	-1	0	60	60	3	3	0	23	81912213	794	361	680	371	114.44	0	-0.32	-9.99	200.00	0.00
11	11	ÄÐ	0	10.00	1	0	1	1	0	0	50.00	0	-1	-1	-1	0	60	60	3	3	0	24	81912253	794	360	688	371	106.57	0	-0.34	-9.99	200.00	0.00
11	11	ÄÐ	0	10.00	1	0	1	1	0	0	50.00	0	-1	-1	-1	0	60	60	3	3	0	25	81912293	794	360	696	371	98.62	0	-0.35	-9.99	200.00	0.00
11	11	ÄÐ	0	10.00	1	0	1	1	0	0	50.00	0	-1	-1	-1	0	60	60	3	3	0	26	81912333	794	360	704	371	90.67	0	-0.36	-9.99	200.00	0.00
11	11	ÄÐ	0	10.00	1	0	1	1	0	0	50.00	0	-1	-1	-1	0	60	60	3	3	0	27	81912384	794	359	714	371	80.89	0	-0.38	-9.99	200.00	0.00
11	11	ÄÐ	0	10.00	1	0	1	1	0	0	50.00	0	-1	-1	-1	0	60	60	3	3	0	28	81912430	794	359	724	371	71.02	0	-0.40	-9.99	200.00	-200.00
11	11	ÄÐ	0	10.00	1	0	1	1	0	0	50.00	0	-1	-1	-1	0	60	60	3	3	0	29	81912470	794	358	732	362	62.13	0	-0.41	-9.99	200.00	-200.00
11	11	ÄÐ	0	10.00	1	0	1	1	0	0	50.00	0	-1	-1	-1	0	60	60	3	3	0	30	81912510	794	358	740	354	54.15	0	-0.42	-9.99	200.00	-200.00
11	11	ÄÐ	0	10.00	1	0	1	1	0	0	50.00	0	-1	-1	-1	0	60	60	3	3	0	31	81912550	794	357	748	346	47.30	0	-0.44	-9.99	0.00	0.00
11	11	ÄÐ	0	10.00	1	0	1	1	0	0	50.00	0	-1	-1	-1	0	60	60	3	3	0	32	81912601	794	357	748	346	47.30	0	-0.45	-9.99	0.00	0.00
11	11	ÄÐ	0	10.00	1	0	1	1	0	0	50.00	0	-1	-1	-1	0	60	60	3	3	0	33	81912647	794	356	748	346	47.07	0	-0.47	-9.99	0.00	0.00
11	11	ÄÐ	0	10.00	1	0	1	1	0	0	50.00	0	-1	-1	-1	0	60	60	3	3	0	34	81912693	794	356	748	346	47.07	0	-0.48	-9.99	0.00	0.00
11	11	ÄÐ	0	10.00	1	0	1	1	0	0	50.00	0	-1	-1	-1	0	60	60	3	3	0	35	81912733	794	356	748	346	47.07	0	-0.50	-9.99	0.00	0.00
11	11	ÄÐ	0	10.00	1	0	1	1	0	0	50.00	0	-1	-1	-1	0	60	60	3	3	0	36	81912773	794	355	748	346	46.87	0	-0.51	-9.99	0.00	0.00
11	11	ÄÐ	0	10.00	1	0	1	1	0	0	50.00	0	-1	-1	-1	0	60	60	3	3	0	37	81912813	794	355	748	346	46.87	0	-0.52	-9.99	0.00	0.00
11	11	ÄÐ	0	10.00	1	0	1	1	0	0	50.00	0	-1	-1	-1	0	60	60	3	3	0	38	81912864	794	354	748	346	46.69	0	-0.54	-9.99	200.00	0.00
11	11	ÄÐ	0	10.00	1	0	1	1	0	0	50.00	0	-1	-1	-1	0	60	60	3	3	0	39	81912910	794	354	757	346	37.85	0	-0.56	-9.98	200.00	0.00
11	11	ÄÐ	0	10.00	1	0	1	1	0	0	50.00	0	-1	-1	-1	0	60	60	3	3	0	40	81912950	794	353	765	346	29.83	0	-0.57	-9.98	200.00	0.00
11	11	ÄÐ	0	10.00	1	0	1	1	0	0	50.00	0	-1	-1	-1	0	60	60	3	3	0	41	81912990	794	353	773	346	22.14	0	-0.58	-9.98	200.00	0.00
11	11	ÄÐ	0	10.00	1	0	1	1	0	0	50.00	0	-1	-1	-1	0	60	60	3	3	0	42	81913030	794	353	781	346	14.76	0	-0.60	-9.98	200.00	0.00
11	11	ÄÐ	0	10.00	1	0	1	1	0	0	50.00	0	-1	-1	-1	0	60	60	3	3	0	43	81913081	794	352	791	346	6.71	1	-0.61	-9.98	0.00	0.00
11	11	ÄÐ	0	10.00	1	0	1	1	0	0	50.00	0	-1	-1	-1	0	60	60	3	3	0	44	81913127	794	352	791	346	6.71	1	-0.63	-9.98	0.00	0.00
11	11	ÄÐ	0	10.00	1	0	1	1	0	0	50.00	0	-1	-1	-1	0	60	60	3	3	0	45	81913173	794	351	791	346	5.83	1	-0.64	-9.98	0.00	0.00
11	11	ÄÐ	0	10.00	1	0	1	1	0	0	50.00	0	-1	-1	-1	0	60	60	3	3	0	46	81913213	794	351	791	346	5.83	1	-0.66	-9.98	0.00	0.00
11	11	ÄÐ	0	10.00	1	0	1	1	0	0	50.00	0	-1	-1	-1	0	60	60	3	3	0	47	81913253	794	350	791	346	5.00	1	-0.67	-9.98	0.00	0.00
11	11	ÄÐ	0	10.00	1	0	1	1	0	0	50.00	0	-1	-1	-1	0	60	60	3	3	0	48	81913293	794	350	791	346	5.00	1	-0.68	-9.98	0.00	0.00
11	11	ÄÐ	0	10.00	1	0	1	1	0	0	50.00	0	-1	-1	-1	0	60	60	3	3	0	49	81913344	794	349	791	346	4.24	1	-0.70	-9.98	0.00	0.00
11	11	ÄÐ	0	10.00	1	0	1	1	0	0	50.00	0	-1	-1	-1	0	60	60	3	3	0	50	81913392	794	349	791	346	4.24	1	-0.72	-9.97	0.00	0.00
11	11	ÄÐ	0	10.00	1	0	1	1	0	0	50.00	0	-1	-1	-1	0	60	60	3	3	0	51	81913432	794	349	791	346	4.24	1	-0.73	-9.97	0.00	0.00
11	11	ÄÐ	0	10.00	1	0	1	1	0	0	50.00	0	-1	-1	-1	0	60	60	3	3	0	52	81913472	794	348	791	346	3.61	1	-0.74	-9.97	0.00	0.00
11	11	ÄÐ	0	10.00	1	0	1	1	0	0	50.00	0	-1	-1	-1	0	60	60	3	3	0	53	81913512	794	348	791	346	3.61	1	-0.76	-9.97	0.00	0.00
11	11	ÄÐ	0	10.00	1	0	1	1	0	0	50.00	0	-1	-1	-1	0	60	60	3	3	0	54	81913552	794	347	791	346	3.16	1	-0.77	-9.97	0.00	0.00
11	11	ÄÐ	0	10.00	1	0	1	1	0	0	50.00	0	-1	-1	-1	0	60	60	3	3	0	55	81913592	794	347	791	346	3.16	1	-0.78	-9.97	0.00	0.00
11	11	ÄÐ	0	10.00	1	0	1	1	0	0	50.00	0	-1	-1	-1	0	60	60	3	3	0	56	81913640	794	347	791	346	3.16	1	-0.80	-9.97	0.00	0.00
11	11	ÄÐ	0	10.00	1	0	1	1	0	0	50.00	0	-1	-1	-1	0	60	60	3	3	0	57	81913680	794	346	791	346	3.00	1	-0.81	-9.97	0.00	0.00
11	11	ÄÐ	0	10.00	1	0	1	1	0	0	50.00	0	-1	-1	-1	0	60	60	3	3	0	58	81913720	793	346	791	346	2.00	1	-0.83	-9.97	0.00	0.00
11	11	ÄÐ	0	10.00	1	0	1	1	0	0	50.00	0	-1	-1	-1	0	60	60	3	3	0	59	81913760	793	345	791	346	2.24	1	-0.84	-9.96	0.00	0.00
11	11	ÄÐ	0	10.00	1	0	1	1	0	0	50.00	0	-1	-1	-1	0	60	60	3	3	0	60	81913811	793	345	791	346	2.24	1	-0.86	-9.96	0.00	0.00
11	11	ÄÐ	0	10.00	1	0	1	1	0	0	50.00	0	-1	-1	-1	0	60	60	3	3	0	61	81913851	793	344	791	346	2.83	1	-0.87	-9.96	0.00	0.00
11	11	ÄÐ	0	10.00	1	0	1	1	0	0	50.00	0	-1	-1	-1	0	60	60	3	3	0	62	81913891	793	344	791	346	2.83	1	-0.88	-9.96	0.00	0.00
11	11	ÄÐ	0	10.00	1	0	1	1	0	0	50.00	0	-1	-1	-1	0	60	60	3	3	0	63	81913931	793	344	791	346	2.83	1	-0.90	-9.96	0.00	0.00
11	11	ÄÐ	0	10.00	1	0	1	1	0	0	50.00	0	-1	-1	-1	0	60	60	3	3	0	64	81913971	793	343	791	346	3.61	1	-0.91	-9.96	0.00	0.00
11	11	ÄÐ	0	10.00	1	0	1	1	0	0	50.00	0	-1	-1	-1	0	60	60	3	3	0	65	81914011	793	343	791	346	3.61	1	-0.92	-9.96	0.00	0.00
11	11	ÄÐ	0	10.00	1	0	1	1	0	0	50.00	0	-1	-1	-1	0	60	60	3	3	0	66	81914060	793	342	791	346	4.47	1	-0.94	-9.96	0.00	0.00
11	11	ÄÐ	0	10.00	1	0	1	1	0	0	50.00	0	-1	-1	-1	0	60	60	3	3	0	67	81914106	793	342	791	346	4.47	1	-0.96	-9.95	0.00	0.00
11	11	ÄÐ	0	10.00	1	0	1	1	0	0	50.00	0	-1	-1	-1	0	60	60	3	3	0	68	81914152	793	341	791	346	5.39	1	-0.97	-9.95	200.00	0.00
11	11	ÄÐ	0	10.00	1	0	1	1	0	0	50.00	0	-1	-1	-1	0	60	60	3	3	0	69	81914192	793	341	799	346	7.81	1	-0.98	-9.95	200.00	0.00
11	11	ÄÐ	0	10.00	1	0	1	1	0	0	50.00	0	-1	-1	-1	0	60	60	3	3	0	70	81914232	793	341	807	346	14.87	0	-1.00	-9.95	200.00	0.00
11	11	ÄÐ	0	10.00	1	0	1	1	0	0	50.00	0	-1	-1	-1	0	60	60	3	3	0	71	81914272	793	340	815	346	22.80	0	-1.01	-9.95	200.00	0.00
11	11	ÄÐ	0	10.00	1	0	1	1	0	0	50.00	0	-1	-1	-1	0	60	60	3	3	0	72	81914323	793	340	826	346	33.54	0	-1.03	-9.95	200.00	0.00
11	11	ÄÐ	0	10.00	1	0	1	1	0	0	50.00	0	-1	-1	-1	0	60	60	3	3	0	73	81914369	793	339	835	346	42.58	0	-1.04	-9.95	0.00	0.00
11	11	ÄÐ	0	10.00	1	0	1	1	0	0	50.00	0	-1	-1	-1	0	60	60	3	3	0	74	81914409	793	339	835	346	42.58	0	-1.06	-9.94	0.00	0.00
11	11	ÄÐ	0	10.00	1	0	1	1	0	0	50.00	0	-1	-1	-1	0	60	60	3	3	0	75	81914449	793	338	835	346	42.76	0	-1.07	-9.94	0.00	0.00
11	11	ÄÐ	0	10.00	1	0	1	1	0	0	50.00	0	-1	-1	-1	0	60	60	3	3	0	76	81914489	793	338	835	346	42.76	0	-1.08	-9.94	0.00	0.00
11	11	ÄÐ	0	10.00	1	0	1	1	0	0	50.00	0	-1	-1	-1	0	60	60	3	3	0	77	81914540	793	337	835	346	42.95	0	-1.10	-9.94	0.00	0.00
11	11	ÄÐ	0	10.00	1	0	1	1	0	0	50.00	0	-1	-1	-1	0	60	60	3	3	0	78	81914586	793	337	835	346	42.95	0	-1.12	-9.94	0.00	0.00
11	11	ÄÐ	0	10.00	1	0	1	1	0	0	50.00	0	-1	-1	-1	0	60	60	3	3	0	79	81914632	793	337	835	346	42.95	0	-1.13	-9.94	0.00	0.00
11	11	ÄÐ	0	10.00	1	0	1	1	0	0	50.00	0	-1	-1	-1	0	60	60	3	3	0	80	81914672	793	336	835	346	43.17	0	-1.14	-9.93	-200.00	0.00
11	11	ÄÐ	0	10.00	1	0	1	1	0	0	50.00	0	-1	-1	-1	0	60	60	3	3	0	81	81914712	792	336	827	346	36.40	0	-1.16	-9.93	-200.00	0.00
11	11	ÄÐ	0	10.00	1	0	1	1	0	0	50.00	0	-1	-1	-1	0	60	60	3	3	0	82	81914752	792	335	819	346	29.15	0	-1.17	-9.93	-200.00	0.00
11	11	ÄÐ	0	10.00	1	0	1	1	0	0	50.00	0	-1	-1	-1	0	60	60	3	3	0	83	81914803	792	335	809	346	20.25	0	-1.19	-9.93	-200.00	0.00
11	11	ÄÐ	0	10.00	1	0	1	1	0	0	50.00	0	-1	-1	-1	0	60	60	3	3	0	84	81914849	792	334	799	346	13.89	0	-1.20	-9.93	0.00	0.00
11	11	ÄÐ	0	10.00	1	0	1	1	0	0	50.00	0	-1	-1	-1	0	60	60	3	3	0	85	81914889	792	334	799	346	13.89	0	-1.22	-9.93	0.00	0.00
11	11	ÄÐ	0	10.00	1	0	1	1	0	0	50.00	0	-1	-1	-1	0	60	60	3	3	0	86	81914929	792	334	799	346	13.89	0	-1.23	-9.92	0.00	0.00
11	11	ÄÐ	0	10.00	1	0	1	1	0	0	50.00	0	-1	-1	-1	0	60	60	3	3	0	87	81914969	792	333	799	346	14.76	0	-1.24	-9.92	0.00	0.00
11	11	ÄÐ	0	10.00	1	0	1	1	0	0	50.00	0	-1	-1	-1	0	60	60	3	3	0	88	81915020	792	333	799	346	14.76	0	-1.26	-9.92	0.00	0.00
11	11	ÄÐ	0	10.00	1	0	1	1	0	0	50.00	0	-1	-1	-1	0	60	60	3	3	0	89	81915066	792	332	799	346	15.65	0	-1.28	-9.92	0.00	0.00
11	11	ÄÐ	0	10.00	1	0	1	1	0	0	50.00	0	-1	-1	-1	0	60	60	3	3	0	90	81915112	792	332	799	346	15.65	0	-1.29	-9.92	0.00	0.00
11	11	ÄÐ	0	10.00	1	0	1	1	0	0	50.00	0	-1	-1	-1	0	60	60	3	3	0	91	81915152	792	331	799	346	16.55	0	-1.30	-9.91	0.00	0.00
11	11	ÄÐ	0	10.00	1	0	1	1	0	0	50.00	0	-1	-1	-1	0	60	60	3	3	0	92	81915192	792	331	799	346	16.55	0	-1.32	-9.91	0.00	0.00
11	11	ÄÐ	0	10.00	1	0	1	1	0	0	50.00	0	-1	-1	-1	0	60	60	3	3	0	93	81915232	792	331	799	346	16.55	0	-1.33	-9.91	0.00	-200.00
11	11	ÄÐ	0	10.00	1	0	1	1	0	0	50.00	0	-1	-1	-1	0	60	60	3	3	0	94	81915283	792	330	799	336	9.22	1	-1.35	-9.91	0.00	-200.00
11	11	ÄÐ	0	10.00	1	0	1	1	0	0	50.00	0	-1	-1	-1	0	60	60	3	3	0	95	81915329	792	330	799	327	7.62	1	-1.36	-9.91	0.00	0.00
11	11	ÄÐ	0	10.00	1	0	1	1	0	0	50.00	0	-1	-1	-1	0	60	60	3	3	0	96	81915369	792	329	799	327	7.28	1	-1.38	-9.90	0.00	0.00
11	11	ÄÐ	0	10.00	1	0	1	1	0	0	50.00	0	-1	-1	-1	0	60	60	3	3	0	97	81915409	792	329	799	327	7.28	1	-1.39	-9.90	0.00	0.00
11	11	ÄÐ	0	10.00	1	0	1	1	0	0	50.00	0	-1	-1	-1	0	60	60	3	3	0	98	81915449	792	328	799	327	7.07	1	-1.40	-9.90	0.00	0.00
11	11	ÄÐ	0	10.00	1	0	1	1	0	0	50.00	0	-1	-1	-1	0	60	60	3	3	0	99	81915489	791	328	799	327	8.06	1	-1.42	-9.90	0.00	0.00
11	11	ÄÐ	0	10.00	1	0	1	1	0	0	50.00	0	-1	-1	-1	0	60	60	3	3	0	100	81915529	791	328	799	327	8.06	1	-1.43	-9.90	0.00	0.00
11	11	ÄÐ	0	10.00	1	0	1	1	0	0	50.00	0	-1	-1	-1	0	60	60	3	3	0	101	81915578	791	327	799	327	8.00	1	-1.45	-9.89	0.00	0.00
11	11	ÄÐ	0	10.00	1	0	1	1	0	0	50.00	0	-1	-1	-1	0	60	60	3	3	0	102	81915618	791	327	799	327	8.00	1	-1.46	-9.89	0.00	0.00
11	11	ÄÐ	0	10.00	1	0	1	1	0	0	50.00	0	-1	-1	-1	0	60	60	3	3	0	103	81915658	791	326	799	327	8.06	1	-1.47	-9.89	0.00	0.00
11	11	ÄÐ	0	10.00	1	0	1	1	0	0	50.00	0	-1	-1	-1	0	60	60	3	3	0	104	81915698	791	326	799	327	8.06	1	-1.49	-9.89	0.00	0.00
11	11	ÄÐ	0	10.00	1	0	1	1	0	0	50.00	0	-1	-1	-1	0	60	60	3	3	0	105	81915749	791	325	799	327	8.25	1	-1.50	-9.89	0.00	0.00
11	11	ÄÐ	0	10.00	1	0	1	1	0	0	50.00	0	-1	-1	-1	0	60	60	3	3	0	106	81915795	791	325	799	327	8.25	1	-1.52	-9.88	0.00	0.00
11	11	ÄÐ	0	10.00	1	0	1	1	0	0	50.00	0	-1	-1	-1	0	60	60	3	3	0	107	81915841	791	325	799	327	8.25	1	-1.53	-9.88	0.00	0.00
11	11	ÄÐ	0	10.00	1	0	1	1	0	0	50.00	0	-1	-1	-1	0	60	60	3	3	0	108	81915881	791	324	799	327	8.54	1	-1.55	-9.88	0.00	0.00
11	11	ÄÐ	0	10.00	1	0	1	1	0	0	50.00	0	-1	-1	-1	0	60	60	3	3	0	109	81915921	791	324	799	327	8.54	1	-1.56	-9.88	0.00	0.00
11	11	ÄÐ	0	10.00	1	0	1	1	0	0	50.00	0	-1	-1	-1	0	60	60	3	3	0	110	81915961	791	323	799	327	8.94	1	-1.57	-9.88	0.00	0.00
11	11	ÄÐ	0	10.00	1	0	1	1	0	0	50.00	0	-1	-1	-1	0	60	60	3	3	0	111	81916012	791	323	799	327	8.94	1	-1.59	-9.87	0.00	0.00
11	11	ÄÐ	0	10.00	1	0	1	1	0	0	50.00	0	-1	-1	-1	0	60	60	3	3	0	112	81916058	791	322	799	327	9.43	1	-1.61	-9.87	0.00	0.00
11	11	ÄÐ	0	10.00	1	0	1	1	0	0	50.00	0	-1	-1	-1	0	60	60	3	3	0	113	81916098	791	322	799	327	9.43	1	-1.62	-9.87	0.00	0.00
11	11	ÄÐ	0	10.00	1	0	1	1	0	0	50.00	0	-1	-1	-1	0	60	60	3	3	0	114	81916138	790	322	799	327	10.30	0	-1.63	-9.87	0.00	0.00
11	11	ÄÐ	0	10.00	1	0	1	1	0	0	50.00	0	-1	-1	-1	0	60	60	3	3	0	115	81916178	790	321	799	327	10.82	0	-1.64	-9.86	0.00	0.00
11	11	ÄÐ	0	10.00	1	0	1	1	0	0	50.00	0	-1	-1	-1	0	60	60	3	3	0	116	81916229	790	321	799	327	10.82	0	-1.66	-9.86	-200.00	0.00
11	11	ÄÐ	0	10.00	1	0	1	1	0	0	50.00	0	-1	-1	-1	0	60	60	3	3	0	117	81916275	790	320	790	327	7.00	1	-1.68	-9.86	-200.00	0.00
11	11	ÄÐ	0	10.00	1	0	1	1	0	0	50.00	0	-1	-1	-1	0	60	60	3	3	0	118	81916321	790	320	781	327	11.40	0	-1.69	-9.86	-200.00	0.00
11	11	ÄÐ	0	10.00	1	0	1	1	0	0	50.00	0	-1	-1	-1	0	60	60	3	3	0	119	81916361	790	319	773	327	18.79	0	-1.71	-9.85	-200.00	0.00
11	11	ÄÐ	0	10.00	1	0	1	1	0	0	50.00	0	-1	-1	-1	0	60	60	3	3	0	120	81916401	790	319	765	327	26.25	0	-1.72	-9.85	0.00	0.00
11	11	ÄÐ	0	10.00	1	0	1	1	0	0	50.00	0	-1	-1	-1	0	60	60	3	3	0	121	81916441	790	319	765	327	26.25	0	-1.73	-9.85	0.00	0.00
11	11	ÄÐ	0	10.00	1	0	1	1	0	0	50.00	0	-1	-1	-1	0	60	60	3	3	0	122	81916492	790	318	765	327	26.57	0	-1.75	-9.85	0.00	0.00
11	11	ÄÐ	0	10.00	1	0	1	1	0	0	50.00	0	-1	-1	-1	0	60	60	3	3	0	123	81916538	790	318	765	327	26.57	0	-1.76	-9.84	0.00	0.00
11	11	ÄÐ	0	10.00	1	0	1	1	0	0	50.00	0	-1	-1	-1	0	60	60	3	3	0	124	81916578	790	317	765	327	26.93	0	-1.78	-9.84	0.00	0.00
11	11	ÄÐ	0	10.00	1	0	1	1	0	0	50.00	0	-1	-1	-1	0	60	60	3	3	0	125	81916618	790	317	765	327	26.93	0	-1.79	-9.84	0.00	0.00
11	11	ÄÐ	0	10.00	1	0	1	1	0	0	50.00	0	-1	-1	-1	0	60	60	3	3	0	126	81916658	790	316	765	327	27.31	0	-1.80	-9.84	0.00	0.00
11	11	ÄÐ	0	10.00	1	0	1	1	0	0	50.00	0	-1	-1	-1	0	60	60	3	3	0	127	81916698	790	316	765	327	27.31	0	-1.82	-9.83	0.00	0.00
11	11	ÄÐ	0	10.00	1	0	1	1	0	0	50.00	0	-1	-1	-1	0	60	60	3	3	0	128	81916738	789	316	765	327	26.40	0	-1.83	-9.83	0.00	0.00
11	11	ÄÐ	0	10.00	1	0	1	1	0	0	50.00	0	-1	-1	-1	0	60	60	3	3	0	129	81916787	789	315	765	327	26.83	0	-1.85	-9.83	200.00	0.00
11	11	ÄÐ	0	10.00	1	0	1	1	0	0	50.00	0	-1	-1	-1	0	60	60	3	3	0	130	81916827	789	315	773	327	20.00	0	-1.86	-9.83	200.00	-200.00
11	11	ÄÐ	0	10.00	1	0	1	1	0	0	50.00	0	-1	-1	-1	0	60	60	3	3	0	131	81916867	789	314	781	319	9.43	1	-1.87	-9.82	200.00	-200.00
11	11	ÄÐ	0	10.00	1	0	1	1	0	0	50.00	0	-1	-1	-1	0	60	60	3	3	0	132	81916907	789	314	789	311	3.00	1	-1.89	-9.82	200.00	-200.00
11	11	ÄÐ	0	10.00	1	0	1	1	0	0	50.00	0	-1	-1	-1	0	60	60	3	3	0	133	81916958	789	313	799	301	15.62	0	-1.90	-9.82	200.00	-200.00
11	11	ÄÐ	0	10.00	1	0	1	1	0	0	50.00	0	-1	-1	-1	0	60	60	3	3	0	134	81917004	789	313	808	291	29.07	0	-1.92	-9.81	200.00	-200.00
11	11	ÄÐ	0	10.00	1	0	1	1	0	0	50.00	0	-1	-1	-1	0	60	60	3	3	0	135	81917050	789	313	818	282	42.45	0	-1.93	-9.81	200.00	-200.00
11	11	ÄÐ	0	10.00	1	0	1	1	0	0	50.00	0	-1	-1	-1	0	60	60	3	3	0	136	81917090	789	312	826	274	53.04	0	-1.95	-9.81	0.00	0.00
11	11	ÄÐ	0	10.00	1	0	1	1	0	0	50.00	0	-1	-1	-1	0	60	60	3	3	0	137	81917130	789	312	826	274	53.04	0	-1.96	-9.81	0.00	0.00
11	11	ÄÐ	0	10.00	1	0	1	1	0	0	50.00	0	-1	-1	-1	0	60	60	3	3	0	138	81917170	789	311	826	274	52.33	0	-1.97	-9.80	0.00	0.00
11	11	ÄÐ	0	10.00	1	0	1	1	0	0	50.00	0	-1	-1	-1	0	60	60	3	3	0	139	81917221	789	311	826	274	52.33	0	-1.99	-9.80	0.00	0.00
11	11	ÄÐ	0	10.00	1	0	1	1	0	0	50.00	0	-1	-1	-1	0	60	60	3	3	0	140	81917267	788	310	826	274	52.35	0	-2.00	-9.80	0.00	0.00
11	11	ÄÐ	0	10.00	1	0	1	1	0	0	50.00	0	-1	-1	-1	0	60	60	3	3	0	141	81917307	788	310	826	274	52.35	0	-2.02	-9.79	-200.00	0.00
11	11	ÄÐ	0	10.00	1	0	1	1	0	0	50.00	0	-1	-1	-1	0	60	60	3	3	0	142	81917347	788	310	818	274	46.86	0	-2.03	-9.79	-200.00	200.00
11	11	ÄÐ	0	10.00	1	0	1	1	0	0	50.00	0	-1	-1	-1	0	60	60	3	3	0	143	81917387	788	309	810	282	34.83	0	-2.04	-9.79	-200.00	200.00
11	11	ÄÐ	0	10.00	1	0	1	1	0	0	50.00	0	-1	-1	-1	0	60	60	3	3	0	144	81917427	788	309	802	290	23.60	0	-2.06	-9.79	-200.00	200.00
11	11	ÄÐ	0	10.00	1	0	1	1	0	0	50.00	0	-1	-1	-1	0	60	60	3	3	0	145	81917467	788	308	794	298	11.66	0	-2.07	-9.78	-200.00	200.00
11	11	ÄÐ	0	10.00	1	0	1	1	0	0	50.00	0	-1	-1	-1	0	60	60	3	3	0	146	81917516	788	308	784	308	4.00	1	-2.09	-9.78	0.00	0.00
11	11	ÄÐ	0	10.00	1	0	1	1	0	0	50.00	0	-1	-1	-1	0	60	60	3	3	0	147	81917556	788	308	784	308	4.00	1	-2.10	-9.78	0.00	0.00
11	11	ÄÐ	0	10.00	1	0	1	1	0	0	50.00	0	-1	-1	-1	0	60	60	3	3	0	148	81917596	788	307	784	308	4.12	1	-2.11	-9.77	0.00	0.00
11	11	ÄÐ	0	10.00	1	0	1	1	0	0	50.00	0	-1	-1	-1	0	60	60	3	3	0	149	81917636	788	307	784	308	4.12	1	-2.12	-9.77	0.00	0.00
11	11	ÄÐ	0	10.00	1	0	1	1	0	0	50.00	0	-1	-1	-1	0	60	60	3	3	0	150	81917687	788	306	784	308	4.47	1	-2.14	-9.77	0.00	0.00
11	11	ÄÐ	0	10.00	1	0	1	1	0	0	50.00	0	-1	-1	-1	0	60	60	3	3	0	151	81917733	787	306	784	308	3.61	1	-2.16	-9.76	0.00	0.00
11	11	ÄÐ	0	10.00	1	0	1	1	0	0	50.00	0	-1	-1	-1	0	60	60	3	3	0	152	81917779	787	305	784	308	4.24	1	-2.17	-9.76	0.00	0.00
11	11	ÄÐ	0	10.00	1	0	1	1	0	0	50.00	0	-1	-1	-1	0	60	60	3	3	0	153	81917819	787	305	784	308	4.24	1	-2.18	-9.76	0.00	0.00
11	11	ÄÐ	0	10.00	1	0	1	1	0	0	50.00	0	-1	-1	-1	0	60	60	3	3	0	154	81917859	787	305	784	308	4.24	1	-2.20	-9.76	0.00	0.00
11	11	ÄÐ	0	10.00	1	0	1	1	0	0	50.00	0	-1	-1	-1	0	60	60	3	3	0	155	81917899	787	304	784	308	5.00	1	-2.21	-9.75	0.00	0.00
11	11	ÄÐ	0	10.00	1	0	1	1	0	0	50.00	0	-1	-1	-1	0	60	60	3	3	0	156	81917950	787	304	784	308	5.00	1	-2.23	-9.75	0.00	0.00
11	11	ÄÐ	0	10.00	1	0	1	1	0	0	50.00	0	-1	-1	-1	0	60	60	3	3	0	157	81917996	787	303	784	308	5.83	1	-2.24	-9.75	0.00	0.00
11	11	ÄÐ	0	10.00	1	0	1	1	0	0	50.00	0	-1	-1	-1	0	60	60	3	3	0	158	81918036	787	303	784	308	5.83	1	-2.26	-9.74	0.00	0.00
11	11	ÄÐ	0	10.00	1	0	1	1	0	0	50.00	0	-1	-1	-1	0	60	60	3	3	0	159	81918076	787	302	784	308	6.71	1	-2.27	-9.74	0.00	0.00
11	11	ÄÐ	0	10.00	1	0	1	1	0	0	50.00	0	-1	-1	-1	0	60	60	3	3	0	160	81918116	787	302	784	308	6.71	1	-2.28	-9.74	0.00	0.00
11	11	ÄÐ	0	10.00	1	0	1	1	0	0	50.00	0	-1	-1	-1	0	60	60	3	3	0	161	81918156	786	302	784	308	6.32	1	-2.29	-9.73	0.00	0.00
11	11	ÄÐ	0	10.00	1	0	1	1	0	0	50.00	0	-1	-1	-1	0	60	60	3	3	0	162	81918196	786	301	784	308	7.28	1	-2.31	-9.73	0.00	0.00
11	11	ÄÐ	0	10.00	1	0	1	1	0	0	50.00	0	-1	-1	-1	0	60	60	3	3	0	163	81918245	786	301	784	308	7.28	1	-2.32	-9.73	0.00	0.00
11	11	ÄÐ	0	10.00	1	0	1	1	0	0	50.00	0	-1	-1	-1	0	60	60	3	3	0	164	81918285	786	300	784	308	8.25	1	-2.34	-9.72	0.00	0.00
11	11	ÄÐ	0	10.00	1	0	1	1	0	0	50.00	0	-1	-1	-1	0	60	60	3	3	0	165	81918325	786	300	784	308	8.25	1	-2.35	-9.72	0.00	0.00
11	11	ÄÐ	0	10.00	1	0	1	1	0	0	50.00	0	-1	-1	-1	0	60	60	3	3	0	166	81918365	786	300	784	308	8.25	1	-2.36	-9.72	0.00	0.00
11	11	ÄÐ	0	10.00	1	0	1	1	0	0	50.00	0	-1	-1	-1	0	60	60	3	3	0	167	81918416	786	299	784	308	9.22	1	-2.38	-9.71	0.00	0.00
11	11	ÄÐ	0	10.00	1	0	1	1	0	0	50.00	0	-1	-1	-1	0	60	60	3	3	0	168	81918462	786	299	784	308	9.22	1	-2.39	-9.71	0.00	0.00
11	11	ÄÐ	0	10.00	1	0	1	1	0	0	50.00	0	-1	-1	-1	0	60	60	3	3	0	169	81918508	786	298	784	308	10.20	0	-2.41	-9.71	0.00	0.00
11	11	ÄÐ	0	10.00	1	0	1	1	0	0	50.00	0	-1	-1	-1	0	60	60	3	3	0	170	81918548	786	298	784	308	10.20	0	-2.42	-9.70	0.00	0.00
11	11	ÄÐ	0	10.00	1	0	1	1	0	0	50.00	0	-1	-1	-1	0	60	60	3	3	0	171	81918588	785	297	784	308	11.05	0	-2.44	-9.70	0.00	0.00
11	11	ÄÐ	0	10.00	1	0	1	1	0	0	50.00	0	-1	-1	-1	0	60	60	3	3	0	172	81918628	785	297	784	308	11.05	0	-2.45	-9.70	0.00	0.00
11	11	ÄÐ	0	10.00	1	0	1	1	0	0	50.00	0	-1	-1	-1	0	60	60	3	3	0	173	81918679	785	297	784	308	11.05	0	-2.47	-9.69	0.00	0.00
11	11	ÄÐ	0	10.00	1	0	1	1	0	0	50.00	0	-1	-1	-1	0	60	60	3	3	0	174	81918725	785	296	784	308	12.04	0	-2.48	-9.69	200.00	0.00
11	11	ÄÐ	0	10.00	1	0	1	1	0	0	50.00	0	-1	-1	-1	0	60	60	3	3	0	175	81918765	785	296	792	308	13.89	0	-2.49	-9.68	200.00	0.00
11	11	ÄÐ	0	10.00	1	0	1	1	0	0	50.00	0	-1	-1	-1	0	60	60	3	3	0	176	81918805	785	295	800	308	19.85	0	-2.51	-9.68	0.00	-200.00
11	11	ÄÐ	0	10.00	1	0	1	1	0	0	50.00	0	-1	-1	-1	0	60	60	3	3	0	177	81918845	785	295	800	300	15.81	0	-2.52	-9.68	0.00	-200.00
11	11	ÄÐ	0	10.00	1	0	1	1	0	0	50.00	0	-1	-1	-1	0	60	60	3	3	0	178	81918896	785	294	800	289	15.81	0	-2.54	-9.67	0.00	-200.00
11	11	ÄÐ	0	10.00	1	0	1	1	0	0	50.00	0	-1	-1	-1	0	60	60	3	3	0	179	81918942	785	294	800	280	20.52	0	-2.55	-9.67	0.00	-200.00
11	11	ÄÐ	0	10.00	1	0	1	1	0	0	50.00	0	-1	-1	-1	0	60	60	3	3	0	180	81918989	784	294	800	271	28.02	0	-2.57	-9.67	0.00	-200.00
11	11	ÄÐ	0	10.00	1	0	1	1	0	0	50.00	0	-1	-1	-1	0	60	60	3	3	0	181	81919029	784	293	800	263	34.00	0	-2.58	-9.66	0.00	0.00
11	11	ÄÐ	0	10.00	1	0	1	1	0	0	50.00	0	-1	-1	-1	0	60	60	3	3	0	182	81919069	784	293	800	263	34.00	0	-2.59	-9.66	0.00	0.00
11	11	ÄÐ	0	10.00	1	0	1	1	0	0	50.00	0	-1	-1	-1	0	60	60	3	3	0	183	81919109	784	292	800	263	33.12	0	-2.60	-9.65	0.00	0.00
11	11	ÄÐ	0	10.00	1	0	1	1	0	0	50.00	0	-1	-1	-1	0	60	60	3	3	0	184	81919160	784	292	800	263	33.12	0	-2.62	-9.65	0.00	0.00
11	11	ÄÐ	0	10.00	1	0	1	1	0	0	50.00	0	-1	-1	-1	0	60	60	3	3	0	185	81919206	784	291	800	263	32.25	0	-2.64	-9.65	0.00	0.00
11	11	ÄÐ	0	10.00	1	0	1	1	0	0	50.00	0	-1	-1	-1	0	60	60	3	3	0	186	81919246	784	291	800	263	32.25	0	-2.65	-9.64	0.00	0.00
11	11	ÄÐ	0	10.00	1	0	1	1	0	0	50.00	0	-1	-1	-1	0	60	60	3	3	0	187	81919286	784	291	800	263	32.25	0	-2.66	-9.64	0.00	0.00
11	11	ÄÐ	0	10.00	1	0	1	1	0	0	50.00	0	-1	-1	-1	0	60	60	3	3	0	188	81919326	784	290	800	263	31.38	0	-2.67	-9.64	0.00	0.00
11	11	ÄÐ	0	10.00	1	0	1	1	0	0	50.00	0	-1	-1	-1	0	60	60	3	3	0	189	81919372	783	290	800	263	31.91	0	-2.69	-9.63	0.00	0.00
11	11	ÄÐ	0	10.00	1	0	1	1	0	0	50.00	0	-1	-1	-1	0	60	60	3	3	0	190	81919412	783	289	800	263	31.06	0	-2.70	-9.63	0.00	0.00
11	11	ÄÐ	0	10.00	1	0	1	1	0	0	50.00	0	-1	-1	-1	0	60	60	3	3	0	191	81919470	783	289	800	263	31.06	0	-2.72	-9.62	0.00	0.00
11	11	ÄÐ	0	10.00	1	0	1	1	0	0	50.00	0	-1	-1	-1	0	60	60	3	3	0	192	81919510	783	288	800	263	30.23	0	-2.73	-9.62	0.00	0.00
11	11	ÄÐ	0	10.00	1	0	1	1	0	0	50.00	0	-1	-1	-1	0	60	60	3	3	0	193	81919554	783	288	800	263	30.23	0	-2.75	-9.61	0.00	0.00
11	11	ÄÐ	0	10.00	1	0	1	1	0	0	50.00	0	-1	-1	-1	0	60	60	3	3	0	194	81919594	783	288	800	263	30.23	0	-2.76	-9.61	-200.00	0.00
11	11	ÄÐ	0	10.00	1	0	1	1	0	0	50.00	0	-1	-1	-1	0	60	60	3	3	0	195	81919640	783	287	790	263	25.00	0	-2.78	-9.61	-200.00	0.00
11	11	ÄÐ	0	10.00	1	0	1	1	0	0	50.00	0	-1	-1	-1	0	60	60	3	3	0	196	81919686	783	287	781	263	24.08	0	-2.79	-9.60	0.00	0.00
11	11	ÄÐ	0	10.00	1	0	1	1	0	0	50.00	0	-1	-1	-1	0	60	60	3	3	0	197	81919726	782	286	781	263	23.02	0	-2.80	-9.60	0.00	0.00
11	11	ÄÐ	0	10.00	1	0	1	1	0	0	50.00	0	-1	-1	-1	0	60	60	3	3	0	198	81919766	782	286	781	263	23.02	0	-2.82	-9.60	0.00	0.00
11	11	ÄÐ	0	10.00	1	0	1	1	0	0	50.00	0	-1	-1	-1	0	60	60	3	3	0	199	81919806	782	286	781	263	23.02	0	-2.83	-9.59	0.00	0.00
11	11	ÄÐ	0	10.00	1	0	1	1	0	0	50.00	0	-1	-1	-1	0	60	60	3	3	0	200	81919846	782	285	781	263	22.02	0	-2.84	-9.59	0.00	0.00
11	11	ÄÐ	0	10.00	1	0	1	1	0	0	50.00	0	-1	-1	-1	0	60	60	3	3	0	201	81919886	782	285	781	263	22.02	0	-2.86	-9.58	0.00	0.00
11	11	ÄÐ	0	10.00	1	0	1	1	0	0	50.00	0	-1	-1	-1	0	60	60	3	3	0	202	81919935	782	284	781	263	21.02	0	-2.87	-9.58	0.00	0.00
11	11	ÄÐ	0	10.00	1	0	1	1	0	0	50.00	0	-1	-1	-1	0	60	60	3	3	0	203	81919975	782	284	781	263	21.02	0	-2.88	-9.58	0.00	0.00
11	11	ÄÐ	0	10.00	1	0	1	1	0	0	50.00	0	-1	-1	-1	0	60	60	3	3	0	204	81920015	782	284	781	263	21.02	0	-2.90	-9.57	0.00	0.00
11	11	ÄÐ	0	10.00	1	0	1	1	0	0	50.00	0	-1	-1	-1	0	60	60	3	3	0	205	81920055	782	283	781	263	20.02	0	-2.91	-9.57	0.00	0.00
11	11	ÄÐ	0	10.00	1	0	1	1	0	0	50.00	0	-1	-1	-1	0	60	60	3	3	0	206	81920106	781	283	781	263	20.00	0	-2.93	-9.56	0.00	0.00
11	11	ÄÐ	0	10.00	1	0	1	1	0	0	50.00	0	-1	-1	-1	0	60	60	3	3	0	207	81920152	781	282	781	263	19.00	0	-2.94	-9.56	0.00	200.00
11	11	ÄÐ	0	10.00	1	0	1	1	0	0	50.00	0	-1	-1	-1	0	60	60	3	3	0	208	81920198	781	282	781	272	10.00	0	-2.96	-9.55	0.00	200.00
11	11	ÄÐ	0	10.00	1	0	1	1	0	0	50.00	0	-1	-1	-1	0	60	60	3	3	0	209	81920238	781	281	781	280	1.00	1	-2.97	-9.55	0.00	200.00
11	11	ÄÐ	0	10.00	1	0	1	1	0	0	50.00	0	-1	-1	-1	0	60	60	3	3	0	210	81920278	781	281	781	288	7.00	1	-2.98	-9.55	0.00	0.00
11	11	ÄÐ	0	10.00	1	0	1	1	0	0	50.00	0	-1	-1	-1	0	60	60	3	3	0	211	81920318	781	281	781	288	7.00	1	-2.99	-9.54	0.00	0.00
11	11	ÄÐ	0	10.00	1	0	1	1	0	0	50.00	0	-1	-1	-1	0	60	60	3	3	0	212	81920369	781	280	781	288	8.00	1	-3.01	-9.54	0.00	0.00
11	11	ÄÐ	0	10.00	1	0	1	1	0	0	50.00	0	-1	-1	-1	0	60	60	3	3	0	213	81920415	780	280	781	288	8.06	1	-3.03	-9.53	0.00	0.00
11	11	ÄÐ	0	10.00	1	0	1	1	0	0	50.00	0	-1	-1	-1	0	60	60	3	3	0	214	81920455	780	279	781	288	9.06	1	-3.04	-9.53	0.00	0.00
11	11	ÄÐ	0	10.00	1	0	1	1	0	0	50.00	0	-1	-1	-1	0	60	60	3	3	0	215	81920495	780	279	781	288	9.06	1	-3.05	-9.52	0.00	0.00
11	11	ÄÐ	0	10.00	1	0	1	1	0	0	50.00	0	-1	-1	-1	0	60	60	3	3	0	216	81920535	780	279	781	288	9.06	1	-3.06	-9.52	0.00	0.00
11	11	ÄÐ	0	10.00	1	0	1	1	0	0	50.00	0	-1	-1	-1	0	60	60	3	3	0	217	81920575	780	278	781	288	10.05	0	-3.08	-9.52	0.00	0.00
11	11	ÄÐ	0	10.00	1	0	1	1	0	0	50.00	0	-1	-1	-1	0	60	60	3	3	0	218	81920615	780	278	781	288	10.05	0	-3.09	-9.51	0.00	0.00
11	11	ÄÐ	0	10.00	1	0	1	1	0	0	50.00	0	-1	-1	-1	0	60	60	3	3	0	219	81920664	780	277	781	288	11.05	0	-3.10	-9.51	0.00	0.00
11	11	ÄÐ	0	10.00	1	0	1	1	0	0	50.00	0	-1	-1	-1	0	60	60	3	3	0	220	81920704	780	277	781	288	11.05	0	-3.12	-9.50	0.00	0.00
11	11	ÄÐ	0	10.00	1	0	1	1	0	0	50.00	0	-1	-1	-1	0	60	60	3	3	0	221	81920744	779	277	781	288	11.18	0	-3.13	-9.50	0.00	0.00
11	11	ÄÐ	0	10.00	1	0	1	1	0	0	50.00	0	-1	-1	-1	0	60	60	3	3	0	222	81920784	779	276	781	288	12.17	0	-3.14	-9.49	0.00	0.00
11	11	ÄÐ	0	10.00	1	0	1	1	0	0	50.00	0	-1	-1	-1	0	60	60	3	3	0	223	81920835	779	276	781	288	12.17	0	-3.16	-9.49	0.00	0.00
11	11	ÄÐ	0	10.00	1	0	1	1	0	0	50.00	0	-1	-1	-1	0	60	60	3	3	0	224	81920881	779	275	781	288	13.15	0	-3.17	-9.48	0.00	0.00
11	11	ÄÐ	0	10.00	1	0	1	1	0	0	50.00	0	-1	-1	-1	0	60	60	3	3	0	225	81920927	779	275	781	288	13.15	0	-3.19	-9.48	0.00	0.00
11	11	ÄÐ	0	10.00	1	0	1	1	0	0	50.00	0	-1	-1	-1	0	60	60	3	3	0	226	81920967	779	274	781	288	14.14	0	-3.20	-9.47	0.00	0.00
11	11	ÄÐ	0	10.00	1	0	1	1	0	0	50.00	0	-1	-1	-1	0	60	60	3	3	0	227	81921007	779	274	781	288	14.14	0	-3.21	-9.47	0.00	-200.00
11	11	ÄÐ	0	10.00	1	0	1	1	0	0	50.00	0	-1	-1	-1	0	60	60	3	3	0	228	81921047	778	274	781	280	6.71	1	-3.23	-9.47	0.00	-200.00
11	11	ÄÐ	0	10.00	1	0	1	1	0	0	50.00	0	-1	-1	-1	0	60	60	3	3	0	229	81921098	778	273	781	270	4.24	1	-3.24	-9.46	0.00	0.00
11	11	ÄÐ	0	10.00	1	0	1	1	0	0	50.00	0	-1	-1	-1	0	60	60	3	3	0	230	81921144	778	273	781	270	4.24	1	-3.26	-9.45	0.00	0.00
11	11	ÄÐ	0	10.00	1	0	1	1	0	0	50.00	0	-1	-1	-1	0	60	60	3	3	0	231	81921184	778	272	781	270	3.61	1	-3.27	-9.45	0.00	0.00
11	11	ÄÐ	0	10.00	1	0	1	1	0	0	50.00	0	-1	-1	-1	0	60	60	3	3	0	232	81921224	778	272	781	270	3.61	1	-3.28	-9.45	0.00	0.00
11	11	ÄÐ	0	10.00	1	0	1	1	0	0	50.00	0	-1	-1	-1	0	60	60	3	3	0	233	81921264	778	272	781	270	3.61	1	-3.29	-9.44	0.00	0.00
11	11	ÄÐ	0	10.00	1	0	1	1	0	0	50.00	0	-1	-1	-1	0	60	60	3	3	0	234	81921304	778	271	781	270	3.16	1	-3.31	-9.44	0.00	0.00
11	11	ÄÐ	0	10.00	1	0	1	1	0	0	50.00	0	-1	-1	-1	0	60	60	3	3	0	235	81921344	777	271	781	270	4.12	1	-3.32	-9.43	0.00	0.00
11	11	ÄÐ	0	10.00	1	0	1	1	0	0	50.00	0	-1	-1	-1	0	60	60	3	3	0	236	81921393	777	270	781	270	4.00	1	-3.34	-9.43	0.00	0.00
11	11	ÄÐ	0	10.00	1	0	1	1	0	0	50.00	0	-1	-1	-1	0	60	60	3	3	0	237	81921433	777	270	781	270	4.00	1	-3.35	-9.42	0.00	0.00
11	11	ÄÐ	0	10.00	1	0	1	1	0	0	50.00	0	-1	-1	-1	0	60	60	3	3	0	238	81921473	777	270	781	270	4.00	1	-3.36	-9.42	0.00	0.00
11	11	ÄÐ	0	10.00	1	0	1	1	0	0	50.00	0	-1	-1	-1	0	60	60	3	3	0	239	81921513	777	269	781	270	4.12	1	-3.37	-9.41	0.00	0.00
11	11	ÄÐ	0	10.00	1	0	1	1	0	0	50.00	0	-1	-1	-1	0	60	60	3	3	0	240	81921564	777	269	781	270	4.12	1	-3.39	-9.41	0.00	0.00
11	11	ÄÐ	0	10.00	1	0	1	1	0	0	50.00	0	-1	-1	-1	0	60	60	3	3	0	241	81921610	777	268	781	270	4.47	1	-3.40	-9.40	0.00	0.00
11	11	ÄÐ	0	10.00	1	0	1	1	0	0	50.00	0	-1	-1	-1	0	60	60	3	3	0	242	81921656	776	268	781	270	5.39	1	-3.42	-9.40	0.00	0.00
11	11	ÄÐ	0	10.00	1	0	1	1	0	0	50.00	0	-1	-1	-1	0	60	60	3	3	0	243	81921696	776	268	781	270	5.39	1	-3.43	-9.39	0.00	0.00
11	11	ÄÐ	0	10.00	1	0	1	1	0	0	50.00	0	-1	-1	-1	0	60	60	3	3	0	244	81921736	776	267	781	270	5.83	1	-3.44	-9.39	0.00	0.00
11	11	ÄÐ	0	10.00	1	0	1	1	0	0	50.00	0	-1	-1	-1	0	60	60	3	3	0	245	81921776	776	267	781	270	5.83	1	-3.46	-9.38	0.00	0.00
11	11	ÄÐ	0	10.00	1	0	1	1	0	0	50.00	0	-1	-1	-1	0	60	60	3	3	0	246	81921827	776	266	781	270	6.40	1	-3.47	-9.38	200.00	200.00
11	11	ÄÐ	0	10.00	1	0	1	1	0	0	50.00	0	-1	-1	-1	0	60	60	3	3	0	247	81921874	776	266	790	279	19.10	0	-3.49	-9.37	200.00	200.00
11	11	ÄÐ	0	10.00	1	0	1	1	0	0	50.00	0	-1	-1	-1	0	60	60	3	3	0	248	81921914	776	266	798	287	30.41	0	-3.50	-9.37	200.00	200.00
11	11	ÄÐ	0	10.00	1	0	1	1	0	0	50.00	0	-1	-1	-1	0	60	60	3	3	0	249	81921954	775	265	806	295	43.14	0	-3.51	-9.36	200.00	200.00
11	11	ÄÐ	0	10.00	1	0	1	1	0	0	50.00	0	-1	-1	-1	0	60	60	3	3	0	250	81921994	775	265	814	303	54.45	0	-3.52	-9.36	200.00	200.00
11	11	ÄÐ	0	10.00	1	0	1	1	0	0	50.00	0	-1	-1	-1	0	60	60	3	3	0	251	81922045	775	264	825	313	70.01	0	-3.54	-9.35	200.00	200.00
11	11	ÄÐ	0	10.00	1	0	1	1	0	0	50.00	0	-1	-1	-1	0	60	60	3	3	0	252	81922091	775	264	834	323	83.44	0	-3.56	-9.35	0.00	0.00
11	11	ÄÐ	0	10.00	1	0	1	1	0	0	50.00	0	-1	-1	-1	0	60	60	3	3	0	253	81922137	775	263	834	323	84.15	0	-3.57	-9.34	0.00	0.00
11	11	ÄÐ	0	10.00	1	0	1	1	0	0	50.00	0	-1	-1	-1	0	60	60	3	3	0	254	81922177	775	263	834	323	84.15	0	-3.58	-9.34	0.00	0.00
11	11	ÄÐ	0	10.00	1	0	1	1	0	0	50.00	0	-1	-1	-1	0	60	60	3	3	0	255	81922217	774	263	834	323	84.85	0	-3.59	-9.33	0.00	0.00
11	11	ÄÐ	0	10.00	1	0	1	1	0	0	50.00	0	-1	-1	-1	0	60	60	3	3	0	256	81922257	774	262	834	323	85.56	0	-3.61	-9.33	-200.00	0.00
11	11	ÄÐ	0	10.00	1	0	1	1	0	0	50.00	0	-1	-1	-1	0	60	60	3	3	0	257	81922308	774	262	824	323	78.87	0	-3.62	-9.32	-200.00	0.00
11	11	ÄÐ	0	10.00	1	0	1	1	0	0	50.00	0	-1	-1	-1	0	60	60	3	3	0	258	81922354	774	261	814	323	73.78	0	-3.64	-9.31	-200.00	0.00
11	11	ÄÐ	0	10.00	1	0	1	1	0	0	50.00	0	-1	-1	-1	0	60	60	3	3	0	259	81922394	774	261	806	323	69.77	0	-3.65	-9.31	-200.00	0.00
11	11	ÄÐ	0	10.00	1	0	1	1	0	0	50.00	0	-1	-1	-1	0	60	60	3	3	0	260	81922434	774	261	798	323	66.48	0	-3.66	-9.31	-200.00	0.00
11	11	ÄÐ	0	10.00	1	0	1	1	0	0	50.00	0	-1	-1	-1	0	60	60	3	3	0	261	81922474	774	260	790	323	65.00	0	-3.68	-9.30	-200.00	0.00
11	11	ÄÐ	0	10.00	1	0	1	1	0	0	50.00	0	-1	-1	-1	0	60	60	3	3	0	262	81922514	773	260	782	323	63.64	0	-3.69	-9.30	0.00	0.00
11	11	ÄÐ	0	10.00	1	0	1	1	0	0	50.00	0	-1	-1	-1	0	60	60	3	3	0	263	81922554	773	260	782	323	63.64	0	-3.70	-9.29	0.00	0.00
11	11	ÄÐ	0	10.00	1	0	1	1	0	0	50.00	0	-1	-1	-1	0	60	60	3	3	0	264	81922603	773	259	782	323	64.63	0	-3.72	-9.28	0.00	0.00
11	11	ÄÐ	0	10.00	1	0	1	1	0	0	50.00	0	-1	-1	-1	0	60	60	3	3	0	265	81922643	773	259	782	323	64.63	0	-3.73	-9.28	0.00	0.00
11	11	ÄÐ	0	10.00	1	0	1	1	0	0	50.00	0	-1	-1	-1	0	60	60	3	3	0	266	81922683	773	258	782	323	65.62	0	-3.74	-9.27	0.00	0.00
11	11	ÄÐ	0	10.00	1	0	1	1	0	0	50.00	0	-1	-1	-1	0	60	60	3	3	0	267	81922723	773	258	782	323	65.62	0	-3.75	-9.27	0.00	0.00
11	11	ÄÐ	0	10.00	1	0	1	1	0	0	50.00	0	-1	-1	-1	0	60	60	3	3	0	268	81922774	772	257	782	323	66.75	0	-3.77	-9.26	0.00	0.00
11	11	ÄÐ	0	10.00	1	0	1	1	0	0	50.00	0	-1	-1	-1	0	60	60	3	3	0	269	81922820	772	257	782	323	66.75	0	-3.78	-9.26	0.00	0.00
11	11	ÄÐ	0	10.00	1	0	1	1	0	0	50.00	0	-1	-1	-1	0	60	60	3	3	0	270	81922866	772	257	782	323	66.75	0	-3.80	-9.25	0.00	0.00
11	11	ÄÐ	0	10.00	1	0	1	1	0	0	50.00	0	-1	-1	-1	0	60	60	3	3	0	271	81922906	772	256	782	323	67.74	0	-3.81	-9.25	0.00	0.00
11	11	ÄÐ	0	10.00	1	0	1	1	0	0	50.00	0	-1	-1	-1	0	60	60	3	3	0	272	81922946	772	256	782	323	67.74	0	-3.82	-9.24	0.00	0.00
11	11	ÄÐ	0	10.00	1	0	1	1	0	0	50.00	0	-1	-1	-1	0	60	60	3	3	0	273	81922986	772	255	782	323	68.73	0	-3.83	-9.24	0.00	-200.00
11	11	ÄÐ	0	10.00	1	0	1	1	0	0	50.00	0	-1	-1	-1	0	60	60	3	3	0	274	81923037	771	255	782	312	58.05	0	-3.85	-9.23	0.00	-200.00
11	11	ÄÐ	0	10.00	1	0	1	1	0	0	50.00	0	-1	-1	-1	0	60	60	3	3	0	275	81923083	771	255	782	303	49.24	0	-3.86	-9.22	0.00	-200.00
11	11	ÄÐ	0	10.00	1	0	1	1	0	0	50.00	0	-1	-1	-1	0	60	60	3	3	0	276	81923123	771	254	782	295	42.45	0	-3.88	-9.22	0.00	0.00
11	11	ÄÐ	0	10.00	1	0	1	1	0	0	50.00	0	-1	-1	-1	0	60	60	3	3	0	277	81923163	771	254	782	295	42.45	0	-3.89	-9.21	0.00	0.00
11	11	ÄÐ	0	10.00	1	0	1	1	0	0	50.00	0	-1	-1	-1	0	60	60	3	3	0	278	81923203	771	253	782	295	43.42	0	-3.90	-9.21	0.00	0.00
11	11	ÄÐ	0	10.00	1	0	1	1	0	0	50.00	0	-1	-1	-1	0	60	60	3	3	0	279	81923243	771	253	782	295	43.42	0	-3.91	-9.20	0.00	0.00
11	11	ÄÐ	0	10.00	1	0	1	1	0	0	50.00	0	-1	-1	-1	0	60	60	3	3	0	280	81923283	770	253	782	295	43.68	0	-3.93	-9.20	0.00	0.00
11	11	ÄÐ	0	10.00	1	0	1	1	0	0	50.00	0	-1	-1	-1	0	60	60	3	3	0	281	81923332	770	252	782	295	44.64	0	-3.94	-9.19	0.00	0.00
11	11	ÄÐ	0	10.00	1	0	1	1	0	0	50.00	0	-1	-1	-1	0	60	60	3	3	0	282	81923372	770	252	782	295	44.64	0	-3.95	-9.19	0.00	0.00
11	11	ÄÐ	0	10.00	1	0	1	1	0	0	50.00	0	-1	-1	-1	0	60	60	3	3	0	283	81923412	770	252	782	295	44.64	0	-3.97	-9.18	0.00	0.00
11	11	ÄÐ	0	10.00	1	0	1	1	0	0	50.00	0	-1	-1	-1	0	60	60	3	3	0	284	81923452	770	251	782	295	45.61	0	-3.98	-9.17	0.00	0.00
11	11	ÄÐ	0	10.00	1	0	1	1	0	0	50.00	0	-1	-1	-1	0	60	60	3	3	0	285	81923503	770	251	782	295	45.61	0	-3.99	-9.17	0.00	0.00
11	11	ÄÐ	0	10.00	1	0	1	1	0	0	50.00	0	-1	-1	-1	0	60	60	3	3	0	286	81923549	769	250	782	295	46.84	0	-4.01	-9.16	0.00	0.00
11	11	ÄÐ	0	10.00	1	0	1	1	0	0	50.00	0	-1	-1	-1	0	60	60	3	3	0	287	81923595	769	250	782	295	46.84	0	-4.02	-9.16	-200.00	-200.00
11	11	ÄÐ	0	10.00	1	0	1	1	0	0	50.00	0	-1	-1	-1	0	60	60	3	3	0	288	81923635	769	249	774	287	38.33	0	-4.03	-9.15	-200.00	-200.00
11	11	ÄÐ	0	10.00	1	0	1	1	0	0	50.00	0	-1	-1	-1	0	60	60	3	3	0	289	81923675	769	249	766	279	30.15	0	-4.05	-9.14	-200.00	-200.00
11	11	ÄÐ	0	10.00	1	0	1	1	0	0	50.00	0	-1	-1	-1	0	60	60	3	3	0	290	81923715	769	249	758	271	24.60	0	-4.06	-9.14	-200.00	-200.00
11	11	ÄÐ	0	10.00	1	0	1	1	0	0	50.00	0	-1	-1	-1	0	60	60	3	3	0	291	81923766	768	248	748	261	23.85	0	-4.07	-9.13	0.00	0.00
11	11	ÄÐ	0	10.00	1	0	1	1	0	0	50.00	0	-1	-1	-1	0	60	60	3	3	0	292	81923812	768	248	748	261	23.85	0	-4.09	-9.13	0.00	0.00
11	11	ÄÐ	0	10.00	1	0	1	1	0	0	50.00	0	-1	-1	-1	0	60	60	3	3	0	293	81923852	768	247	748	261	24.41	0	-4.10	-9.12	0.00	0.00
11	11	ÄÐ	0	10.00	1	0	1	1	0	0	50.00	0	-1	-1	-1	0	60	60	3	3	0	294	81923892	768	247	748	261	24.41	0	-4.11	-9.12	0.00	0.00
11	11	ÄÐ	0	10.00	1	0	1	1	0	0	50.00	0	-1	-1	-1	0	60	60	3	3	0	295	81923932	768	247	748	261	24.41	0	-4.13	-9.11	0.00	0.00
11	11	ÄÐ	0	10.00	1	0	1	1	0	0	50.00	0	-1	-1	-1	0	60	60	3	3	0	296	81923983	768	246	748	261	25.00	0	-4.14	-9.10	0.00	0.00
11	11	ÄÐ	0	10.00	1	0	1	1	0	0	50.00	0	-1	-1	-1	0	60	60	3	3	0	297	81924029	767	246	748	261	24.21	0	-4.15	-9.10	0.00	0.00
11	11	ÄÐ	0	10.00	1	0	1	1	0	0	50.00	0	-1	-1	-1	0	60	60	3	3	0	298	81924075	767	245	748	261	24.84	0	-4.17	-9.09	0.00	0.00
11	11	ÄÐ	0	10.00	1	0	1	1	0	0	50.00	0	-1	-1	-1	0	60	60	3	3	0	299	81924115	767	245	748	261	24.84	0	-4.18	-9.08	0.00	0.00
11	11	ÄÐ	0	10.00	1	0	1	1	0	0	50.00	0	-1	-1	-1	0	60	60	3	3	0	300	81924155	767	245	748	261	24.84	0	-4.19	-9.08	0.00	0.00
11	11	ÄÐ	0	10.00	1	0	1	1	0	0	50.00	0	-1	-1	-1	0	60	60	3	3	0	301	81924195	767	244	748	261	25.50	0	-4.21	-9.07	0.00	0.00
11	11	ÄÐ	0	10.00	1	0	1	1	0	0	50.00	0	-1	-1	-1	0	60	60	3	3	0	302	81924246	766	244	748	261	24.76	0	-4.22	-9.07	0.00	0.00
11	11	ÄÐ	0	10.00	1	0	1	1	0	0	50.00	0	-1	-1	-1	0	60	60	3	3	0	303	81924292	766	243	748	261	25.46	0	-4.24	-9.06	0.00	0.00
11	11	ÄÐ	0	10.00	1	0	1	1	0	0	50.00	0	-1	-1	-1	0	60	60	3	3	0	304	81924332	766	243	748	261	25.46	0	-4.25	-9.05	0.00	0.00
11	11	ÄÐ	0	10.00	1	0	1	1	0	0	50.00	0	-1	-1	-1	0	60	60	3	3	0	305	81924372	766	243	748	261	25.46	0	-4.26	-9.05	0.00	0.00
11	11	ÄÐ	0	10.00	1	0	1	1	0	0	50.00	0	-1	-1	-1	0	60	60	3	3	0	306	81924412	766	242	748	261	26.17	0	-4.27	-9.04	0.00	0.00
11	11	ÄÐ	0	10.00	1	0	1	1	0	0	50.00	0	-1	-1	-1	0	60	60	3	3	0	307	81924452	766	242	748	261	26.17	0	-4.28	-9.04	0.00	0.00
11	11	ÄÐ	0	10.00	1	0	1	1	0	0	50.00	0	-1	-1	-1	0	60	60	3	3	0	308	81924492	765	242	748	261	25.50	0	-4.30	-9.03	0.00	0.00
11	11	ÄÐ	0	10.00	1	0	1	1	0	0	50.00	0	-1	-1	-1	0	60	60	3	3	0	309	81924541	765	241	748	261	26.25	0	-4.31	-9.02	0.00	-200.00
11	11	ÄÐ	0	10.00	1	0	1	1	0	0	50.00	0	-1	-1	-1	0	60	60	3	3	0	310	81924581	765	241	748	253	20.81	0	-4.32	-9.02	0.00	-200.00
11	11	ÄÐ	0	10.00	1	0	1	1	0	0	50.00	0	-1	-1	-1	0	60	60	3	3	0	311	81924621	765	240	748	245	17.72	0	-4.33	-9.01	0.00	-200.00
11	11	ÄÐ	0	10.00	1	0	1	1	0	0	50.00	0	-1	-1	-1	0	60	60	3	3	0	312	81924661	765	240	748	237	17.26	0	-4.35	-9.01	0.00	-200.00
11	11	ÄÐ	0	10.00	1	0	1	1	0	0	50.00	0	-1	-1	-1	0	60	60	3	3	0	313	81924712	764	240	748	226	21.26	0	-4.36	-9.00	0.00	-200.00
11	11	ÄÐ	0	10.00	1	0	1	1	0	0	50.00	0	-1	-1	-1	0	60	60	3	3	0	314	81924758	764	239	748	217	27.20	0	-4.38	-8.99	0.00	0.00
11	11	ÄÐ	0	10.00	1	0	1	1	0	0	50.00	0	-1	-1	-1	0	60	60	3	3	0	315	81924804	764	239	748	217	27.20	0	-4.39	-8.98	0.00	0.00
11	11	ÄÐ	0	10.00	1	0	1	1	0	0	50.00	0	-1	-1	-1	0	60	60	3	3	0	316	81924844	764	238	748	217	26.40	0	-4.40	-8.98	0.00	0.00
11	11	ÄÐ	0	10.00	1	0	1	1	0	0	50.00	0	-1	-1	-1	0	60	60	3	3	0	317	81924884	764	238	748	217	26.40	0	-4.41	-8.97	0.00	0.00
11	11	ÄÐ	0	10.00	1	0	1	1	0	0	50.00	0	-1	-1	-1	0	60	60	3	3	0	318	81924924	764	238	748	217	26.40	0	-4.43	-8.97	0.00	0.00
11	11	ÄÐ	0	10.00	1	0	1	1	0	0	50.00	0	-1	-1	-1	0	60	60	3	3	0	319	81924975	763	237	748	217	25.00	0	-4.44	-8.96	0.00	0.00
11	11	ÄÐ	0	10.00	1	0	1	1	0	0	50.00	0	-1	-1	-1	0	60	60	3	3	0	320	81925021	763	237	748	217	25.00	0	-4.46	-8.95	0.00	0.00
11	11	ÄÐ	0	10.00	1	0	1	1	0	0	50.00	0	-1	-1	-1	0	60	60	3	3	0	321	81925061	763	236	748	217	24.21	0	-4.47	-8.95	0.00	0.00
11	11	ÄÐ	0	10.00	1	0	1	1	0	0	50.00	0	-1	-1	-1	0	60	60	3	3	0	322	81925101	763	236	748	217	24.21	0	-4.48	-8.94	0.00	0.00
11	11	ÄÐ	0	10.00	1	0	1	1	0	0	50.00	0	-1	-1	-1	0	60	60	3	3	0	323	81925141	763	236	748	217	24.21	0	-4.49	-8.93	200.00	0.00
11	11	ÄÐ	0	10.00	1	0	1	1	0	0	50.00	0	-1	-1	-1	0	60	60	3	3	0	324	81925181	762	235	756	217	18.97	0	-4.50	-8.93	200.00	200.00
11	11	ÄÐ	0	10.00	1	0	1	1	0	0	50.00	0	-1	-1	-1	0	60	60	3	3	0	325	81925221	762	235	764	225	10.20	0	-4.51	-8.92	200.00	200.00
11	11	ÄÐ	0	10.00	1	0	1	1	0	0	50.00	0	-1	-1	-1	0	60	60	3	3	0	326	81925270	762	235	774	235	12.00	0	-4.53	-8.92	200.00	200.00
11	11	ÄÐ	0	10.00	1	0	1	1	0	0	50.00	0	-1	-1	-1	0	60	60	3	3	0	327	81925310	762	234	782	243	21.93	0	-4.54	-8.91	200.00	200.00
11	11	ÄÐ	0	10.00	1	0	1	1	0	0	50.00	0	-1	-1	-1	0	60	60	3	3	0	328	81925350	762	234	790	251	32.76	0	-4.55	-8.90	200.00	200.00
11	11	ÄÐ	0	10.00	1	0	1	1	0	0	50.00	0	-1	-1	-1	0	60	60	3	3	0	329	81925390	761	234	798	259	44.65	0	-4.57	-8.90	0.00	0.00
11	11	ÄÐ	0	10.00	1	0	1	1	0	0	50.00	0	-1	-1	-1	0	60	60	3	3	0	330	81925441	761	233	798	259	45.22	0	-4.58	-8.89	0.00	0.00
11	11	ÄÐ	0	10.00	1	0	1	1	0	0	50.00	0	-1	-1	-1	0	60	60	3	3	0	331	81925487	761	233	798	259	45.22	0	-4.59	-8.88	0.00	0.00
11	11	ÄÐ	0	10.00	1	0	1	1	0	0	50.00	0	-1	-1	-1	0	60	60	3	3	0	332	81925533	761	232	798	259	45.80	0	-4.61	-8.87	-200.00	0.00
11	11	ÄÐ	0	10.00	1	0	1	1	0	0	50.00	0	-1	-1	-1	0	60	60	3	3	0	333	81925573	761	232	790	259	39.62	0	-4.62	-8.87	-200.00	0.00
11	11	ÄÐ	0	10.00	1	0	1	1	0	0	50.00	0	-1	-1	-1	0	60	60	3	3	0	334	81925613	760	232	782	259	34.83	0	-4.63	-8.86	-200.00	0.00
11	11	ÄÐ	0	10.00	1	0	1	1	0	0	50.00	0	-1	-1	-1	0	60	60	3	3	0	335	81925653	760	231	774	259	31.30	0	-4.64	-8.86	-200.00	0.00
11	11	ÄÐ	0	10.00	1	0	1	1	0	0	50.00	0	-1	-1	-1	0	60	60	3	3	0	336	81925704	760	231	764	259	28.28	0	-4.66	-8.85	0.00	0.00
11	11	ÄÐ	0	10.00	1	0	1	1	0	0	50.00	0	-1	-1	-1	0	60	60	3	3	0	337	81925750	760	230	764	259	29.27	0	-4.67	-8.84	0.00	0.00
11	11	ÄÐ	0	10.00	1	0	1	1	0	0	50.00	0	-1	-1	-1	0	60	60	3	3	0	338	81925790	760	230	764	259	29.27	0	-4.68	-8.83	0.00	0.00
11	11	ÄÐ	0	10.00	1	0	1	1	0	0	50.00	0	-1	-1	-1	0	60	60	3	3	0	339	81925830	759	230	764	259	29.43	0	-4.70	-8.83	0.00	0.00
11	11	ÄÐ	0	10.00	1	0	1	1	0	0	50.00	0	-1	-1	-1	0	60	60	3	3	0	340	81925870	759	229	764	259	30.41	0	-4.71	-8.82	0.00	0.00
11	11	ÄÐ	0	10.00	1	0	1	1	0	0	50.00	0	-1	-1	-1	0	60	60	3	3	0	341	81925921	759	229	764	259	30.41	0	-4.72	-8.81	0.00	0.00
11	11	ÄÐ	0	10.00	1	0	1	1	0	0	50.00	0	-1	-1	-1	0	60	60	3	3	0	342	81925967	759	228	764	259	31.40	0	-4.74	-8.81	0.00	0.00
11	11	ÄÐ	0	10.00	1	0	1	1	0	0	50.00	0	-1	-1	-1	0	60	60	3	3	0	343	81926013	758	228	764	259	31.58	0	-4.75	-8.80	200.00	-200.00
11	11	ÄÐ	0	10.00	1	0	1	1	0	0	50.00	0	-1	-1	-1	0	60	60	3	3	0	344	81926053	758	228	772	251	26.93	0	-4.76	-8.79	0.00	-200.00
11	11	ÄÐ	0	10.00	1	0	1	1	0	0	50.00	0	-1	-1	-1	0	60	60	3	3	0	345	81926093	758	227	772	243	21.26	0	-4.77	-8.79	0.00	-200.00
11	11	ÄÐ	0	10.00	1	0	1	1	0	0	50.00	0	-1	-1	-1	0	60	60	3	3	0	346	81926133	758	227	772	235	16.12	0	-4.79	-8.78	0.00	0.00
11	11	ÄÐ	0	10.00	1	0	1	1	0	0	50.00	0	-1	-1	-1	0	60	60	3	3	0	347	81926184	758	226	772	235	16.64	0	-4.80	-8.77	0.00	0.00
11	11	ÄÐ	0	10.00	1	0	1	1	0	0	50.00	0	-1	-1	-1	0	60	60	3	3	0	348	81926230	757	226	772	235	17.49	0	-4.81	-8.76	0.00	0.00
11	11	ÄÐ	0	10.00	1	0	1	1	0	0	50.00	0	-1	-1	-1	0	60	60	3	3	0	349	81926270	757	226	772	235	17.49	0	-4.83	-8.76	0.00	0.00
11	11	ÄÐ	0	10.00	1	0	1	1	0	0	50.00	0	-1	-1	-1	0	60	60	3	3	0	350	81926310	757	225	772	235	18.03	0	-4.84	-8.75	0.00	0.00
11	11	ÄÐ	0	10.00	1	0	1	1	0	0	50.00	0	-1	-1	-1	0	60	60	3	3	0	351	81926350	757	225	772	235	18.03	0	-4.85	-8.75	0.00	0.00
11	11	ÄÐ	0	10.00	1	0	1	1	0	0	50.00	0	-1	-1	-1	0	60	60	3	3	0	352	81926390	757	225	772	235	18.03	0	-4.86	-8.74	-200.00	0.00
11	11	ÄÐ	0	10.00	1	0	1	1	0	0	50.00	0	-1	-1	-1	0	60	60	3	3	0	353	81926430	756	224	764	235	13.60	0	-4.87	-8.73	-200.00	0.00
11	11	ÄÐ	0	10.00	1	0	1	1	0	0	50.00	0	-1	-1	-1	0	60	60	3	3	0	354	81926479	756	224	754	235	11.18	0	-4.89	-8.72	-200.00	0.00
11	11	ÄÐ	0	10.00	1	0	1	1	0	0	50.00	0	-1	-1	-1	0	60	60	3	3	0	355	81926519	756	224	746	235	14.87	0	-4.90	-8.72	0.00	0.00
11	11	ÄÐ	0	10.00	1	0	1	1	0	0	50.00	0	-1	-1	-1	0	60	60	3	3	0	356	81926559	756	223	746	235	15.62	0	-4.91	-8.71	0.00	0.00
11	11	ÄÐ	0	10.00	1	0	1	1	0	0	50.00	0	-1	-1	-1	0	60	60	3	3	0	357	81926599	756	223	746	235	15.62	0	-4.92	-8.70	0.00	0.00
11	11	ÄÐ	0	10.00	1	0	1	1	0	0	50.00	0	-1	-1	-1	0	60	60	3	3	0	358	81926650	755	222	746	235	15.81	0	-4.94	-8.70	0.00	0.00
11	11	ÄÐ	0	10.00	1	0	1	1	0	0	50.00	0	-1	-1	-1	0	60	60	3	3	0	359	81926696	755	222	746	235	15.81	0	-4.95	-8.69	0.00	0.00
11	11	ÄÐ	0	10.00	1	0	1	1	0	0	50.00	0	-1	-1	-1	0	60	60	3	3	0	360	81926742	755	222	746	235	15.81	0	-4.96	-8.68	0.00	0.00
11	11	ÄÐ	0	10.00	1	0	1	1	0	0	50.00	0	-1	-1	-1	0	60	60	3	3	0	361	81926782	755	221	746	235	16.64	0	-4.98	-8.67	0.00	0.00
11	11	ÄÐ	0	10.00	1	0	1	1	0	0	50.00	0	-1	-1	-1	0	60	60	3	3	0	362	81926822	755	221	746	235	16.64	0	-4.99	-8.67	0.00	0.00
11	11	ÄÐ	0	10.00	1	0	1	1	0	0	50.00	0	-1	-1	-1	0	60	60	3	3	0	363	81926862	754	221	746	235	16.12	0	-5.00	-8.66	0.00	0.00
11	11	ÄÐ	0	10.00	1	0	1	1	0	0	50.00	0	-1	-1	-1	0	60	60	3	3	0	364	81926913	754	220	746	235	17.00	0	-5.01	-8.65	0.00	0.00
11	11	ÄÐ	0	10.00	1	0	1	1	0	0	50.00	0	-1	-1	-1	0	60	60	3	3	0	365	81926959	754	220	746	235	17.00	0	-5.03	-8.64	0.00	0.00
11	11	ÄÐ	0	10.00	1	0	1	1	0	0	50.00	0	-1	-1	-1	0	60	60	3	3	0	366	81926999	754	219	746	235	17.89	0	-5.04	-8.64	0.00	0.00
11	11	ÄÐ	0	10.00	1	0	1	1	0	0	50.00	0	-1	-1	-1	0	60	60	3	3	0	367	81927039	753	219	746	235	17.46	0	-5.05	-8.63	0.00	0.00
11	11	ÄÐ	0	10.00	1	0	1	1	0	0	50.00	0	-1	-1	-1	0	60	60	3	3	0	368	81927079	753	219	746	235	17.46	0	-5.06	-8.62	0.00	0.00
11	11	ÄÐ	0	10.00	1	0	1	1	0	0	50.00	0	-1	-1	-1	0	60	60	3	3	0	369	81927119	753	218	746	235	18.38	0	-5.07	-8.62	0.00	-200.00
11	11	ÄÐ	0	10.00	1	0	1	1	0	0	50.00	0	-1	-1	-1	0	60	60	3	3	0	370	81927159	753	218	746	227	11.40	0	-5.08	-8.61	0.00	-200.00
11	11	ÄÐ	0	10.00	1	0	1	1	0	0	50.00	0	-1	-1	-1	0	60	60	3	3	0	371	81927208	753	218	746	217	7.07	1	-5.10	-8.60	0.00	-200.00
11	11	ÄÐ	0	10.00	1	0	1	1	0	0	50.00	0	-1	-1	-1	0	60	60	3	3	0	372	81927248	752	217	746	209	10.00	0	-5.11	-8.60	0.00	-200.00
11	11	ÄÐ	0	10.00	1	0	1	1	0	0	50.00	0	-1	-1	-1	0	60	60	3	3	0	373	81927288	752	217	746	201	17.09	0	-5.12	-8.59	0.00	0.00
11	11	ÄÐ	0	10.00	1	0	1	1	0	0	50.00	0	-1	-1	-1	0	60	60	3	3	0	374	81927328	752	216	746	201	16.16	0	-5.13	-8.58	0.00	0.00
11	11	ÄÐ	0	10.00	1	0	1	1	0	0	50.00	0	-1	-1	-1	0	60	60	3	3	0	375	81927379	752	216	746	201	16.16	0	-5.15	-8.57	0.00	0.00
11	11	ÄÐ	0	10.00	1	0	1	1	0	0	50.00	0	-1	-1	-1	0	60	60	3	3	0	376	81927425	751	216	746	201	15.81	0	-5.16	-8.56	0.00	0.00
11	11	ÄÐ	0	10.00	1	0	1	1	0	0	50.00	0	-1	-1	-1	0	60	60	3	3	0	377	81927471	751	215	746	201	14.87	0	-5.17	-8.56	0.00	0.00
11	11	ÄÐ	0	10.00	1	0	1	1	0	0	50.00	0	-1	-1	-1	0	60	60	3	3	0	378	81927511	751	215	746	201	14.87	0	-5.19	-8.55	0.00	0.00
11	11	ÄÐ	0	10.00	1	0	1	1	0	0	50.00	0	-1	-1	-1	0	60	60	3	3	0	379	81927551	751	215	746	201	14.87	0	-5.20	-8.54	0.00	0.00
11	11	ÄÐ	0	10.00	1	0	1	1	0	0	50.00	0	-1	-1	-1	0	60	60	3	3	0	380	81927591	751	214	746	201	13.93	0	-5.21	-8.54	0.00	0.00
11	11	ÄÐ	0	10.00	1	0	1	1	0	0	50.00	0	-1	-1	-1	0	60	60	3	3	0	381	81927642	750	214	746	201	13.60	0	-5.22	-8.53	0.00	0.00
11	11	ÄÐ	0	10.00	1	0	1	1	0	0	50.00	0	-1	-1	-1	0	60	60	3	3	0	382	81927688	750	213	746	201	12.65	0	-5.24	-8.52	0.00	0.00
11	11	ÄÐ	0	10.00	1	0	1	1	0	0	50.00	0	-1	-1	-1	0	60	60	3	3	0	383	81927728	750	213	746	201	12.65	0	-5.25	-8.51	0.00	0.00
11	11	ÄÐ	0	10.00	1	0	1	1	0	0	50.00	0	-1	-1	-1	0	60	60	3	3	0	384	81927768	750	213	746	201	12.65	0	-5.26	-8.50	0.00	0.00
11	11	ÄÐ	0	10.00	1	0	1	1	0	0	50.00	0	-1	-1	-1	0	60	60	3	3	0	385	81927808	749	212	746	201	11.40	0	-5.27	-8.50	0.00	0.00
11	11	ÄÐ	0	10.00	1	0	1	1	0	0	50.00	0	-1	-1	-1	0	60	60	3	3	0	386	81927848	749	212	746	201	11.40	0	-5.28	-8.49	0.00	0.00
11	11	ÄÐ	0	10.00	1	0	1	1	0	0	50.00	0	-1	-1	-1	0	60	60	3	3	0	387	81927888	749	212	746	201	11.40	0	-5.29	-8.48	0.00	0.00
11	11	ÄÐ	0	10.00	1	0	1	1	0	0	50.00	0	-1	-1	-1	0	60	60	3	3	0	388	81927937	749	211	746	201	10.44	0	-5.31	-8.48	0.00	0.00
11	11	ÄÐ	0	10.00	1	0	1	1	0	0	50.00	0	-1	-1	-1	0	60	60	3	3	0	389	81927977	749	211	746	201	10.44	0	-5.32	-8.47	0.00	0.00
11	11	ÄÐ	0	10.00	1	0	1	1	0	0	50.00	0	-1	-1	-1	0	60	60	3	3	0	390	81928017	748	211	746	201	10.20	0	-5.33	-8.46	0.00	0.00
11	11	ÄÐ	0	10.00	1	0	1	1	0	0	50.00	0	-1	-1	-1	0	60	60	3	3	0	391	81928057	748	210	746	201	9.22	1	-5.34	-8.45	0.00	0.00
11	11	ÄÐ	0	10.00	1	0	1	1	0	0	50.00	0	-1	-1	-1	0	60	60	3	3	0	392	81928109	748	210	746	201	9.22	1	-5.36	-8.44	0.00	200.00
11	11	ÄÐ	0	10.00	1	0	1	1	0	0	50.00	0	-1	-1	-1	0	60	60	3	3	0	393	81928154	748	209	746	210	2.24	1	-5.37	-8.44	200.00	200.00
11	11	ÄÐ	0	10.00	1	0	1	1	0	0	50.00	0	-1	-1	-1	0	60	60	3	3	0	394	81928200	747	209	755	220	13.60	0	-5.38	-8.43	200.00	200.00
11	11	ÄÐ	0	10.00	1	0	1	1	0	0	50.00	0	-1	-1	-1	0	60	60	3	3	0	395	81928240	747	209	763	228	24.84	0	-5.39	-8.42	200.00	200.00
11	11	ÄÐ	0	10.00	1	0	1	1	0	0	50.00	0	-1	-1	-1	0	60	60	3	3	0	396	81928280	747	208	771	236	36.88	0	-5.40	-8.41	0.00	0.00
11	11	ÄÐ	0	10.00	1	0	1	1	0	0	50.00	0	-1	-1	-1	0	60	60	3	3	0	397	81928320	747	208	771	236	36.88	0	-5.42	-8.41	0.00	0.00
11	11	ÄÐ	0	10.00	1	0	1	1	0	0	50.00	0	-1	-1	-1	0	60	60	3	3	0	398	81928371	746	208	771	236	37.54	0	-5.43	-8.40	0.00	0.00
11	11	ÄÐ	0	10.00	1	0	1	1	0	0	50.00	0	-1	-1	-1	0	60	60	3	3	0	399	81928417	746	207	771	236	38.29	0	-5.44	-8.39	0.00	0.00
11	11	ÄÐ	0	10.00	1	0	1	1	0	0	50.00	0	-1	-1	-1	0	60	60	3	3	0	400	81928457	746	207	771	236	38.29	0	-5.45	-8.38	0.00	0.00
11	11	ÄÐ	0	10.00	1	0	1	1	0	0	50.00	0	-1	-1	-1	0	60	60	3	3	0	401	81928497	746	207	771	236	38.29	0	-5.47	-8.37	0.00	0.00
11	11	ÄÐ	0	10.00	1	0	1	1	0	0	50.00	0	-1	-1	-1	0	60	60	3	3	0	402	81928537	745	206	771	236	39.70	0	-5.48	-8.37	0.00	0.00
11	11	ÄÐ	0	10.00	1	0	1	1	0	0	50.00	0	-1	-1	-1	0	60	60	3	3	0	403	81928588	745	206	771	236	39.70	0	-5.49	-8.36	-200.00	-200.00
11	11	ÄÐ	0	10.00	1	0	1	1	0	0	50.00	0	-1	-1	-1	0	60	60	3	3	0	404	81928634	745	205	762	226	27.02	0	-5.50	-8.35	-200.00	-200.00
11	11	ÄÐ	0	10.00	1	0	1	1	0	0	50.00	0	-1	-1	-1	0	60	60	3	3	0	405	81928680	745	205	752	217	13.89	0	-5.52	-8.34	0.00	0.00
11	11	ÄÐ	0	10.00	1	0	1	1	0	0	50.00	0	-1	-1	-1	0	60	60	3	3	0	406	81928720	744	205	752	217	14.42	0	-5.53	-8.33	0.00	0.00
11	11	ÄÐ	0	10.00	1	0	1	1	0	0	50.00	0	-1	-1	-1	0	60	60	3	3	0	407	81928760	744	204	752	217	15.26	0	-5.54	-8.33	0.00	0.00
