ID	Name	Sex	Session	DistanceError	PracMode	ExperMode	MainTask	SubTask	Background	InitSpeed	CubeNum1	CubeNum2	CubeNum3	CubeNum4	Prototype	RefAxis	MemTaskMode	PracTime	ExperTime	PracTimes	ExperTimes	Pra_Test	PointNum	PointTime	ObjPointX	ObjPointY	PostPointX	PostPointY	Distance	Hit	ObjSpeedX	ObjSpeedY	PostSpeedX	PostSpeedY
11	11	ÄÐ	0	10.00	1	0	1	1	0	0.00	1	0	0	0	0	0	0	60	60	1	1	0	1	68264743	938	371	638	371	300.00	0	-0.00	-10.00	0.00	0.00
11	11	ÄÐ	0	10.00	1	0	1	1	0	0.00	1	0	0	0	0	0	0	60	60	1	1	0	2	68264783	937	370	638	371	299.00	0	-0.01	-10.00	-200.00	0.00
11	11	ÄÐ	0	10.00	1	0	1	1	0	0.00	1	0	0	0	0	0	0	60	60	1	1	0	3	68264823	937	370	629	371	308.00	0	-0.03	-10.00	-200.00	0.00
11	11	ÄÐ	0	10.00	1	0	1	1	0	0.00	1	0	0	0	0	0	0	60	60	1	1	0	4	68264863	937	369	621	371	316.01	0	-0.04	-10.00	-200.00	200.00
11	11	ÄÐ	0	10.00	1	0	1	1	0	0.00	1	0	0	0	0	0	0	60	60	1	1	0	5	68264903	937	369	613	379	324.15	0	-0.05	-10.00	-200.00	200.00
11	11	ÄÐ	0	10.00	1	0	1	1	0	0.00	1	0	0	0	0	0	0	60	60	1	1	0	6	68264943	937	369	605	387	332.49	0	-0.07	-10.00	-200.00	200.00
11	11	ÄÐ	0	10.00	1	0	1	1	0	0.00	1	0	0	0	0	0	0	60	60	1	1	0	7	68264983	937	368	597	395	341.07	0	-0.08	-10.00	-200.00	200.00
11	11	ÄÐ	0	10.00	1	0	1	1	0	0.00	1	0	0	0	0	0	0	60	60	1	1	0	8	68265023	937	368	589	403	349.76	0	-0.09	-10.00	-200.00	200.00
11	11	ÄÐ	0	10.00	1	0	1	1	0	0.00	1	0	0	0	0	0	0	60	60	1	1	0	9	68265063	937	367	581	411	358.71	0	-0.11	-10.00	-200.00	200.00
11	11	ÄÐ	0	10.00	1	0	1	1	0	0.00	1	0	0	0	0	0	0	60	60	1	1	0	10	68265103	937	367	573	419	367.70	0	-0.12	-10.00	-200.00	200.00
11	11	ÄÐ	0	10.00	1	0	1	1	0	0.00	1	0	0	0	0	0	0	60	60	1	1	0	11	68265143	937	366	565	427	376.97	0	-0.13	-10.00	-200.00	200.00
11	11	ÄÐ	0	10.00	1	0	1	1	0	0.00	1	0	0	0	0	0	0	60	60	1	1	0	12	68265183	937	366	557	435	386.21	0	-0.15	-10.00	0.00	200.00
11	11	ÄÐ	0	10.00	1	0	1	1	0	0.00	1	0	0	0	0	0	0	60	60	1	1	0	13	68265223	937	366	557	443	387.72	0	-0.16	-10.00	0.00	200.00
11	11	ÄÐ	0	10.00	1	0	1	1	0	0.00	1	0	0	0	0	0	0	60	60	1	1	0	14	68265263	937	365	557	451	389.61	0	-0.17	-10.00	200.00	200.00
11	11	ÄÐ	0	10.00	1	0	1	1	0	0.00	1	0	0	0	0	0	0	60	60	1	1	0	15	68265303	937	365	565	459	383.69	0	-0.19	-10.00	200.00	200.00
11	11	ÄÐ	0	10.00	1	0	1	1	0	0.00	1	0	0	0	0	0	0	60	60	1	1	0	16	68265343	937	364	573	467	378.29	0	-0.20	-10.00	200.00	200.00
11	11	ÄÐ	0	10.00	1	0	1	1	0	0.00	1	0	0	0	0	0	0	60	60	1	1	0	17	68265383	937	364	581	475	372.90	0	-0.21	-10.00	200.00	200.00
11	11	ÄÐ	0	10.00	1	0	1	1	0	0.00	1	0	0	0	0	0	0	60	60	1	1	0	18	68265423	937	364	589	483	367.78	0	-0.23	-10.00	200.00	200.00
11	11	ÄÐ	0	10.00	1	0	1	1	0	0.00	1	0	0	0	0	0	0	60	60	1	1	0	19	68265463	937	363	597	491	363.30	0	-0.24	-10.00	200.00	0.00
11	11	ÄÐ	0	10.00	1	0	1	1	0	0.00	1	0	0	0	0	0	0	60	60	1	1	0	20	68265503	937	363	605	491	355.82	0	-0.25	-10.00	200.00	0.00
11	11	ÄÐ	0	10.00	1	0	1	1	0	0.00	1	0	0	0	0	0	0	60	60	1	1	0	21	68265543	937	362	613	491	348.74	0	-0.27	-10.00	200.00	0.00
11	11	ÄÐ	0	10.00	1	0	1	1	0	0.00	1	0	0	0	0	0	0	60	60	1	1	0	22	68265583	937	362	621	491	341.32	0	-0.28	-10.00	200.00	0.00
11	11	ÄÐ	0	10.00	1	0	1	1	0	0.00	1	0	0	0	0	0	0	60	60	1	1	0	23	68265623	937	362	629	491	333.92	0	-0.29	-10.00	200.00	-200.00
11	11	ÄÐ	0	10.00	1	0	1	1	0	0.00	1	0	0	0	0	0	0	60	60	1	1	0	24	68265663	937	361	637	483	323.86	0	-0.31	-10.00	0.00	-200.00
11	11	ÄÐ	0	10.00	1	0	1	1	0	0.00	1	0	0	0	0	0	0	60	60	1	1	0	25	68265703	937	361	637	475	320.93	0	-0.32	-9.99	0.00	-200.00
11	11	ÄÐ	0	10.00	1	0	1	1	0	0.00	1	0	0	0	0	0	0	60	60	1	1	0	26	68265743	937	361	637	467	318.18	0	-0.33	-9.99	-200.00	-200.00
11	11	ÄÐ	0	10.00	1	0	1	1	0	0.00	1	0	0	0	0	0	0	60	60	1	1	0	27	68265783	937	360	629	459	323.52	0	-0.35	-9.99	-200.00	-200.00
11	11	ÄÐ	0	10.00	1	0	1	1	0	0.00	1	0	0	0	0	0	0	60	60	1	1	0	28	68265823	937	360	621	451	328.84	0	-0.36	-9.99	-200.00	0.00
11	11	ÄÐ	0	10.00	1	0	1	1	0	0.00	1	0	0	0	0	0	0	60	60	1	1	0	29	68265863	937	359	613	451	336.81	0	-0.37	-9.99	-200.00	0.00
11	11	ÄÐ	0	10.00	1	0	1	1	0	0.00	1	0	0	0	0	0	0	60	60	1	1	0	30	68265903	937	359	605	451	344.51	0	-0.39	-9.99	-200.00	0.00
11	11	ÄÐ	0	10.00	1	0	1	1	0	0.00	1	0	0	0	0	0	0	60	60	1	1	0	31	68265943	937	359	597	451	352.23	0	-0.40	-9.99	-200.00	0.00
11	11	ÄÐ	0	10.00	1	0	1	1	0	0.00	1	0	0	0	0	0	0	60	60	1	1	0	32	68265983	937	358	589	451	360.21	0	-0.41	-9.99	-200.00	200.00
11	11	ÄÐ	0	10.00	1	0	1	1	0	0.00	1	0	0	0	0	0	0	60	60	1	1	0	33	68266023	937	358	581	459	370.05	0	-0.43	-9.99	-200.00	200.00
11	11	ÄÐ	0	10.00	1	0	1	1	0	0.00	1	0	0	0	0	0	0	60	60	1	1	0	34	68266063	937	357	573	467	380.26	0	-0.44	-9.99	-200.00	200.00
11	11	ÄÐ	0	10.00	1	0	1	1	0	0.00	1	0	0	0	0	0	0	60	60	1	1	0	35	68266103	937	357	565	475	390.27	0	-0.45	-9.99	-200.00	200.00
11	11	ÄÐ	0	10.00	1	0	1	1	0	0.00	1	0	0	0	0	0	0	60	60	1	1	0	36	68266143	937	357	557	483	400.34	0	-0.47	-9.99	0.00	200.00
11	11	ÄÐ	0	10.00	1	0	1	1	0	0.00	1	0	0	0	0	0	0	60	60	1	1	0	37	68266183	937	356	557	491	403.27	0	-0.48	-9.99	0.00	200.00
11	11	ÄÐ	0	10.00	1	0	1	1	0	0.00	1	0	0	0	0	0	0	60	60	1	1	0	38	68266223	937	356	557	499	406.02	0	-0.49	-9.99	200.00	200.00
11	11	ÄÐ	0	10.00	1	0	1	1	0	0.00	1	0	0	0	0	0	0	60	60	1	1	0	39	68266263	937	355	565	507	401.86	0	-0.51	-9.99	200.00	200.00
11	11	ÄÐ	0	10.00	1	0	1	1	0	0.00	1	0	0	0	0	0	0	60	60	1	1	0	40	68266303	937	355	573	515	397.61	0	-0.52	-9.99	200.00	200.00
11	11	ÄÐ	0	10.00	1	0	1	1	0	0.00	1	0	0	0	0	0	0	60	60	1	1	0	41	68266343	937	355	581	523	393.65	0	-0.53	-9.99	200.00	0.00
11	11	ÄÐ	0	10.00	1	0	1	1	0	0.00	1	0	0	0	0	0	0	60	60	1	1	0	42	68266383	937	354	589	523	386.87	0	-0.55	-9.99	200.00	0.00
11	11	ÄÐ	0	10.00	1	0	1	1	0	0.00	1	0	0	0	0	0	0	60	60	1	1	0	43	68266423	937	354	597	523	379.69	0	-0.56	-9.98	200.00	0.00
11	11	ÄÐ	0	10.00	1	0	1	1	0	0.00	1	0	0	0	0	0	0	60	60	1	1	0	44	68266463	937	353	605	523	372.99	0	-0.57	-9.98	200.00	0.00
11	11	ÄÐ	0	10.00	1	0	1	1	0	0.00	1	0	0	0	0	0	0	60	60	1	1	0	45	68266503	937	353	613	523	365.89	0	-0.59	-9.98	0.00	0.00
11	11	ÄÐ	0	10.00	1	0	1	1	0	0.00	1	0	0	0	0	0	0	60	60	1	1	0	46	68266543	937	353	613	523	365.89	0	-0.60	-9.98	-200.00	0.00
11	11	ÄÐ	0	10.00	1	0	1	1	0	0.00	1	0	0	0	0	0	0	60	60	1	1	0	47	68266583	937	352	605	523	373.45	0	-0.61	-9.98	-200.00	0.00
11	11	ÄÐ	0	10.00	1	0	1	1	0	0.00	1	0	0	0	0	0	0	60	60	1	1	0	48	68266623	937	352	597	523	380.58	0	-0.63	-9.98	-200.00	0.00
11	11	ÄÐ	0	10.00	1	0	1	1	0	0.00	1	0	0	0	0	0	0	60	60	1	1	0	49	68266663	937	351	589	523	388.19	0	-0.64	-9.98	-200.00	200.00
11	11	ÄÐ	0	10.00	1	0	1	1	0	0.00	1	0	0	0	0	0	0	60	60	1	1	0	50	68266707	937	351	581	531	398.92	0	-0.65	-9.98	-200.00	200.00
11	11	ÄÐ	0	10.00	1	0	1	1	0	0.00	1	0	0	0	0	0	0	60	60	1	1	0	51	68266747	937	350	573	539	410.14	0	-0.67	-9.98	-200.00	200.00
11	11	ÄÐ	0	10.00	1	0	1	1	0	0.00	1	0	0	0	0	0	0	60	60	1	1	0	52	68266787	937	350	565	547	420.94	0	-0.68	-9.98	-200.00	200.00
11	11	ÄÐ	0	10.00	1	0	1	1	0	0.00	1	0	0	0	0	0	0	60	60	1	1	0	53	68266827	937	350	557	555	431.77	0	-0.69	-9.98	0.00	200.00
11	11	ÄÐ	0	10.00	1	0	1	1	0	0.00	1	0	0	0	0	0	0	60	60	1	1	0	54	68266867	937	349	557	563	436.11	0	-0.71	-9.97	0.00	200.00
11	11	ÄÐ	0	10.00	1	0	1	1	0	0.00	1	0	0	0	0	0	0	60	60	1	1	0	55	68266907	937	349	557	571	440.10	0	-0.72	-9.97	200.00	200.00
11	11	ÄÐ	0	10.00	1	0	1	1	0	0.00	1	0	0	0	0	0	0	60	60	1	1	0	56	68266947	937	348	565	579	437.89	0	-0.73	-9.97	200.00	200.00
11	11	ÄÐ	0	10.00	1	0	1	1	0	0.00	1	0	0	0	0	0	0	60	60	1	1	0	57	68266987	937	348	573	587	435.45	0	-0.75	-9.97	0.00	0.00
11	11	ÄÐ	0	10.00	1	0	1	1	0	0.00	1	0	0	0	0	0	0	60	60	1	1	0	58	68267027	937	348	573	587	435.45	0	-0.76	-9.97	0.00	0.00
11	11	ÄÐ	0	10.00	1	0	1	1	0	0.00	1	0	0	0	0	0	0	60	60	1	1	0	59	68267067	937	347	573	587	436.00	0	-0.77	-9.97	0.00	0.00
11	11	ÄÐ	0	10.00	1	0	1	1	0	0.00	1	0	0	0	0	0	0	60	60	1	1	0	60	68267107	937	347	573	587	436.00	0	-0.79	-9.97	0.00	0.00
11	11	ÄÐ	0	10.00	1	0	1	1	0	0.00	1	0	0	0	0	0	0	60	60	1	1	0	61	68267147	937	346	573	587	436.55	0	-0.80	-9.97	0.00	0.00
11	11	ÄÐ	0	10.00	1	0	1	1	0	0.00	1	0	0	0	0	0	0	60	60	1	1	0	62	68267187	937	346	573	587	436.55	0	-0.81	-9.97	0.00	0.00
11	11	ÄÐ	0	10.00	1	0	1	1	0	0.00	1	0	0	0	0	0	0	60	60	1	1	0	63	68267227	936	346	573	587	435.72	0	-0.83	-9.97	0.00	0.00
11	11	ÄÐ	0	10.00	1	0	1	1	0	0.00	1	0	0	0	0	0	0	60	60	1	1	0	64	68267267	936	345	573	587	436.27	0	-0.84	-9.96	0.00	0.00
11	11	ÄÐ	0	10.00	1	0	1	1	0	0.00	1	0	0	0	0	0	0	60	60	1	1	0	65	68267307	936	345	573	587	436.27	0	-0.85	-9.96	0.00	0.00
11	11	ÄÐ	0	10.00	1	0	1	1	0	0.00	1	0	0	0	0	0	0	60	60	1	1	0	66	68267347	936	344	573	587	436.83	0	-0.87	-9.96	0.00	0.00
11	11	ÄÐ	0	10.00	1	0	1	1	0	0.00	1	0	0	0	0	0	0	60	60	1	1	0	67	68267387	936	344	573	587	436.83	0	-0.88	-9.96	0.00	0.00
11	11	ÄÐ	0	10.00	1	0	1	1	0	0.00	1	0	0	0	0	0	0	60	60	1	1	0	68	68267427	936	344	573	587	436.83	0	-0.89	-9.96	0.00	0.00
11	11	ÄÐ	0	10.00	1	0	1	1	0	0.00	1	0	0	0	0	0	0	60	60	1	1	0	69	68267467	936	343	573	587	437.38	0	-0.91	-9.96	0.00	0.00
11	11	ÄÐ	0	10.00	1	0	1	1	0	0.00	1	0	0	0	0	0	0	60	60	1	1	0	70	68267507	936	343	573	587	437.38	0	-0.92	-9.96	0.00	0.00
11	11	ÄÐ	0	10.00	1	0	1	1	0	0.00	1	0	0	0	0	0	0	60	60	1	1	0	71	68267547	936	342	573	587	437.94	0	-0.93	-9.96	0.00	0.00
11	11	ÄÐ	0	10.00	1	0	1	1	0	0.00	1	0	0	0	0	0	0	60	60	1	1	0	72	68267587	936	342	573	587	437.94	0	-0.95	-9.96	0.00	0.00
11	11	ÄÐ	0	10.00	1	0	1	1	0	0.00	1	0	0	0	0	0	0	60	60	1	1	0	73	68267627	936	342	573	587	437.94	0	-0.96	-9.95	0.00	0.00
11	11	ÄÐ	0	10.00	1	0	1	1	0	0.00	1	0	0	0	0	0	0	60	60	1	1	0	74	68267667	936	341	573	587	438.50	0	-0.97	-9.95	0.00	0.00
11	11	ÄÐ	0	10.00	1	0	1	1	0	0.00	1	0	0	0	0	0	0	60	60	1	1	0	75	68267707	936	341	573	587	438.50	0	-0.99	-9.95	0.00	0.00
