ID	Name	Sex	Session	DistanceError	PracMode	ExperMode	MainTask	SubTask	Background	InitSpeed	CubeNum1	CubeNum2	CubeNum3	CubeNum4	Prototype	RefAxis	MemTaskMode	PracTime	ExperTime	PracTimes	ExperTimes	Pra_Test	PointNum	PointTime	ObjPointX	ObjPointY	PostPointX	PostPointY	Distance	Hit	ObjSpeedX	ObjSpeedY	PostSpeedX	PostSpeedY
11	11	ÄÐ	0	10.00	1	0	1	1	0	0.00	1	0	0	0	0	0	0	60	60	1	1	0	1	45699968	988	371	638	371	350.00	0	-0.00	-10.00	0.00	0.00
11	11	ÄÐ	0	10.00	1	0	1	1	0	0.00	1	0	0	0	0	0	0	60	60	1	1	0	2	45700008	987	370	638	371	349.00	0	-0.01	-10.00	200.00	-200.00
11	11	ÄÐ	0	10.00	1	0	1	1	0	0.00	1	0	0	0	0	0	0	60	60	1	1	0	3	45700048	987	370	646	363	341.07	0	-0.02	-10.00	200.00	-200.00
11	11	ÄÐ	0	10.00	1	0	1	1	0	0.00	1	0	0	0	0	0	0	60	60	1	1	0	4	45700088	987	369	654	354	333.34	0	-0.03	-10.00	200.00	-200.00
11	11	ÄÐ	0	10.00	1	0	1	1	0	0.00	1	0	0	0	0	0	0	60	60	1	1	0	5	45700128	987	369	662	346	325.81	0	-0.05	-10.00	200.00	-200.00
11	11	ÄÐ	0	10.00	1	0	1	1	0	0.00	1	0	0	0	0	0	0	60	60	1	1	0	6	45700168	987	369	670	338	318.51	0	-0.06	-10.00	200.00	-200.00
11	11	ÄÐ	0	10.00	1	0	1	1	0	0.00	1	0	0	0	0	0	0	60	60	1	1	0	7	45700208	987	368	678	330	311.33	0	-0.07	-10.00	200.00	-200.00
11	11	ÄÐ	0	10.00	1	0	1	1	0	0.00	1	0	0	0	0	0	0	60	60	1	1	0	8	45700248	987	368	686	322	304.49	0	-0.08	-10.00	200.00	-200.00
11	11	ÄÐ	0	10.00	1	0	1	1	0	0.00	1	0	0	0	0	0	0	60	60	1	1	0	9	45700288	987	367	694	314	297.75	0	-0.09	-10.00	200.00	-200.00
11	11	ÄÐ	0	10.00	1	0	1	1	0	0.00	1	0	0	0	0	0	0	60	60	1	1	0	10	45700328	987	367	702	306	291.45	0	-0.10	-10.00	200.00	-200.00
11	11	ÄÐ	0	10.00	1	0	1	1	0	0.00	1	0	0	0	0	0	0	60	60	1	1	0	11	45700368	987	367	710	298	285.46	0	-0.11	-10.00	200.00	-200.00
11	11	ÄÐ	0	10.00	1	0	1	1	0	0.00	1	0	0	0	0	0	0	60	60	1	1	0	12	45700408	987	366	718	290	279.53	0	-0.13	-10.00	200.00	-200.00
11	11	ÄÐ	0	10.00	1	0	1	1	0	0.00	1	0	0	0	0	0	0	60	60	1	1	0	13	45700448	987	366	726	282	274.18	0	-0.14	-10.00	200.00	-200.00
11	11	ÄÐ	0	10.00	1	0	1	1	0	0.00	1	0	0	0	0	0	0	60	60	1	1	0	14	45700488	987	365	734	274	268.87	0	-0.15	-10.00	200.00	-200.00
11	11	ÄÐ	0	10.00	1	0	1	1	0	0.00	1	0	0	0	0	0	0	60	60	1	1	0	15	45700528	987	365	742	266	264.25	0	-0.16	-10.00	200.00	-200.00
11	11	ÄÐ	0	10.00	1	0	1	1	0	0.00	1	0	0	0	0	0	0	60	60	1	1	0	16	45700568	987	365	750	258	260.03	0	-0.17	-10.00	200.00	-200.00
11	11	ÄÐ	0	10.00	1	0	1	1	0	0.00	1	0	0	0	0	0	0	60	60	1	1	0	17	45700608	987	364	758	250	255.81	0	-0.18	-10.00	200.00	-200.00
11	11	ÄÐ	0	10.00	1	0	1	1	0	0.00	1	0	0	0	0	0	0	60	60	1	1	0	18	45700648	987	364	766	242	252.44	0	-0.19	-10.00	200.00	-200.00
11	11	ÄÐ	0	10.00	1	0	1	1	0	0.00	1	0	0	0	0	0	0	60	60	1	1	0	19	45700688	987	363	774	234	249.02	0	-0.21	-10.00	200.00	-200.00
11	11	ÄÐ	0	10.00	1	0	1	1	0	0.00	1	0	0	0	0	0	0	60	60	1	1	0	20	45700728	987	363	782	226	246.56	0	-0.22	-10.00	200.00	0.00
11	11	ÄÐ	0	10.00	1	0	1	1	0	0.00	1	0	0	0	0	0	0	60	60	1	1	0	21	45700768	987	363	790	226	239.95	0	-0.23	-10.00	0.00	0.00
11	11	ÄÐ	0	10.00	1	0	1	1	0	0.00	1	0	0	0	0	0	0	60	60	1	1	0	22	45700808	987	362	790	226	239.38	0	-0.24	-10.00	0.00	0.00
11	11	ÄÐ	0	10.00	1	0	1	1	0	0.00	1	0	0	0	0	0	0	60	60	1	1	0	23	45700848	987	362	790	226	239.38	0	-0.25	-10.00	0.00	0.00
11	11	ÄÐ	0	10.00	1	0	1	1	0	0.00	1	0	0	0	0	0	0	60	60	1	1	0	24	45700888	987	361	790	226	238.82	0	-0.26	-10.00	0.00	0.00
11	11	ÄÐ	0	10.00	1	0	1	1	0	0.00	1	0	0	0	0	0	0	60	60	1	1	0	25	45700928	987	361	790	226	238.82	0	-0.27	-10.00	0.00	0.00
11	11	ÄÐ	0	10.00	1	0	1	1	0	0.00	1	0	0	0	0	0	0	60	60	1	1	0	26	45700968	987	361	790	226	238.82	0	-0.29	-10.00	0.00	0.00
11	11	ÄÐ	0	10.00	1	0	1	1	0	0.00	1	0	0	0	0	0	0	60	60	1	1	0	27	45701008	987	360	790	226	238.25	0	-0.30	-10.00	0.00	0.00
11	11	ÄÐ	0	10.00	1	0	1	1	0	0.00	1	0	0	0	0	0	0	60	60	1	1	0	28	45701048	987	360	790	226	238.25	0	-0.31	-10.00	0.00	0.00
11	11	ÄÐ	0	10.00	1	0	1	1	0	0.00	1	0	0	0	0	0	0	60	60	1	1	0	29	45701088	987	359	790	226	237.69	0	-0.32	-9.99	0.00	0.00
11	11	ÄÐ	0	10.00	1	0	1	1	0	0.00	1	0	0	0	0	0	0	60	60	1	1	0	30	45701128	987	359	790	226	237.69	0	-0.33	-9.99	0.00	0.00
11	11	ÄÐ	0	10.00	1	0	1	1	0	0.00	1	0	0	0	0	0	0	60	60	1	1	0	31	45701168	987	359	790	226	237.69	0	-0.34	-9.99	0.00	0.00
11	11	ÄÐ	0	10.00	1	0	1	1	0	0.00	1	0	0	0	0	0	0	60	60	1	1	0	32	45701208	987	358	790	226	237.13	0	-0.35	-9.99	0.00	0.00
11	11	ÄÐ	0	10.00	1	0	1	1	0	0.00	1	0	0	0	0	0	0	60	60	1	1	0	33	45701248	987	358	790	226	237.13	0	-0.37	-9.99	0.00	0.00
11	11	ÄÐ	0	10.00	1	0	1	1	0	0.00	1	0	0	0	0	0	0	60	60	1	1	0	34	45701288	987	357	790	226	236.58	0	-0.38	-9.99	0.00	0.00
11	11	ÄÐ	0	10.00	1	0	1	1	0	0.00	1	0	0	0	0	0	0	60	60	1	1	0	35	45701328	987	357	790	226	236.58	0	-0.39	-9.99	0.00	0.00
11	11	ÄÐ	0	10.00	1	0	1	1	0	0.00	1	0	0	0	0	0	0	60	60	1	1	0	36	45701368	987	357	790	226	236.58	0	-0.40	-9.99	0.00	0.00
11	11	ÄÐ	0	10.00	1	0	1	1	0	0.00	1	0	0	0	0	0	0	60	60	1	1	0	37	45701408	987	356	790	226	236.03	0	-0.41	-9.99	0.00	0.00
11	11	ÄÐ	0	10.00	1	0	1	1	0	0.00	1	0	0	0	0	0	0	60	60	1	1	0	38	45701448	987	356	790	226	236.03	0	-0.42	-9.99	200.00	0.00
11	11	ÄÐ	0	10.00	1	0	1	1	0	0.00	1	0	0	0	0	0	0	60	60	1	1	0	39	45701488	987	355	798	226	228.83	0	-0.43	-9.99	200.00	200.00
11	11	ÄÐ	0	10.00	1	0	1	1	0	0.00	1	0	0	0	0	0	0	60	60	1	1	0	40	45701528	987	355	806	234	217.72	0	-0.45	-9.99	200.00	200.00
11	11	ÄÐ	0	10.00	1	0	1	1	0	0.00	1	0	0	0	0	0	0	60	60	1	1	0	41	45701568	987	355	814	242	206.63	0	-0.46	-9.99	200.00	200.00
11	11	ÄÐ	0	10.00	1	0	1	1	0	0.00	1	0	0	0	0	0	0	60	60	1	1	0	42	45701608	987	354	822	250	195.04	0	-0.47	-9.99	200.00	200.00
11	11	ÄÐ	0	10.00	1	0	1	1	0	0.00	1	0	0	0	0	0	0	60	60	1	1	0	43	45701648	987	354	830	258	184.02	0	-0.48	-9.99	200.00	200.00
11	11	ÄÐ	0	10.00	1	0	1	1	0	0.00	1	0	0	0	0	0	0	60	60	1	1	0	44	45701688	987	353	838	266	172.54	0	-0.49	-9.99	200.00	200.00
11	11	ÄÐ	0	10.00	1	0	1	1	0	0.00	1	0	0	0	0	0	0	60	60	1	1	0	45	45701728	987	353	846	274	161.62	0	-0.50	-9.99	200.00	200.00
11	11	ÄÐ	0	10.00	1	0	1	1	0	0.00	1	0	0	0	0	0	0	60	60	1	1	0	46	45701768	987	353	854	282	150.76	0	-0.51	-9.99	200.00	200.00
11	11	ÄÐ	0	10.00	1	0	1	1	0	0.00	1	0	0	0	0	0	0	60	60	1	1	0	47	45701808	987	352	862	290	139.53	0	-0.53	-9.99	200.00	200.00
11	11	ÄÐ	0	10.00	1	0	1	1	0	0.00	1	0	0	0	0	0	0	60	60	1	1	0	48	45701848	987	352	870	298	128.86	0	-0.54	-9.99	200.00	200.00
11	11	ÄÐ	0	10.00	1	0	1	1	0	0.00	1	0	0	0	0	0	0	60	60	1	1	0	49	45701888	987	351	878	306	117.92	0	-0.55	-9.98	200.00	200.00
11	11	ÄÐ	0	10.00	1	0	1	1	0	0.00	1	0	0	0	0	0	0	60	60	1	1	0	50	45701928	987	351	886	314	107.56	0	-0.56	-9.98	200.00	200.00
11	11	ÄÐ	0	10.00	1	0	1	1	0	0.00	1	0	0	0	0	0	0	60	60	1	1	0	51	45701968	987	351	894	322	97.42	0	-0.57	-9.98	200.00	200.00
11	11	ÄÐ	0	10.00	1	0	1	1	0	0.00	1	0	0	0	0	0	0	60	60	1	1	0	52	45702008	987	350	902	330	87.32	0	-0.58	-9.98	200.00	200.00
11	11	ÄÐ	0	10.00	1	0	1	1	0	0.00	1	0	0	0	0	0	0	60	60	1	1	0	53	45702048	987	350	910	338	77.93	0	-0.59	-9.98	200.00	200.00
11	11	ÄÐ	0	10.00	1	0	1	1	0	0.00	1	0	0	0	0	0	0	60	60	1	1	0	54	45702088	987	349	918	346	69.07	0	-0.61	-9.98	200.00	200.00
11	11	ÄÐ	0	10.00	1	0	1	1	0	0.00	1	0	0	0	0	0	0	60	60	1	1	0	55	45702128	987	349	926	354	61.20	0	-0.62	-9.98	200.00	200.00
11	11	ÄÐ	0	10.00	1	0	1	1	0	0.00	1	0	0	0	0	0	0	60	60	1	1	0	56	45702168	987	349	934	362	54.57	0	-0.63	-9.98	200.00	200.00
11	11	ÄÐ	0	10.00	1	0	1	1	0	0.00	1	0	0	0	0	0	0	60	60	1	1	0	57	45702208	987	348	942	370	50.09	0	-0.64	-9.98	200.00	200.00
11	11	ÄÐ	0	10.00	1	0	1	1	0	0.00	1	0	0	0	0	0	0	60	60	1	1	0	58	45702248	987	348	950	378	47.63	0	-0.65	-9.98	200.00	200.00
11	11	ÄÐ	0	10.00	1	0	1	1	0	0.00	1	0	0	0	0	0	0	60	60	1	1	0	59	45702288	987	347	958	386	48.60	0	-0.66	-9.98	200.00	200.00
11	11	ÄÐ	0	10.00	1	0	1	1	0	0.00	1	0	0	0	0	0	0	60	60	1	1	0	60	45702328	987	347	966	394	51.48	0	-0.67	-9.98	200.00	200.00
11	11	ÄÐ	0	10.00	1	0	1	1	0	0.00	1	0	0	0	0	0	0	60	60	1	1	0	61	45702368	987	347	974	402	56.52	0	-0.69	-9.98	200.00	200.00
11	11	ÄÐ	0	10.00	1	0	1	1	0	0.00	1	0	0	0	0	0	0	60	60	1	1	0	62	45702408	987	346	982	410	64.20	0	-0.70	-9.98	200.00	200.00
11	11	ÄÐ	0	10.00	1	0	1	1	0	0.00	1	0	0	0	0	0	0	60	60	1	1	0	63	45702448	987	346	990	418	72.06	0	-0.71	-9.97	200.00	200.00
11	11	ÄÐ	0	10.00	1	0	1	1	0	0.00	1	0	0	0	0	0	0	60	60	1	1	0	64	45702488	987	345	998	426	81.74	0	-0.72	-9.97	200.00	200.00
11	11	ÄÐ	0	10.00	1	0	1	1	0	0.00	1	0	0	0	0	0	0	60	60	1	1	0	65	45702528	987	345	1006	434	91.01	0	-0.73	-9.97	200.00	0.00
11	11	ÄÐ	0	10.00	1	0	1	1	0	0.00	1	0	0	0	0	0	0	60	60	1	1	0	66	45702568	987	345	1014	434	93.01	0	-0.74	-9.97	0.00	0.00
11	11	ÄÐ	0	10.00	1	0	1	1	0	0.00	1	0	0	0	0	0	0	60	60	1	1	0	67	45702608	987	344	1014	434	93.96	0	-0.75	-9.97	0.00	0.00
11	11	ÄÐ	0	10.00	1	0	1	1	0	0.00	1	0	0	0	0	0	0	60	60	1	1	0	68	45702648	986	344	1014	434	94.25	0	-0.76	-9.97	0.00	0.00
11	11	ÄÐ	0	10.00	1	0	1	1	0	0.00	1	0	0	0	0	0	0	60	60	1	1	0	69	45702688	986	343	1014	434	95.21	0	-0.78	-9.97	0.00	0.00
11	11	ÄÐ	0	10.00	1	0	1	1	0	0.00	1	0	0	0	0	0	0	60	60	1	1	0	70	45702728	986	343	1014	434	95.21	0	-0.79	-9.97	0.00	-200.00
11	11	ÄÐ	0	10.00	1	0	1	1	0	0.00	1	0	0	0	0	0	0	60	60	1	1	0	71	45702768	986	343	1014	426	87.60	0	-0.80	-9.97	0.00	-200.00
11	11	ÄÐ	0	10.00	1	0	1	1	0	0.00	1	0	0	0	0	0	0	60	60	1	1	0	72	45702808	986	342	1014	418	80.99	0	-0.81	-9.97	0.00	-200.00
11	11	ÄÐ	0	10.00	1	0	1	1	0	0.00	1	0	0	0	0	0	0	60	60	1	1	0	73	45702848	986	342	1014	410	73.54	0	-0.82	-9.97	0.00	-200.00
11	11	ÄÐ	0	10.00	1	0	1	1	0	0.00	1	0	0	0	0	0	0	60	60	1	1	0	74	45702888	986	341	1014	402	67.12	0	-0.83	-9.97	0.00	-200.00
11	11	ÄÐ	0	10.00	1	0	1	1	0	0.00	1	0	0	0	0	0	0	60	60	1	1	0	75	45702928	986	341	1014	394	59.94	0	-0.84	-9.96	0.00	-200.00
11	11	ÄÐ	0	10.00	1	0	1	1	0	0.00	1	0	0	0	0	0	0	60	60	1	1	0	76	45702968	986	341	1014	386	53.00	0	-0.86	-9.96	0.00	-200.00
11	11	ÄÐ	0	10.00	1	0	1	1	0	0.00	1	0	0	0	0	0	0	60	60	1	1	0	77	45703008	986	340	1014	378	47.20	0	-0.87	-9.96	0.00	-200.00
11	11	ÄÐ	0	10.00	1	0	1	1	0	0.00	1	0	0	0	0	0	0	60	60	1	1	0	78	45703048	986	340	1014	370	41.04	0	-0.88	-9.96	0.00	-200.00
11	11	ÄÐ	0	10.00	1	0	1	1	0	0.00	1	0	0	0	0	0	0	60	60	1	1	0	79	45703088	986	339	1014	362	36.24	0	-0.89	-9.96	0.00	-200.00
11	11	ÄÐ	0	10.00	1	0	1	1	0	0.00	1	0	0	0	0	0	0	60	60	1	1	0	80	45703128	986	339	1014	354	31.76	0	-0.90	-9.96	0.00	0.00
11	11	ÄÐ	0	10.00	1	0	1	1	0	0.00	1	0	0	0	0	0	0	60	60	1	1	0	81	45703168	986	339	1014	354	31.76	0	-0.91	-9.96	0.00	0.00
11	11	ÄÐ	0	10.00	1	0	1	1	0	0.00	1	0	0	0	0	0	0	60	60	1	1	0	82	45703208	986	338	1014	354	32.25	0	-0.92	-9.96	0.00	0.00
11	11	ÄÐ	0	10.00	1	0	1	1	0	0.00	1	0	0	0	0	0	0	60	60	1	1	0	83	45703248	986	338	1014	354	32.25	0	-0.94	-9.96	0.00	0.00
11	11	ÄÐ	0	10.00	1	0	1	1	0	0.00	1	0	0	0	0	0	0	60	60	1	1	0	84	45703288	986	337	1014	354	32.76	0	-0.95	-9.96	0.00	0.00
11	11	ÄÐ	0	10.00	1	0	1	1	0	0.00	1	0	0	0	0	0	0	60	60	1	1	0	85	45703328	986	337	1014	354	32.76	0	-0.96	-9.95	0.00	0.00
11	11	ÄÐ	0	10.00	1	0	1	1	0	0.00	1	0	0	0	0	0	0	60	60	1	1	0	86	45703368	986	337	1014	354	32.76	0	-0.97	-9.95	0.00	-200.00
11	11	ÄÐ	0	10.00	1	0	1	1	0	0.00	1	0	0	0	0	0	0	60	60	1	1	0	87	45703408	986	336	1014	346	29.73	0	-0.98	-9.95	0.00	-200.00
11	11	ÄÐ	0	10.00	1	0	1	1	0	0.00	1	0	0	0	0	0	0	60	60	1	1	0	88	45703448	986	336	1014	338	28.07	0	-0.99	-9.95	0.00	-200.00
11	11	ÄÐ	0	10.00	1	0	1	1	0	0.00	1	0	0	0	0	0	0	60	60	1	1	0	89	45703488	986	335	1014	330	28.44	0	-1.00	-9.95	0.00	-200.00
11	11	ÄÐ	0	10.00	1	0	1	1	0	0.00	1	0	0	0	0	0	0	60	60	1	1	0	90	45703528	986	335	1014	322	30.87	0	-1.02	-9.95	0.00	-200.00
11	11	ÄÐ	0	10.00	1	0	1	1	0	0.00	1	0	0	0	0	0	0	60	60	1	1	0	91	45703568	986	335	1014	314	35.00	0	-1.03	-9.95	0.00	-200.00
11	11	ÄÐ	0	10.00	1	0	1	1	0	0.00	1	0	0	0	0	0	0	60	60	1	1	0	92	45703608	986	334	1014	306	39.60	0	-1.04	-9.95	0.00	-200.00
11	11	ÄÐ	0	10.00	1	0	1	1	0	0.00	1	0	0	0	0	0	0	60	60	1	1	0	93	45703648	986	334	1014	298	45.61	0	-1.05	-9.94	-200.00	-200.00
11	11	ÄÐ	0	10.00	1	0	1	1	0	0.00	1	0	0	0	0	0	0	60	60	1	1	0	94	45703688	986	333	1006	290	47.42	0	-1.06	-9.94	-200.00	-200.00
11	11	ÄÐ	0	10.00	1	0	1	1	0	0.00	1	0	0	0	0	0	0	60	60	1	1	0	95	45703728	985	333	998	282	52.63	0	-1.07	-9.94	-200.00	0.00
11	11	ÄÐ	0	10.00	1	0	1	1	0	0.00	1	0	0	0	0	0	0	60	60	1	1	0	96	45703768	985	333	990	282	51.24	0	-1.08	-9.94	0.00	0.00
11	11	ÄÐ	0	10.00	1	0	1	1	0	0.00	1	0	0	0	0	0	0	60	60	1	1	0	97	45703808	985	332	990	282	50.25	0	-1.09	-9.94	0.00	0.00
11	11	ÄÐ	0	10.00	1	0	1	1	0	0.00	1	0	0	0	0	0	0	60	60	1	1	0	98	45703848	985	332	990	282	50.25	0	-1.11	-9.94	0.00	0.00
11	11	ÄÐ	0	10.00	1	0	1	1	0	0.00	1	0	0	0	0	0	0	60	60	1	1	0	99	45703888	985	331	990	282	49.25	0	-1.12	-9.94	0.00	0.00
11	11	ÄÐ	0	10.00	1	0	1	1	0	0.00	1	0	0	0	0	0	0	60	60	1	1	0	100	45703928	985	331	990	282	49.25	0	-1.13	-9.94	0.00	0.00
11	11	ÄÐ	0	10.00	1	0	1	1	0	0.00	1	0	0	0	0	0	0	60	60	1	1	0	101	45703968	985	331	990	282	49.25	0	-1.14	-9.93	0.00	0.00
11	11	ÄÐ	0	10.00	1	0	1	1	0	0.00	1	0	0	0	0	0	0	60	60	1	1	0	102	45704008	985	330	990	282	48.26	0	-1.15	-9.93	0.00	0.00
11	11	ÄÐ	0	10.00	1	0	1	1	0	0.00	1	0	0	0	0	0	0	60	60	1	1	0	103	45704048	985	330	990	282	48.26	0	-1.16	-9.93	0.00	0.00
11	11	ÄÐ	0	10.00	1	0	1	1	0	0.00	1	0	0	0	0	0	0	60	60	1	1	0	104	45704088	985	329	990	282	47.27	0	-1.17	-9.93	0.00	0.00
11	11	ÄÐ	0	10.00	1	0	1	1	0	0.00	1	0	0	0	0	0	0	60	60	1	1	0	105	45704128	985	329	990	282	47.27	0	-1.19	-9.93	0.00	0.00
11	11	ÄÐ	0	10.00	1	0	1	1	0	0.00	1	0	0	0	0	0	0	60	60	1	1	0	106	45704168	985	329	990	282	47.27	0	-1.20	-9.93	-200.00	0.00
11	11	ÄÐ	0	10.00	1	0	1	1	0	0.00	1	0	0	0	0	0	0	60	60	1	1	0	107	45704208	985	328	982	282	46.10	0	-1.21	-9.93	-200.00	200.00
11	11	ÄÐ	0	10.00	1	0	1	1	0	0.00	1	0	0	0	0	0	0	60	60	1	1	0	108	45704248	985	328	974	290	39.56	0	-1.22	-9.93	-200.00	200.00
11	11	ÄÐ	0	10.00	1	0	1	1	0	0.00	1	0	0	0	0	0	0	60	60	1	1	0	109	45704288	985	327	966	298	34.67	0	-1.23	-9.92	-200.00	200.00
11	11	ÄÐ	0	10.00	1	0	1	1	0	0.00	1	0	0	0	0	0	0	60	60	1	1	0	110	45704328	985	327	958	306	34.21	0	-1.24	-9.92	-200.00	200.00
11	11	ÄÐ	0	10.00	1	0	1	1	0	0.00	1	0	0	0	0	0	0	60	60	1	1	0	111	45704368	985	327	950	314	37.34	0	-1.25	-9.92	-200.00	200.00
11	11	ÄÐ	0	10.00	1	0	1	1	0	0.00	1	0	0	0	0	0	0	60	60	1	1	0	112	45704408	985	326	942	322	43.19	0	-1.27	-9.92	-200.00	200.00
11	11	ÄÐ	0	10.00	1	0	1	1	0	0.00	1	0	0	0	0	0	0	60	60	1	1	0	113	45704448	985	326	934	330	51.16	0	-1.28	-9.92	0.00	0.00
11	11	ÄÐ	0	10.00	1	0	1	1	0	0.00	1	0	0	0	0	0	0	60	60	1	1	0	114	45704488	985	325	934	330	51.24	0	-1.29	-9.92	0.00	0.00
11	11	ÄÐ	0	10.00	1	0	1	1	0	0.00	1	0	0	0	0	0	0	60	60	1	1	0	115	45704528	985	325	934	330	51.24	0	-1.30	-9.92	0.00	0.00
11	11	ÄÐ	0	10.00	1	0	1	1	0	0.00	1	0	0	0	0	0	0	60	60	1	1	0	116	45704568	984	325	934	330	50.25	0	-1.31	-9.91	0.00	0.00
11	11	ÄÐ	0	10.00	1	0	1	1	0	0.00	1	0	0	0	0	0	0	60	60	1	1	0	117	45704608	984	324	934	330	50.36	0	-1.32	-9.91	0.00	0.00
11	11	ÄÐ	0	10.00	1	0	1	1	0	0.00	1	0	0	0	0	0	0	60	60	1	1	0	118	45704648	984	324	934	330	50.36	0	-1.33	-9.91	0.00	0.00
11	11	ÄÐ	0	10.00	1	0	1	1	0	0.00	1	0	0	0	0	0	0	60	60	1	1	0	119	45704688	984	323	934	330	50.49	0	-1.34	-9.91	200.00	0.00
11	11	ÄÐ	0	10.00	1	0	1	1	0	0.00	1	0	0	0	0	0	0	60	60	1	1	0	120	45704728	984	323	942	330	42.58	0	-1.36	-9.91	200.00	0.00
11	11	ÄÐ	0	10.00	1	0	1	1	0	0.00	1	0	0	0	0	0	0	60	60	1	1	0	121	45704768	984	323	950	330	34.71	0	-1.37	-9.91	200.00	0.00
11	11	ÄÐ	0	10.00	1	0	1	1	0	0.00	1	0	0	0	0	0	0	60	60	1	1	0	122	45704808	984	322	958	330	27.20	0	-1.38	-9.90	200.00	0.00
11	11	ÄÐ	0	10.00	1	0	1	1	0	0.00	1	0	0	0	0	0	0	60	60	1	1	0	123	45704848	984	322	966	330	19.70	0	-1.39	-9.90	200.00	0.00
11	11	ÄÐ	0	10.00	1	0	1	1	0	0.00	1	0	0	0	0	0	0	60	60	1	1	0	124	45704888	984	321	974	330	13.45	0	-1.40	-9.90	200.00	0.00
11	11	ÄÐ	0	10.00	1	0	1	1	0	0.00	1	0	0	0	0	0	0	60	60	1	1	0	125	45704928	984	321	982	330	9.22	1	-1.41	-9.90	0.00	0.00
11	11	ÄÐ	0	10.00	1	0	1	1	0	0.00	1	0	0	0	0	0	0	60	60	1	1	0	126	45704968	984	321	982	330	9.22	1	-1.42	-9.90	0.00	0.00
11	11	ÄÐ	0	10.00	1	0	1	1	0	0.00	1	0	0	0	0	0	0	60	60	1	1	0	127	45705008	984	320	982	330	10.20	0	-1.44	-9.90	0.00	0.00
11	11	ÄÐ	0	10.00	1	0	1	1	0	0.00	1	0	0	0	0	0	0	60	60	1	1	0	128	45705048	984	320	982	330	10.20	0	-1.45	-9.89	0.00	0.00
11	11	ÄÐ	0	10.00	1	0	1	1	0	0.00	1	0	0	0	0	0	0	60	60	1	1	0	129	45705088	984	319	982	330	11.18	0	-1.46	-9.89	0.00	0.00
11	11	ÄÐ	0	10.00	1	0	1	1	0	0.00	1	0	0	0	0	0	0	60	60	1	1	0	130	45705128	984	319	982	330	11.18	0	-1.47	-9.89	0.00	0.00
11	11	ÄÐ	0	10.00	1	0	1	1	0	0.00	1	0	0	0	0	0	0	60	60	1	1	0	131	45705168	984	319	982	330	11.18	0	-1.48	-9.89	0.00	0.00
11	11	ÄÐ	0	10.00	1	0	1	1	0	0.00	1	0	0	0	0	0	0	60	60	1	1	0	132	45705208	984	318	982	330	12.17	0	-1.49	-9.89	0.00	0.00
11	11	ÄÐ	0	10.00	1	0	1	1	0	0.00	1	0	0	0	0	0	0	60	60	1	1	0	133	45705248	984	318	982	330	12.17	0	-1.50	-9.89	0.00	0.00
11	11	ÄÐ	0	10.00	1	0	1	1	0	0.00	1	0	0	0	0	0	0	60	60	1	1	0	134	45705288	983	318	982	330	12.04	0	-1.51	-9.88	0.00	0.00
11	11	ÄÐ	0	10.00	1	0	1	1	0	0.00	1	0	0	0	0	0	0	60	60	1	1	0	135	45705328	983	317	982	330	13.04	0	-1.53	-9.88	0.00	-200.00
11	11	ÄÐ	0	10.00	1	0	1	1	0	0.00	1	0	0	0	0	0	0	60	60	1	1	0	136	45705368	983	317	982	322	5.10	1	-1.54	-9.88	0.00	-200.00
11	11	ÄÐ	0	10.00	1	0	1	1	0	0.00	1	0	0	0	0	0	0	60	60	1	1	0	137	45705408	983	316	982	314	2.24	1	-1.55	-9.88	0.00	-200.00
11	11	ÄÐ	0	10.00	1	0	1	1	0	0.00	1	0	0	0	0	0	0	60	60	1	1	0	138	45705448	983	316	982	306	10.05	0	-1.56	-9.88	0.00	-200.00
11	11	ÄÐ	0	10.00	1	0	1	1	0	0.00	1	0	0	0	0	0	0	60	60	1	1	0	139	45705488	983	316	982	298	18.03	0	-1.57	-9.88	0.00	-200.00
11	11	ÄÐ	0	10.00	1	0	1	1	0	0.00	1	0	0	0	0	0	0	60	60	1	1	0	140	45705528	983	315	982	290	25.02	0	-1.58	-9.87	0.00	-200.00
11	11	ÄÐ	0	10.00	1	0	1	1	0	0.00	1	0	0	0	0	0	0	60	60	1	1	0	141	45705568	983	315	982	282	33.02	0	-1.59	-9.87	0.00	-200.00
11	11	ÄÐ	0	10.00	1	0	1	1	0	0.00	1	0	0	0	0	0	0	60	60	1	1	0	142	45705608	983	314	982	274	40.01	0	-1.60	-9.87	0.00	-200.00
11	11	ÄÐ	0	10.00	1	0	1	1	0	0.00	1	0	0	0	0	0	0	60	60	1	1	0	143	45705648	983	314	982	266	48.01	0	-1.62	-9.87	0.00	-200.00
11	11	ÄÐ	0	10.00	1	0	1	1	0	0.00	1	0	0	0	0	0	0	60	60	1	1	0	144	45705688	983	314	982	258	56.01	0	-1.63	-9.87	0.00	0.00
11	11	ÄÐ	0	10.00	1	0	1	1	0	0.00	1	0	0	0	0	0	0	60	60	1	1	0	145	45705728	983	313	982	258	55.01	0	-1.64	-9.86	0.00	0.00
11	11	ÄÐ	0	10.00	1	0	1	1	0	0.00	1	0	0	0	0	0	0	60	60	1	1	0	146	45705768	983	313	982	258	55.01	0	-1.65	-9.86	0.00	0.00
11	11	ÄÐ	0	10.00	1	0	1	1	0	0.00	1	0	0	0	0	0	0	60	60	1	1	0	147	45705808	983	312	982	258	54.01	0	-1.66	-9.86	0.00	0.00
11	11	ÄÐ	0	10.00	1	0	1	1	0	0.00	1	0	0	0	0	0	0	60	60	1	1	0	148	45705848	983	312	982	258	54.01	0	-1.67	-9.86	0.00	0.00
11	11	ÄÐ	0	10.00	1	0	1	1	0	0.00	1	0	0	0	0	0	0	60	60	1	1	0	149	45705888	983	312	982	258	54.01	0	-1.68	-9.86	0.00	0.00
11	11	ÄÐ	0	10.00	1	0	1	1	0	0.00	1	0	0	0	0	0	0	60	60	1	1	0	150	45705928	982	311	982	258	53.00	0	-1.69	-9.86	0.00	0.00
11	11	ÄÐ	0	10.00	1	0	1	1	0	0.00	1	0	0	0	0	0	0	60	60	1	1	0	151	45705968	982	311	982	258	53.00	0	-1.71	-9.85	0.00	0.00
11	11	ÄÐ	0	10.00	1	0	1	1	0	0.00	1	0	0	0	0	0	0	60	60	1	1	0	152	45706008	982	310	982	258	52.00	0	-1.72	-9.85	0.00	0.00
11	11	ÄÐ	0	10.00	1	0	1	1	0	0.00	1	0	0	0	0	0	0	60	60	1	1	0	153	45706048	982	310	982	258	52.00	0	-1.73	-9.85	0.00	0.00
11	11	ÄÐ	0	10.00	1	0	1	1	0	0.00	1	0	0	0	0	0	0	60	60	1	1	0	154	45706088	982	310	982	258	52.00	0	-1.74	-9.85	0.00	0.00
11	11	ÄÐ	0	10.00	1	0	1	1	0	0.00	1	0	0	0	0	0	0	60	60	1	1	0	155	45706128	982	309	982	258	51.00	0	-1.75	-9.85	0.00	0.00
11	11	ÄÐ	0	10.00	1	0	1	1	0	0.00	1	0	0	0	0	0	0	60	60	1	1	0	156	45706168	982	309	982	258	51.00	0	-1.76	-9.84	0.00	200.00
11	11	ÄÐ	0	10.00	1	0	1	1	0	0.00	1	0	0	0	0	0	0	60	60	1	1	0	157	45706208	982	308	982	266	42.00	0	-1.77	-9.84	0.00	200.00
11	11	ÄÐ	0	10.00	1	0	1	1	0	0.00	1	0	0	0	0	0	0	60	60	1	1	0	158	45706248	982	308	982	274	34.00	0	-1.78	-9.84	0.00	200.00
11	11	ÄÐ	0	10.00	1	0	1	1	0	0.00	1	0	0	0	0	0	0	60	60	1	1	0	159	45706288	982	308	982	282	26.00	0	-1.80	-9.84	0.00	200.00
11	11	ÄÐ	0	10.00	1	0	1	1	0	0.00	1	0	0	0	0	0	0	60	60	1	1	0	160	45706328	982	307	982	290	17.00	0	-1.81	-9.84	0.00	200.00
11	11	ÄÐ	0	10.00	1	0	1	1	0	0.00	1	0	0	0	0	0	0	60	60	1	1	0	161	45706368	982	307	982	298	9.00	1	-1.82	-9.83	0.00	200.00
11	11	ÄÐ	0	10.00	1	0	1	1	0	0.00	1	0	0	0	0	0	0	60	60	1	1	0	162	45706408	982	306	982	307	1.00	1	-1.83	-9.83	0.00	200.00
11	11	ÄÐ	0	10.00	1	0	1	1	0	0.00	1	0	0	0	0	0	0	60	60	1	1	0	163	45706448	982	306	982	315	9.00	1	-1.84	-9.83	0.00	200.00
11	11	ÄÐ	0	10.00	1	0	1	1	0	0.00	1	0	0	0	0	0	0	60	60	1	1	0	164	45706488	981	306	982	323	17.03	0	-1.85	-9.83	0.00	0.00
11	11	ÄÐ	0	10.00	1	0	1	1	0	0.00	1	0	0	0	0	0	0	60	60	1	1	0	165	45706528	981	305	982	323	18.03	0	-1.86	-9.82	0.00	0.00
11	11	ÄÐ	0	10.00	1	0	1	1	0	0.00	1	0	0	0	0	0	0	60	60	1	1	0	166	45706568	981	305	982	323	18.03	0	-1.87	-9.82	0.00	0.00
11	11	ÄÐ	0	10.00	1	0	1	1	0	0.00	1	0	0	0	0	0	0	60	60	1	1	0	167	45706608	981	304	982	323	19.03	0	-1.89	-9.82	0.00	0.00
11	11	ÄÐ	0	10.00	1	0	1	1	0	0.00	1	0	0	0	0	0	0	60	60	1	1	0	168	45706648	981	304	982	323	19.03	0	-1.90	-9.82	0.00	0.00
11	11	ÄÐ	0	10.00	1	0	1	1	0	0.00	1	0	0	0	0	0	0	60	60	1	1	0	169	45706688	981	304	982	323	19.03	0	-1.91	-9.82	0.00	0.00
11	11	ÄÐ	0	10.00	1	0	1	1	0	0.00	1	0	0	0	0	0	0	60	60	1	1	0	170	45706728	981	303	982	323	20.02	0	-1.92	-9.81	0.00	0.00
11	11	ÄÐ	0	10.00	1	0	1	1	0	0.00	1	0	0	0	0	0	0	60	60	1	1	0	171	45706768	981	303	982	323	20.02	0	-1.93	-9.81	0.00	0.00
11	11	ÄÐ	0	10.00	1	0	1	1	0	0.00	1	0	0	0	0	0	0	60	60	1	1	0	172	45706808	981	303	982	323	20.02	0	-1.94	-9.81	0.00	0.00
11	11	ÄÐ	0	10.00	1	0	1	1	0	0.00	1	0	0	0	0	0	0	60	60	1	1	0	173	45706848	981	302	982	323	21.02	0	-1.95	-9.81	0.00	-200.00
11	11	ÄÐ	0	10.00	1	0	1	1	0	0.00	1	0	0	0	0	0	0	60	60	1	1	0	174	45706888	981	302	982	315	13.04	0	-1.96	-9.81	0.00	-200.00
11	11	ÄÐ	0	10.00	1	0	1	1	0	0.00	1	0	0	0	0	0	0	60	60	1	1	0	175	45706928	981	301	982	307	6.08	1	-1.98	-9.80	0.00	-200.00
11	11	ÄÐ	0	10.00	1	0	1	1	0	0.00	1	0	0	0	0	0	0	60	60	1	1	0	176	45706968	981	301	982	298	3.16	1	-1.99	-9.80	0.00	-200.00
11	11	ÄÐ	0	10.00	1	0	1	1	0	0.00	1	0	0	0	0	0	0	60	60	1	1	0	177	45707008	980	301	982	290	11.18	0	-2.00	-9.80	0.00	-200.00
11	11	ÄÐ	0	10.00	1	0	1	1	0	0.00	1	0	0	0	0	0	0	60	60	1	1	0	178	45707048	980	300	982	282	18.11	0	-2.01	-9.80	0.00	-200.00
11	11	ÄÐ	0	10.00	1	0	1	1	0	0.00	1	0	0	0	0	0	0	60	60	1	1	0	179	45707088	980	300	982	274	26.08	0	-2.02	-9.79	0.00	-200.00
11	11	ÄÐ	0	10.00	1	0	1	1	0	0.00	1	0	0	0	0	0	0	60	60	1	1	0	180	45707128	980	299	982	266	33.06	0	-2.03	-9.79	0.00	0.00
11	11	ÄÐ	0	10.00	1	0	1	1	0	0.00	1	0	0	0	0	0	0	60	60	1	1	0	181	45707168	980	299	982	266	33.06	0	-2.04	-9.79	0.00	0.00
11	11	ÄÐ	0	10.00	1	0	1	1	0	0.00	1	0	0	0	0	0	0	60	60	1	1	0	182	45707208	980	299	982	266	33.06	0	-2.05	-9.79	0.00	0.00
11	11	ÄÐ	0	10.00	1	0	1	1	0	0.00	1	0	0	0	0	0	0	60	60	1	1	0	183	45707248	980	298	982	266	32.06	0	-2.07	-9.78	0.00	0.00
11	11	ÄÐ	0	10.00	1	0	1	1	0	0.00	1	0	0	0	0	0	0	60	60	1	1	0	184	45707288	980	298	982	266	32.06	0	-2.08	-9.78	0.00	0.00
11	11	ÄÐ	0	10.00	1	0	1	1	0	0.00	1	0	0	0	0	0	0	60	60	1	1	0	185	45707328	980	297	982	266	31.06	0	-2.09	-9.78	0.00	0.00
11	11	ÄÐ	0	10.00	1	0	1	1	0	0.00	1	0	0	0	0	0	0	60	60	1	1	0	186	45707368	980	297	982	266	31.06	0	-2.10	-9.78	0.00	0.00
11	11	ÄÐ	0	10.00	1	0	1	1	0	0.00	1	0	0	0	0	0	0	60	60	1	1	0	187	45707408	980	297	982	266	31.06	0	-2.11	-9.77	0.00	0.00
11	11	ÄÐ	0	10.00	1	0	1	1	0	0.00	1	0	0	0	0	0	0	60	60	1	1	0	188	45707448	980	296	982	266	30.07	0	-2.12	-9.77	0.00	0.00
11	11	ÄÐ	0	10.00	1	0	1	1	0	0.00	1	0	0	0	0	0	0	60	60	1	1	0	189	45707488	979	296	982	266	30.15	0	-2.13	-9.77	0.00	0.00
11	11	ÄÐ	0	10.00	1	0	1	1	0	0.00	1	0	0	0	0	0	0	60	60	1	1	0	190	45707528	979	295	982	266	29.15	0	-2.14	-9.77	0.00	0.00
11	11	ÄÐ	0	10.00	1	0	1	1	0	0.00	1	0	0	0	0	0	0	60	60	1	1	0	191	45707568	979	295	982	266	29.15	0	-2.15	-9.77	0.00	200.00
11	11	ÄÐ	0	10.00	1	0	1	1	0	0.00	1	0	0	0	0	0	0	60	60	1	1	0	192	45707608	979	295	982	274	21.21	0	-2.17	-9.76	0.00	200.00
11	11	ÄÐ	0	10.00	1	0	1	1	0	0.00	1	0	0	0	0	0	0	60	60	1	1	0	193	45707648	979	294	982	282	12.37	0	-2.18	-9.76	0.00	200.00
11	11	ÄÐ	0	10.00	1	0	1	1	0	0.00	1	0	0	0	0	0	0	60	60	1	1	0	194	45707688	979	294	982	290	5.00	1	-2.19	-9.76	0.00	0.00
11	11	ÄÐ	0	10.00	1	0	1	1	0	0.00	1	0	0	0	0	0	0	60	60	1	1	0	195	45707728	979	294	982	290	5.00	1	-2.20	-9.76	0.00	0.00
11	11	ÄÐ	0	10.00	1	0	1	1	0	0.00	1	0	0	0	0	0	0	60	60	1	1	0	196	45707768	979	293	982	290	4.24	1	-2.21	-9.75	0.00	0.00
11	11	ÄÐ	0	10.00	1	0	1	1	0	0.00	1	0	0	0	0	0	0	60	60	1	1	0	197	45707808	979	293	982	290	4.24	1	-2.22	-9.75	0.00	0.00
11	11	ÄÐ	0	10.00	1	0	1	1	0	0.00	1	0	0	0	0	0	0	60	60	1	1	0	198	45707848	979	292	982	290	3.61	1	-2.23	-9.75	0.00	0.00
11	11	ÄÐ	0	10.00	1	0	1	1	0	0.00	1	0	0	0	0	0	0	60	60	1	1	0	199	45707888	979	292	982	290	3.61	1	-2.24	-9.75	0.00	0.00
11	11	ÄÐ	0	10.00	1	0	1	1	0	0.00	1	0	0	0	0	0	0	60	60	1	1	0	200	45707928	978	292	982	290	4.47	1	-2.25	-9.74	0.00	0.00
11	11	ÄÐ	0	10.00	1	0	1	1	0	0.00	1	0	0	0	0	0	0	60	60	1	1	0	201	45707968	978	291	982	290	4.12	1	-2.27	-9.74	0.00	0.00
11	11	ÄÐ	0	10.00	1	0	1	1	0	0.00	1	0	0	0	0	0	0	60	60	1	1	0	202	45708008	978	291	982	290	4.12	1	-2.28	-9.74	0.00	0.00
11	11	ÄÐ	0	10.00	1	0	1	1	0	0.00	1	0	0	0	0	0	0	60	60	1	1	0	203	45708048	978	290	982	290	4.00	1	-2.29	-9.73	0.00	0.00
11	11	ÄÐ	0	10.00	1	0	1	1	0	0.00	1	0	0	0	0	0	0	60	60	1	1	0	204	45708088	978	290	982	290	4.00	1	-2.30	-9.73	0.00	0.00
11	11	ÄÐ	0	10.00	1	0	1	1	0	0.00	1	0	0	0	0	0	0	60	60	1	1	0	205	45708128	978	290	982	290	4.00	1	-2.31	-9.73	0.00	0.00
11	11	ÄÐ	0	10.00	1	0	1	1	0	0.00	1	0	0	0	0	0	0	60	60	1	1	0	206	45708168	978	289	982	290	4.12	1	-2.32	-9.73	0.00	0.00
11	11	ÄÐ	0	10.00	1	0	1	1	0	0.00	1	0	0	0	0	0	0	60	60	1	1	0	207	45708208	978	289	982	290	4.12	1	-2.33	-9.72	0.00	0.00
11	11	ÄÐ	0	10.00	1	0	1	1	0	0.00	1	0	0	0	0	0	0	60	60	1	1	0	208	45708248	978	288	982	290	4.47	1	-2.34	-9.72	0.00	0.00
11	11	ÄÐ	0	10.00	1	0	1	1	0	0.00	1	0	0	0	0	0	0	60	60	1	1	0	209	45708288	978	288	982	290	4.47	1	-2.35	-9.72	0.00	0.00
11	11	ÄÐ	0	10.00	1	0	1	1	0	0.00	1	0	0	0	0	0	0	60	60	1	1	0	210	45708328	978	288	982	290	4.47	1	-2.37	-9.72	0.00	0.00
11	11	ÄÐ	0	10.00	1	0	1	1	0	0.00	1	0	0	0	0	0	0	60	60	1	1	0	211	45708368	977	287	982	290	5.83	1	-2.38	-9.71	0.00	0.00
11	11	ÄÐ	0	10.00	1	0	1	1	0	0.00	1	0	0	0	0	0	0	60	60	1	1	0	212	45708408	977	287	982	290	5.83	1	-2.39	-9.71	0.00	0.00
11	11	ÄÐ	0	10.00	1	0	1	1	0	0.00	1	0	0	0	0	0	0	60	60	1	1	0	213	45708448	977	287	982	290	5.83	1	-2.40	-9.71	0.00	0.00
11	11	ÄÐ	0	10.00	1	0	1	1	0	0.00	1	0	0	0	0	0	0	60	60	1	1	0	214	45708488	977	286	982	290	6.40	1	-2.41	-9.71	0.00	0.00
11	11	ÄÐ	0	10.00	1	0	1	1	0	0.00	1	0	0	0	0	0	0	60	60	1	1	0	215	45708528	977	286	982	290	6.40	1	-2.42	-9.70	0.00	0.00
11	11	ÄÐ	0	10.00	1	0	1	1	0	0.00	1	0	0	0	0	0	0	60	60	1	1	0	216	45708568	977	285	982	290	7.07	1	-2.43	-9.70	0.00	0.00
11	11	ÄÐ	0	10.00	1	0	1	1	0	0.00	1	0	0	0	0	0	0	60	60	1	1	0	217	45708608	977	285	982	290	7.07	1	-2.44	-9.70	0.00	0.00
11	11	ÄÐ	0	10.00	1	0	1	1	0	0.00	1	0	0	0	0	0	0	60	60	1	1	0	218	45708648	977	285	982	290	7.07	1	-2.45	-9.69	0.00	0.00
11	11	ÄÐ	0	10.00	1	0	1	1	0	0.00	1	0	0	0	0	0	0	60	60	1	1	0	219	45708688	977	284	982	290	7.81	1	-2.47	-9.69	0.00	0.00
11	11	ÄÐ	0	10.00	1	0	1	1	0	0.00	1	0	0	0	0	0	0	60	60	1	1	0	220	45708728	977	284	982	290	7.81	1	-2.48	-9.69	0.00	0.00
11	11	ÄÐ	0	10.00	1	0	1	1	0	0.00	1	0	0	0	0	0	0	60	60	1	1	0	221	45708768	976	283	982	290	9.22	1	-2.49	-9.69	0.00	0.00
11	11	ÄÐ	0	10.00	1	0	1	1	0	0.00	1	0	0	0	0	0	0	60	60	1	1	0	222	45708808	976	283	982	290	9.22	1	-2.50	-9.68	-200.00	0.00
11	11	ÄÐ	0	10.00	1	0	1	1	0	0.00	1	0	0	0	0	0	0	60	60	1	1	0	223	45708848	976	283	974	290	7.28	1	-2.51	-9.68	-200.00	0.00
11	11	ÄÐ	0	10.00	1	0	1	1	0	0.00	1	0	0	0	0	0	0	60	60	1	1	0	224	45708888	976	282	966	290	12.81	0	-2.52	-9.68	-200.00	0.00
11	11	ÄÐ	0	10.00	1	0	1	1	0	0.00	1	0	0	0	0	0	0	60	60	1	1	0	225	45708928	976	282	958	290	19.70	0	-2.53	-9.67	-200.00	0.00
11	11	ÄÐ	0	10.00	1	0	1	1	0	0.00	1	0	0	0	0	0	0	60	60	1	1	0	226	45708968	976	281	950	290	27.51	0	-2.54	-9.67	-200.00	0.00
