ID	Name	Sex	Session	DistanceError	PracMode	ExperMode	MainTask	SubTask	Background	InitSpeed	CubeNum1	CubeNum2	CubeNum3	CubeNum4	Prototype	RefAxis	MemTaskMode	PracTime	ExperTime	PracTimes	ExperTimes	Pra_Test	PointNum	PointTime	ObjPointX	ObjPointY	PostPointX	PostPointY	Distance	Hit	ObjSpeedX	ObjSpeedY	PostSpeedX	PostSpeedY
11	11	ÄÐ	0	10.00	1	0	1	1	0	0.00	1	0	0	0	0	0	0	60	60	1	1	0	1	79782382	795	371	495	371	300.00	0	-0.00	-10.00	0.00	0.00
11	11	ÄÐ	0	10.00	1	0	1	1	0	0.00	1	0	0	0	0	0	0	60	60	1	1	0	2	79782424	794	370	495	371	299.00	0	-0.01	-10.00	200.00	-200.00
11	11	ÄÐ	0	10.00	1	0	1	1	0	0.00	1	0	0	0	0	0	0	60	60	1	1	0	3	79782464	794	370	503	363	291.08	0	-0.03	-10.00	200.00	-200.00
11	11	ÄÐ	0	10.00	1	0	1	1	0	0.00	1	0	0	0	0	0	0	60	60	1	1	0	4	79782504	794	369	511	355	283.35	0	-0.04	-10.00	200.00	-200.00
11	11	ÄÐ	0	10.00	1	0	1	1	0	0.00	1	0	0	0	0	0	0	60	60	1	1	0	5	79782544	794	369	519	347	275.88	0	-0.05	-10.00	200.00	-200.00
11	11	ÄÐ	0	10.00	1	0	1	1	0	0.00	1	0	0	0	0	0	0	60	60	1	1	0	6	79782584	794	368	527	338	268.68	0	-0.07	-10.00	200.00	-200.00
11	11	ÄÐ	0	10.00	1	0	1	1	0	0.00	1	0	0	0	0	0	0	60	60	1	1	0	7	79782624	794	368	535	330	261.77	0	-0.08	-10.00	200.00	-200.00
11	11	ÄÐ	0	10.00	1	0	1	1	0	0.00	1	0	0	0	0	0	0	60	60	1	1	0	8	79782664	794	368	543	322	255.18	0	-0.09	-10.00	200.00	-200.00
11	11	ÄÐ	0	10.00	1	0	1	1	0	0.00	1	0	0	0	0	0	0	60	60	1	1	0	9	79782704	794	367	551	314	248.71	0	-0.11	-10.00	200.00	-200.00
11	11	ÄÐ	0	10.00	1	0	1	1	0	0.00	1	0	0	0	0	0	0	60	60	1	1	0	10	79782744	794	367	559	306	242.79	0	-0.12	-10.00	200.00	0.00
11	11	ÄÐ	0	10.00	1	0	1	1	0	0.00	1	0	0	0	0	0	0	60	60	1	1	0	11	79782784	794	366	567	306	234.80	0	-0.13	-10.00	200.00	0.00
11	11	ÄÐ	0	10.00	1	0	1	1	0	0.00	1	0	0	0	0	0	0	60	60	1	1	0	12	79782824	794	366	575	306	227.07	0	-0.15	-10.00	0.00	0.00
11	11	ÄÐ	0	10.00	1	0	1	1	0	0.00	1	0	0	0	0	0	0	60	60	1	1	0	13	79782864	794	366	575	306	227.07	0	-0.16	-10.00	0.00	0.00
11	11	ÄÐ	0	10.00	1	0	1	1	0	0.00	1	0	0	0	0	0	0	60	60	1	1	0	14	79782904	794	365	575	306	226.81	0	-0.17	-10.00	0.00	0.00
11	11	ÄÐ	0	10.00	1	0	1	1	0	0.00	1	0	0	0	0	0	0	60	60	1	1	0	15	79782945	794	365	575	306	226.81	0	-0.19	-10.00	0.00	0.00
11	11	ÄÐ	0	10.00	1	0	1	1	0	0.00	1	0	0	0	0	0	0	60	60	1	1	0	16	79782985	794	364	575	306	226.55	0	-0.20	-10.00	0.00	0.00
11	11	ÄÐ	0	10.00	1	0	1	1	0	0.00	1	0	0	0	0	0	0	60	60	1	1	0	17	79783025	794	364	575	306	226.55	0	-0.21	-10.00	0.00	0.00
11	11	ÄÐ	0	10.00	1	0	1	1	0	0.00	1	0	0	0	0	0	0	60	60	1	1	0	18	79783065	794	364	575	306	226.55	0	-0.23	-10.00	0.00	0.00
11	11	ÄÐ	0	10.00	1	0	1	1	0	0.00	1	0	0	0	0	0	0	60	60	1	1	0	19	79783105	794	363	575	306	226.30	0	-0.24	-10.00	0.00	0.00
11	11	ÄÐ	0	10.00	1	0	1	1	0	0.00	1	0	0	0	0	0	0	60	60	1	1	0	20	79783145	794	363	575	306	226.30	0	-0.25	-10.00	0.00	0.00
11	11	ÄÐ	0	10.00	1	0	1	1	0	0.00	1	0	0	0	0	0	0	60	60	1	1	0	21	79783185	794	362	575	306	226.05	0	-0.27	-10.00	0.00	0.00
11	11	ÄÐ	0	10.00	1	0	1	1	0	0.00	1	0	0	0	0	0	0	60	60	1	1	0	22	79783225	794	362	575	306	226.05	0	-0.28	-10.00	0.00	0.00
11	11	ÄÐ	0	10.00	1	0	1	1	0	0.00	1	0	0	0	0	0	0	60	60	1	1	0	23	79783265	794	362	575	306	226.05	0	-0.30	-10.00	0.00	0.00
11	11	ÄÐ	0	10.00	1	0	1	1	0	0.00	1	0	0	0	0	0	0	60	60	1	1	0	24	79783305	794	361	575	306	225.80	0	-0.31	-10.00	0.00	0.00
11	11	ÄÐ	0	10.00	1	0	1	1	0	0.00	1	0	0	0	0	0	0	60	60	1	1	0	25	79783345	794	361	575	306	225.80	0	-0.32	-9.99	0.00	0.00
11	11	ÄÐ	0	10.00	1	0	1	1	0	0.00	1	0	0	0	0	0	0	60	60	1	1	0	26	79783385	794	360	575	306	225.56	0	-0.34	-9.99	0.00	0.00
11	11	ÄÐ	0	10.00	1	0	1	1	0	0.00	1	0	0	0	0	0	0	60	60	1	1	0	27	79783425	794	360	575	306	225.56	0	-0.35	-9.99	0.00	0.00
11	11	ÄÐ	0	10.00	1	0	1	1	0	0.00	1	0	0	0	0	0	0	60	60	1	1	0	28	79783465	794	360	575	306	225.56	0	-0.36	-9.99	0.00	0.00
11	11	ÄÐ	0	10.00	1	0	1	1	0	0.00	1	0	0	0	0	0	0	60	60	1	1	0	29	79783506	794	359	575	306	225.32	0	-0.38	-9.99	0.00	0.00
11	11	ÄÐ	0	10.00	1	0	1	1	0	0.00	1	0	0	0	0	0	0	60	60	1	1	0	30	79783546	794	359	575	306	225.32	0	-0.39	-9.99	0.00	0.00
11	11	ÄÐ	0	10.00	1	0	1	1	0	0.00	1	0	0	0	0	0	0	60	60	1	1	0	31	79783586	794	358	575	306	225.09	0	-0.40	-9.99	0.00	0.00
11	11	ÄÐ	0	10.00	1	0	1	1	0	0.00	1	0	0	0	0	0	0	60	60	1	1	0	32	79783626	794	358	575	306	225.09	0	-0.42	-9.99	0.00	0.00
11	11	ÄÐ	0	10.00	1	0	1	1	0	0.00	1	0	0	0	0	0	0	60	60	1	1	0	33	79783666	794	358	575	306	225.09	0	-0.43	-9.99	0.00	0.00
11	11	ÄÐ	0	10.00	1	0	1	1	0	0.00	1	0	0	0	0	0	0	60	60	1	1	0	34	79783706	794	357	575	306	224.86	0	-0.44	-9.99	0.00	0.00
11	11	ÄÐ	0	10.00	1	0	1	1	0	0.00	1	0	0	0	0	0	0	60	60	1	1	0	35	79783746	794	357	575	306	224.86	0	-0.46	-9.99	0.00	0.00
11	11	ÄÐ	0	10.00	1	0	1	1	0	0.00	1	0	0	0	0	0	0	60	60	1	1	0	36	79783786	794	356	575	306	224.64	0	-0.47	-9.99	0.00	0.00
11	11	ÄÐ	0	10.00	1	0	1	1	0	0.00	1	0	0	0	0	0	0	60	60	1	1	0	37	79783826	794	356	575	306	224.64	0	-0.48	-9.99	0.00	0.00
11	11	ÄÐ	0	10.00	1	0	1	1	0	0.00	1	0	0	0	0	0	0	60	60	1	1	0	38	79783866	794	356	575	306	224.64	0	-0.50	-9.99	0.00	0.00
11	11	ÄÐ	0	10.00	1	0	1	1	0	0.00	1	0	0	0	0	0	0	60	60	1	1	0	39	79783906	794	355	575	306	224.41	0	-0.51	-9.99	0.00	0.00
11	11	ÄÐ	0	10.00	1	0	1	1	0	0.00	1	0	0	0	0	0	0	60	60	1	1	0	40	79783946	794	355	575	306	224.41	0	-0.52	-9.99	0.00	0.00
11	11	ÄÐ	0	10.00	1	0	1	1	0	0.00	1	0	0	0	0	0	0	60	60	1	1	0	41	79783986	794	354	575	306	224.20	0	-0.54	-9.99	0.00	0.00
11	11	ÄÐ	0	10.00	1	0	1	1	0	0.00	1	0	0	0	0	0	0	60	60	1	1	0	42	79784026	794	354	575	306	224.20	0	-0.55	-9.98	0.00	0.00
11	11	ÄÐ	0	10.00	1	0	1	1	0	0.00	1	0	0	0	0	0	0	60	60	1	1	0	43	79784066	794	354	575	306	224.20	0	-0.56	-9.98	0.00	0.00
11	11	ÄÐ	0	10.00	1	0	1	1	0	0.00	1	0	0	0	0	0	0	60	60	1	1	0	44	79784106	794	353	575	306	223.99	0	-0.58	-9.98	0.00	0.00
11	11	ÄÐ	0	10.00	1	0	1	1	0	0.00	1	0	0	0	0	0	0	60	60	1	1	0	45	79784146	794	353	575	306	223.99	0	-0.59	-9.98	0.00	0.00
11	11	ÄÐ	0	10.00	1	0	1	1	0	0.00	1	0	0	0	0	0	0	60	60	1	1	0	46	79784186	794	352	575	306	223.78	0	-0.60	-9.98	0.00	0.00
11	11	ÄÐ	0	10.00	1	0	1	1	0	0.00	1	0	0	0	0	0	0	60	60	1	1	0	47	79784226	794	352	575	306	223.78	0	-0.62	-9.98	0.00	0.00
11	11	ÄÐ	0	10.00	1	0	1	1	0	0.00	1	0	0	0	0	0	0	60	60	1	1	0	48	79784266	794	352	575	306	223.78	0	-0.63	-9.98	0.00	0.00
11	11	ÄÐ	0	10.00	1	0	1	1	0	0.00	1	0	0	0	0	0	0	60	60	1	1	0	49	79784306	794	351	575	306	223.58	0	-0.64	-9.98	0.00	0.00
11	11	ÄÐ	0	10.00	1	0	1	1	0	0.00	1	0	0	0	0	0	0	60	60	1	1	0	50	79784346	794	351	575	306	223.58	0	-0.66	-9.98	0.00	0.00
11	11	ÄÐ	0	10.00	1	0	1	1	0	0.00	1	0	0	0	0	0	0	60	60	1	1	0	51	79784386	794	350	575	306	223.38	0	-0.67	-9.98	0.00	0.00
11	11	ÄÐ	0	10.00	1	0	1	1	0	0.00	1	0	0	0	0	0	0	60	60	1	1	0	52	79784426	794	350	575	306	223.38	0	-0.68	-9.98	0.00	0.00
11	11	ÄÐ	0	10.00	1	0	1	1	0	0.00	1	0	0	0	0	0	0	60	60	1	1	0	53	79784466	794	350	575	306	223.38	0	-0.70	-9.98	0.00	0.00
11	11	ÄÐ	0	10.00	1	0	1	1	0	0.00	1	0	0	0	0	0	0	60	60	1	1	0	54	79784506	794	349	575	306	223.18	0	-0.71	-9.97	0.00	0.00
11	11	ÄÐ	0	10.00	1	0	1	1	0	0.00	1	0	0	0	0	0	0	60	60	1	1	0	55	79784546	794	349	575	306	223.18	0	-0.72	-9.97	0.00	0.00
11	11	ÄÐ	0	10.00	1	0	1	1	0	0.00	1	0	0	0	0	0	0	60	60	1	1	0	56	79784586	794	348	575	306	222.99	0	-0.74	-9.97	0.00	0.00
11	11	ÄÐ	0	10.00	1	0	1	1	0	0.00	1	0	0	0	0	0	0	60	60	1	1	0	57	79784626	794	348	575	306	222.99	0	-0.75	-9.97	0.00	0.00
11	11	ÄÐ	0	10.00	1	0	1	1	0	0.00	1	0	0	0	0	0	0	60	60	1	1	0	58	79784666	794	348	575	306	222.99	0	-0.76	-9.97	0.00	0.00
11	11	ÄÐ	0	10.00	1	0	1	1	0	0.00	1	0	0	0	0	0	0	60	60	1	1	0	59	79784706	794	347	575	306	222.80	0	-0.78	-9.97	0.00	0.00
11	11	ÄÐ	0	10.00	1	0	1	1	0	0.00	1	0	0	0	0	0	0	60	60	1	1	0	60	79784746	794	347	575	306	222.80	0	-0.79	-9.97	200.00	0.00
11	11	ÄÐ	0	10.00	1	0	1	1	0	0.00	1	0	0	0	0	0	0	60	60	1	1	0	61	79784786	794	346	583	306	214.76	0	-0.80	-9.97	200.00	0.00
11	11	ÄÐ	0	10.00	1	0	1	1	0	0.00	1	0	0	0	0	0	0	60	60	1	1	0	62	79784826	794	346	591	306	206.90	0	-0.81	-9.97	200.00	200.00
11	11	ÄÐ	0	10.00	1	0	1	1	0	0.00	1	0	0	0	0	0	0	60	60	1	1	0	63	79784866	793	346	599	314	196.62	0	-0.83	-9.97	200.00	200.00
11	11	ÄÐ	0	10.00	1	0	1	1	0	0.00	1	0	0	0	0	0	0	60	60	1	1	0	64	79784906	793	345	607	322	187.42	0	-0.84	-9.96	200.00	200.00
11	11	ÄÐ	0	10.00	1	0	1	1	0	0.00	1	0	0	0	0	0	0	60	60	1	1	0	65	79784946	793	345	615	330	178.63	0	-0.85	-9.96	200.00	200.00
11	11	ÄÐ	0	10.00	1	0	1	1	0	0.00	1	0	0	0	0	0	0	60	60	1	1	0	66	79784986	793	344	623	338	170.11	0	-0.87	-9.96	200.00	200.00
11	11	ÄÐ	0	10.00	1	0	1	1	0	0.00	1	0	0	0	0	0	0	60	60	1	1	0	67	79785026	793	344	631	346	162.01	0	-0.88	-9.96	200.00	200.00
11	11	ÄÐ	0	10.00	1	0	1	1	0	0.00	1	0	0	0	0	0	0	60	60	1	1	0	68	79785066	793	344	639	354	154.32	0	-0.89	-9.96	200.00	200.00
11	11	ÄÐ	0	10.00	1	0	1	1	0	0.00	1	0	0	0	0	0	0	60	60	1	1	0	69	79785106	793	343	647	363	147.36	0	-0.91	-9.96	200.00	200.00
11	11	ÄÐ	0	10.00	1	0	1	1	0	0.00	1	0	0	0	0	0	0	60	60	1	1	0	70	79785146	793	343	655	371	140.81	0	-0.92	-9.96	200.00	200.00
11	11	ÄÐ	0	10.00	1	0	1	1	0	0.00	1	0	0	0	0	0	0	60	60	1	1	0	71	79785186	793	342	663	379	135.16	0	-0.93	-9.96	200.00	200.00
11	11	ÄÐ	0	10.00	1	0	1	1	0	0.00	1	0	0	0	0	0	0	60	60	1	1	0	72	79785226	793	342	671	387	130.03	0	-0.95	-9.95	200.00	200.00
11	11	ÄÐ	0	10.00	1	0	1	1	0	0.00	1	0	0	0	0	0	0	60	60	1	1	0	73	79785266	793	342	679	395	125.72	0	-0.96	-9.95	200.00	200.00
11	11	ÄÐ	0	10.00	1	0	1	1	0	0.00	1	0	0	0	0	0	0	60	60	1	1	0	74	79785306	793	341	687	403	122.80	0	-0.97	-9.95	200.00	200.00
11	11	ÄÐ	0	10.00	1	0	1	1	0	0.00	1	0	0	0	0	0	0	60	60	1	1	0	75	79785346	793	341	695	411	120.43	0	-0.99	-9.95	200.00	200.00
11	11	ÄÐ	0	10.00	1	0	1	1	0	0.00	1	0	0	0	0	0	0	60	60	1	1	0	76	79785386	793	340	703	419	119.75	0	-1.00	-9.95	200.00	200.00
11	11	ÄÐ	0	10.00	1	0	1	1	0	0.00	1	0	0	0	0	0	0	60	60	1	1	0	77	79785426	793	340	711	427	119.55	0	-1.01	-9.95	200.00	200.00
11	11	ÄÐ	0	10.00	1	0	1	1	0	0.00	1	0	0	0	0	0	0	60	60	1	1	0	78	79785466	793	340	719	435	120.42	0	-1.03	-9.95	200.00	200.00
11	11	ÄÐ	0	10.00	1	0	1	1	0	0.00	1	0	0	0	0	0	0	60	60	1	1	0	79	79785506	793	339	727	443	123.17	0	-1.04	-9.95	200.00	200.00
11	11	ÄÐ	0	10.00	1	0	1	1	0	0.00	1	0	0	0	0	0	0	60	60	1	1	0	80	79785546	793	339	735	451	126.13	0	-1.05	-9.94	200.00	0.00
11	11	ÄÐ	0	10.00	1	0	1	1	0	0.00	1	0	0	0	0	0	0	60	60	1	1	0	81	79785586	793	338	743	451	123.57	0	-1.07	-9.94	200.00	0.00
11	11	ÄÐ	0	10.00	1	0	1	1	0	0.00	1	0	0	0	0	0	0	60	60	1	1	0	82	79785626	793	338	751	451	120.55	0	-1.08	-9.94	200.00	-200.00
11	11	ÄÐ	0	10.00	1	0	1	1	0	0.00	1	0	0	0	0	0	0	60	60	1	1	0	83	79785666	793	338	759	443	110.37	0	-1.09	-9.94	200.00	-200.00
11	11	ÄÐ	0	10.00	1	0	1	1	0	0.00	1	0	0	0	0	0	0	60	60	1	1	0	84	79785706	793	337	767	435	101.39	0	-1.11	-9.94	200.00	-200.00
11	11	ÄÐ	0	10.00	1	0	1	1	0	0.00	1	0	0	0	0	0	0	60	60	1	1	0	85	79785746	793	337	775	427	91.78	0	-1.12	-9.94	200.00	-200.00
11	11	ÄÐ	0	10.00	1	0	1	1	0	0.00	1	0	0	0	0	0	0	60	60	1	1	0	86	79785786	793	336	783	419	83.60	0	-1.13	-9.94	200.00	-200.00
11	11	ÄÐ	0	10.00	1	0	1	1	0	0.00	1	0	0	0	0	0	0	60	60	1	1	0	87	79785826	793	336	791	411	75.03	0	-1.15	-9.93	200.00	-200.00
11	11	ÄÐ	0	10.00	1	0	1	1	0	0.00	1	0	0	0	0	0	0	60	60	1	1	0	88	79785866	792	336	799	403	67.36	0	-1.16	-9.93	200.00	-200.00
11	11	ÄÐ	0	10.00	1	0	1	1	0	0.00	1	0	0	0	0	0	0	60	60	1	1	0	89	79785906	792	335	807	395	61.85	0	-1.17	-9.93	200.00	-200.00
11	11	ÄÐ	0	10.00	1	0	1	1	0	0.00	1	0	0	0	0	0	0	60	60	1	1	0	90	79785946	792	335	815	387	56.86	0	-1.19	-9.93	200.00	-200.00
11	11	ÄÐ	0	10.00	1	0	1	1	0	0.00	1	0	0	0	0	0	0	60	60	1	1	0	91	79785986	792	335	823	379	53.82	0	-1.20	-9.93	200.00	-200.00
11	11	ÄÐ	0	10.00	1	0	1	1	0	0.00	1	0	0	0	0	0	0	60	60	1	1	0	92	79786026	792	334	831	371	53.76	0	-1.21	-9.93	200.00	-200.00
11	11	ÄÐ	0	10.00	1	0	1	1	0	0.00	1	0	0	0	0	0	0	60	60	1	1	0	93	79786066	792	334	839	363	55.23	0	-1.23	-9.92	200.00	-200.00
11	11	ÄÐ	0	10.00	1	0	1	1	0	0.00	1	0	0	0	0	0	0	60	60	1	1	0	94	79786106	792	333	847	355	59.24	0	-1.24	-9.92	200.00	-200.00
11	11	ÄÐ	0	10.00	1	0	1	1	0	0.00	1	0	0	0	0	0	0	60	60	1	1	0	95	79786146	792	333	855	347	64.54	0	-1.25	-9.92	200.00	-200.00
11	11	ÄÐ	0	10.00	1	0	1	1	0	0.00	1	0	0	0	0	0	0	60	60	1	1	0	96	79786186	792	333	863	339	71.25	0	-1.27	-9.92	200.00	-200.00
11	11	ÄÐ	0	10.00	1	0	1	1	0	0.00	1	0	0	0	0	0	0	60	60	1	1	0	97	79786226	792	332	871	331	79.01	0	-1.28	-9.92	200.00	-200.00
11	11	ÄÐ	0	10.00	1	0	1	1	0	0.00	1	0	0	0	0	0	0	60	60	1	1	0	98	79786266	792	332	879	323	87.46	0	-1.29	-9.92	200.00	-200.00
11	11	ÄÐ	0	10.00	1	0	1	1	0	0.00	1	0	0	0	0	0	0	60	60	1	1	0	99	79786306	792	331	887	315	96.34	0	-1.31	-9.91	0.00	-200.00
11	11	ÄÐ	0	10.00	1	0	1	1	0	0.00	1	0	0	0	0	0	0	60	60	1	1	0	100	79786346	792	331	887	307	97.98	0	-1.32	-9.91	0.00	0.00
11	11	ÄÐ	0	10.00	1	0	1	1	0	0.00	1	0	0	0	0	0	0	60	60	1	1	0	101	79786386	792	331	887	307	97.98	0	-1.33	-9.91	0.00	0.00
11	11	ÄÐ	0	10.00	1	0	1	1	0	0.00	1	0	0	0	0	0	0	60	60	1	1	0	102	79786426	792	330	887	307	97.74	0	-1.35	-9.91	0.00	0.00
11	11	ÄÐ	0	10.00	1	0	1	1	0	0.00	1	0	0	0	0	0	0	60	60	1	1	0	103	79786466	792	330	887	307	97.74	0	-1.36	-9.91	0.00	0.00
11	11	ÄÐ	0	10.00	1	0	1	1	0	0.00	1	0	0	0	0	0	0	60	60	1	1	0	104	79786506	792	329	887	307	97.51	0	-1.37	-9.91	0.00	0.00
11	11	ÄÐ	0	10.00	1	0	1	1	0	0.00	1	0	0	0	0	0	0	60	60	1	1	0	105	79786546	792	329	887	307	97.51	0	-1.38	-9.90	0.00	0.00
11	11	ÄÐ	0	10.00	1	0	1	1	0	0.00	1	0	0	0	0	0	0	60	60	1	1	0	106	79786586	792	329	887	307	97.51	0	-1.40	-9.90	0.00	0.00
11	11	ÄÐ	0	10.00	1	0	1	1	0	0.00	1	0	0	0	0	0	0	60	60	1	1	0	107	79786626	791	328	887	307	98.27	0	-1.41	-9.90	0.00	0.00
11	11	ÄÐ	0	10.00	1	0	1	1	0	0.00	1	0	0	0	0	0	0	60	60	1	1	0	108	79786666	791	328	887	307	98.27	0	-1.42	-9.90	0.00	0.00
11	11	ÄÐ	0	10.00	1	0	1	1	0	0.00	1	0	0	0	0	0	0	60	60	1	1	0	109	79786706	791	327	887	307	98.06	0	-1.44	-9.90	0.00	0.00
11	11	ÄÐ	0	10.00	1	0	1	1	0	0.00	1	0	0	0	0	0	0	60	60	1	1	0	110	79786746	791	327	887	307	98.06	0	-1.45	-9.89	0.00	0.00
11	11	ÄÐ	0	10.00	1	0	1	1	0	0.00	1	0	0	0	0	0	0	60	60	1	1	0	111	79786786	791	327	887	307	98.06	0	-1.46	-9.89	0.00	0.00
11	11	ÄÐ	0	10.00	1	0	1	1	0	0.00	1	0	0	0	0	0	0	60	60	1	1	0	112	79786826	791	326	887	307	97.86	0	-1.48	-9.89	0.00	0.00
11	11	ÄÐ	0	10.00	1	0	1	1	0	0.00	1	0	0	0	0	0	0	60	60	1	1	0	113	79786866	791	326	887	307	97.86	0	-1.49	-9.89	0.00	0.00
11	11	ÄÐ	0	10.00	1	0	1	1	0	0.00	1	0	0	0	0	0	0	60	60	1	1	0	114	79786906	791	325	887	307	97.67	0	-1.50	-9.89	0.00	0.00
11	11	ÄÐ	0	10.00	1	0	1	1	0	0.00	1	0	0	0	0	0	0	60	60	1	1	0	115	79786946	791	325	887	307	97.67	0	-1.52	-9.88	0.00	0.00
11	11	ÄÐ	0	10.00	1	0	1	1	0	0.00	1	0	0	0	0	0	0	60	60	1	1	0	116	79786986	791	325	887	307	97.67	0	-1.53	-9.88	0.00	0.00
11	11	ÄÐ	0	10.00	1	0	1	1	0	0.00	1	0	0	0	0	0	0	60	60	1	1	0	117	79787026	791	324	887	307	97.49	0	-1.54	-9.88	0.00	0.00
11	11	ÄÐ	0	10.00	1	0	1	1	0	0.00	1	0	0	0	0	0	0	60	60	1	1	0	118	79787066	791	324	887	307	97.49	0	-1.56	-9.88	0.00	0.00
11	11	ÄÐ	0	10.00	1	0	1	1	0	0.00	1	0	0	0	0	0	0	60	60	1	1	0	119	79787106	791	323	887	307	97.32	0	-1.57	-9.88	0.00	0.00
11	11	ÄÐ	0	10.00	1	0	1	1	0	0.00	1	0	0	0	0	0	0	60	60	1	1	0	120	79787146	791	323	887	307	97.32	0	-1.58	-9.87	0.00	0.00
11	11	ÄÐ	0	10.00	1	0	1	1	0	0.00	1	0	0	0	0	0	0	60	60	1	1	0	121	79787186	791	323	887	307	97.32	0	-1.60	-9.87	0.00	0.00
11	11	ÄÐ	0	10.00	1	0	1	1	0	0.00	1	0	0	0	0	0	0	60	60	1	1	0	122	79787226	791	322	887	307	97.16	0	-1.61	-9.87	0.00	0.00
11	11	ÄÐ	0	10.00	1	0	1	1	0	0.00	1	0	0	0	0	0	0	60	60	1	1	0	123	79787266	791	322	887	307	97.16	0	-1.62	-9.87	0.00	0.00
11	11	ÄÐ	0	10.00	1	0	1	1	0	0.00	1	0	0	0	0	0	0	60	60	1	1	0	124	79787306	790	321	887	307	98.01	0	-1.64	-9.87	0.00	0.00
11	11	ÄÐ	0	10.00	1	0	1	1	0	0.00	1	0	0	0	0	0	0	60	60	1	1	0	125	79787346	790	321	887	307	98.01	0	-1.65	-9.86	0.00	0.00
11	11	ÄÐ	0	10.00	1	0	1	1	0	0.00	1	0	0	0	0	0	0	60	60	1	1	0	126	79787386	790	321	887	307	98.01	0	-1.66	-9.86	0.00	0.00
11	11	ÄÐ	0	10.00	1	0	1	1	0	0.00	1	0	0	0	0	0	0	60	60	1	1	0	127	79787426	790	320	887	307	97.87	0	-1.67	-9.86	0.00	0.00
11	11	ÄÐ	0	10.00	1	0	1	1	0	0.00	1	0	0	0	0	0	0	60	60	1	1	0	128	79787466	790	320	887	307	97.87	0	-1.69	-9.86	0.00	0.00
11	11	ÄÐ	0	10.00	1	0	1	1	0	0.00	1	0	0	0	0	0	0	60	60	1	1	0	129	79787506	790	319	887	307	97.74	0	-1.70	-9.85	0.00	0.00
11	11	ÄÐ	0	10.00	1	0	1	1	0	0.00	1	0	0	0	0	0	0	60	60	1	1	0	130	79787546	790	319	887	307	97.74	0	-1.71	-9.85	0.00	0.00
11	11	ÄÐ	0	10.00	1	0	1	1	0	0.00	1	0	0	0	0	0	0	60	60	1	1	0	131	79787586	790	319	887	307	97.74	0	-1.73	-9.85	0.00	0.00
11	11	ÄÐ	0	10.00	1	0	1	1	0	0.00	1	0	0	0	0	0	0	60	60	1	1	0	132	79787626	790	318	887	307	97.62	0	-1.74	-9.85	0.00	0.00
11	11	ÄÐ	0	10.00	1	0	1	1	0	0.00	1	0	0	0	0	0	0	60	60	1	1	0	133	79787666	790	318	887	307	97.62	0	-1.75	-9.85	0.00	0.00
11	11	ÄÐ	0	10.00	1	0	1	1	0	0.00	1	0	0	0	0	0	0	60	60	1	1	0	134	79787706	790	317	887	307	97.51	0	-1.77	-9.84	0.00	0.00
11	11	ÄÐ	0	10.00	1	0	1	1	0	0.00	1	0	0	0	0	0	0	60	60	1	1	0	135	79787746	790	317	887	307	97.51	0	-1.78	-9.84	0.00	0.00
11	11	ÄÐ	0	10.00	1	0	1	1	0	0.00	1	0	0	0	0	0	0	60	60	1	1	0	136	79787786	790	317	887	307	97.51	0	-1.79	-9.84	0.00	0.00
11	11	ÄÐ	0	10.00	1	0	1	1	0	0.00	1	0	0	0	0	0	0	60	60	1	1	0	137	79787826	790	316	887	307	97.42	0	-1.81	-9.84	0.00	0.00
11	11	ÄÐ	0	10.00	1	0	1	1	0	0.00	1	0	0	0	0	0	0	60	60	1	1	0	138	79787866	789	316	887	307	98.41	0	-1.82	-9.83	0.00	0.00
11	11	ÄÐ	0	10.00	1	0	1	1	0	0.00	1	0	0	0	0	0	0	60	60	1	1	0	139	79787906	789	316	887	307	98.41	0	-1.83	-9.83	0.00	0.00
11	11	ÄÐ	0	10.00	1	0	1	1	0	0.00	1	0	0	0	0	0	0	60	60	1	1	0	140	79787946	789	315	887	307	98.33	0	-1.85	-9.83	0.00	0.00
11	11	ÄÐ	0	10.00	1	0	1	1	0	0.00	1	0	0	0	0	0	0	60	60	1	1	0	141	79787986	789	315	887	307	98.33	0	-1.86	-9.83	0.00	0.00
11	11	ÄÐ	0	10.00	1	0	1	1	0	0.00	1	0	0	0	0	0	0	60	60	1	1	0	142	79788026	789	314	887	307	98.25	0	-1.87	-9.82	0.00	0.00
11	11	ÄÐ	0	10.00	1	0	1	1	0	0.00	1	0	0	0	0	0	0	60	60	1	1	0	143	79788066	789	314	887	307	98.25	0	-1.88	-9.82	0.00	0.00
11	11	ÄÐ	0	10.00	1	0	1	1	0	0.00	1	0	0	0	0	0	0	60	60	1	1	0	144	79788106	789	314	887	307	98.25	0	-1.90	-9.82	0.00	0.00
11	11	ÄÐ	0	10.00	1	0	1	1	0	0.00	1	0	0	0	0	0	0	60	60	1	1	0	145	79788146	789	313	887	307	98.18	0	-1.91	-9.82	0.00	0.00
11	11	ÄÐ	0	10.00	1	0	1	1	0	0.00	1	0	0	0	0	0	0	60	60	1	1	0	146	79788186	789	313	887	307	98.18	0	-1.92	-9.81	0.00	0.00
11	11	ÄÐ	0	10.00	1	0	1	1	0	0.00	1	0	0	0	0	0	0	60	60	1	1	0	147	79788226	789	312	887	307	98.13	0	-1.94	-9.81	0.00	0.00
11	11	ÄÐ	0	10.00	1	0	1	1	0	0.00	1	0	0	0	0	0	0	60	60	1	1	0	148	79788266	789	312	887	307	98.13	0	-1.95	-9.81	0.00	0.00
