ID	Name	Sex	Session	DistanceError	PracMode	ExperMode	MainTask	SubTask	Background	InitSpeed	CubeNum1	CubeNum2	CubeNum3	CubeNum4	Prototype	RefAxis	MemTaskMode	PracTime	ExperTime	PracTimes	ExperTimes	Pra_Test	PointNum	PointTime	ObjPointX	ObjPointY	PostPointX	PostPointY	Distance	Hit	ObjSpeedX	ObjSpeedY	PostSpeedX	PostSpeedY
11	11	ÄÐ	0	10.00	1	0	1	1	0	0.00	1	0	0	0	0	0	0	60	60	1	1	0	1	43464777	988	371	638	371	350.00	0	-0.00	-10.00	0.00	0.00
11	11	ÄÐ	0	10.00	1	0	1	1	0	0.00	1	0	0	0	0	0	0	60	60	1	1	0	2	43464817	987	370	638	371	349.00	0	-0.01	-10.00	-200.00	-200.00
11	11	ÄÐ	0	10.00	1	0	1	1	0	0.00	1	0	0	0	0	0	0	60	60	1	1	0	3	43464857	987	370	629	362	358.09	0	-0.02	-10.00	-200.00	-200.00
11	11	ÄÐ	0	10.00	1	0	1	1	0	0.00	1	0	0	0	0	0	0	60	60	1	1	0	4	43464897	987	369	621	354	366.31	0	-0.03	-10.00	-200.00	-200.00
11	11	ÄÐ	0	10.00	1	0	1	1	0	0.00	1	0	0	0	0	0	0	60	60	1	1	0	5	43464937	987	369	613	346	374.71	0	-0.05	-10.00	-200.00	-200.00
11	11	ÄÐ	0	10.00	1	0	1	1	0	0.00	1	0	0	0	0	0	0	60	60	1	1	0	6	43464977	987	368	605	338	383.18	0	-0.06	-10.00	-200.00	-200.00
11	11	ÄÐ	0	10.00	1	0	1	1	0	0.00	1	0	0	0	0	0	0	60	60	1	1	0	7	43465017	987	368	597	330	391.85	0	-0.07	-10.00	-200.00	-200.00
11	11	ÄÐ	0	10.00	1	0	1	1	0	0.00	1	0	0	0	0	0	0	60	60	1	1	0	8	43465057	987	368	589	322	400.65	0	-0.08	-10.00	0.00	-200.00
11	11	ÄÐ	0	10.00	1	0	1	1	0	0.00	1	0	0	0	0	0	0	60	60	1	1	0	9	43465097	987	367	589	314	401.51	0	-0.09	-10.00	0.00	0.00
11	11	ÄÐ	0	10.00	1	0	1	1	0	0.00	1	0	0	0	0	0	0	60	60	1	1	0	10	43465137	987	367	589	314	401.51	0	-0.10	-10.00	0.00	0.00
11	11	ÄÐ	0	10.00	1	0	1	1	0	0.00	1	0	0	0	0	0	0	60	60	1	1	0	11	43465177	987	366	589	314	401.38	0	-0.11	-10.00	0.00	0.00
11	11	ÄÐ	0	10.00	1	0	1	1	0	0.00	1	0	0	0	0	0	0	60	60	1	1	0	12	43465217	987	366	589	314	401.38	0	-0.13	-10.00	0.00	0.00
11	11	ÄÐ	0	10.00	1	0	1	1	0	0.00	1	0	0	0	0	0	0	60	60	1	1	0	13	43465257	987	366	589	314	401.38	0	-0.14	-10.00	0.00	0.00
11	11	ÄÐ	0	10.00	1	0	1	1	0	0.00	1	0	0	0	0	0	0	60	60	1	1	0	14	43465297	987	365	589	314	401.25	0	-0.15	-10.00	0.00	0.00
11	11	ÄÐ	0	10.00	1	0	1	1	0	0.00	1	0	0	0	0	0	0	60	60	1	1	0	15	43465337	987	365	589	314	401.25	0	-0.16	-10.00	0.00	0.00
11	11	ÄÐ	0	10.00	1	0	1	1	0	0.00	1	0	0	0	0	0	0	60	60	1	1	0	16	43465377	987	364	589	314	401.13	0	-0.17	-10.00	0.00	0.00
11	11	ÄÐ	0	10.00	1	0	1	1	0	0.00	1	0	0	0	0	0	0	60	60	1	1	0	17	43465417	987	364	589	314	401.13	0	-0.18	-10.00	0.00	0.00
11	11	ÄÐ	0	10.00	1	0	1	1	0	0.00	1	0	0	0	0	0	0	60	60	1	1	0	18	43465457	987	364	589	314	401.13	0	-0.19	-10.00	0.00	0.00
11	11	ÄÐ	0	10.00	1	0	1	1	0	0.00	1	0	0	0	0	0	0	60	60	1	1	0	19	43465497	987	363	589	314	401.00	0	-0.21	-10.00	0.00	0.00
11	11	ÄÐ	0	10.00	1	0	1	1	0	0.00	1	0	0	0	0	0	0	60	60	1	1	0	20	43465537	987	363	589	314	401.00	0	-0.22	-10.00	0.00	0.00
11	11	ÄÐ	0	10.00	1	0	1	1	0	0.00	1	0	0	0	0	0	0	60	60	1	1	0	21	43465577	987	362	589	314	400.88	0	-0.23	-10.00	0.00	0.00
11	11	ÄÐ	0	10.00	1	0	1	1	0	0.00	1	0	0	0	0	0	0	60	60	1	1	0	22	43465617	987	362	589	314	400.88	0	-0.24	-10.00	0.00	0.00
11	11	ÄÐ	0	10.00	1	0	1	1	0	0.00	1	0	0	0	0	0	0	60	60	1	1	0	23	43465657	987	362	589	314	400.88	0	-0.25	-10.00	0.00	0.00
11	11	ÄÐ	0	10.00	1	0	1	1	0	0.00	1	0	0	0	0	0	0	60	60	1	1	0	24	43465697	987	361	589	314	400.77	0	-0.26	-10.00	0.00	0.00
11	11	ÄÐ	0	10.00	1	0	1	1	0	0.00	1	0	0	0	0	0	0	60	60	1	1	0	25	43465737	987	361	589	314	400.77	0	-0.27	-10.00	0.00	0.00
11	11	ÄÐ	0	10.00	1	0	1	1	0	0.00	1	0	0	0	0	0	0	60	60	1	1	0	26	43465777	987	360	589	314	400.65	0	-0.29	-10.00	0.00	0.00
11	11	ÄÐ	0	10.00	1	0	1	1	0	0.00	1	0	0	0	0	0	0	60	60	1	1	0	27	43465817	987	360	589	314	400.65	0	-0.30	-10.00	0.00	0.00
11	11	ÄÐ	0	10.00	1	0	1	1	0	0.00	1	0	0	0	0	0	0	60	60	1	1	0	28	43465857	987	360	589	314	400.65	0	-0.31	-10.00	0.00	0.00
11	11	ÄÐ	0	10.00	1	0	1	1	0	0.00	1	0	0	0	0	0	0	60	60	1	1	0	29	43465897	987	359	589	314	400.54	0	-0.32	-9.99	0.00	0.00
11	11	ÄÐ	0	10.00	1	0	1	1	0	0.00	1	0	0	0	0	0	0	60	60	1	1	0	30	43465937	987	359	589	314	400.54	0	-0.33	-9.99	0.00	0.00
11	11	ÄÐ	0	10.00	1	0	1	1	0	0.00	1	0	0	0	0	0	0	60	60	1	1	0	31	43465977	987	358	589	314	400.42	0	-0.34	-9.99	0.00	0.00
11	11	ÄÐ	0	10.00	1	0	1	1	0	0.00	1	0	0	0	0	0	0	60	60	1	1	0	32	43466017	987	358	589	314	400.42	0	-0.35	-9.99	0.00	0.00
11	11	ÄÐ	0	10.00	1	0	1	1	0	0.00	1	0	0	0	0	0	0	60	60	1	1	0	33	43466057	987	358	589	314	400.42	0	-0.37	-9.99	0.00	0.00
11	11	ÄÐ	0	10.00	1	0	1	1	0	0.00	1	0	0	0	0	0	0	60	60	1	1	0	34	43466097	987	357	589	314	400.32	0	-0.38	-9.99	0.00	0.00
11	11	ÄÐ	0	10.00	1	0	1	1	0	0.00	1	0	0	0	0	0	0	60	60	1	1	0	35	43466137	987	357	589	314	400.32	0	-0.39	-9.99	0.00	0.00
11	11	ÄÐ	0	10.00	1	0	1	1	0	0.00	1	0	0	0	0	0	0	60	60	1	1	0	36	43466177	987	357	589	314	400.32	0	-0.40	-9.99	0.00	0.00
11	11	ÄÐ	0	10.00	1	0	1	1	0	0.00	1	0	0	0	0	0	0	60	60	1	1	0	37	43466217	987	356	589	314	400.21	0	-0.41	-9.99	0.00	0.00
11	11	ÄÐ	0	10.00	1	0	1	1	0	0.00	1	0	0	0	0	0	0	60	60	1	1	0	38	43466257	987	356	589	314	400.21	0	-0.42	-9.99	0.00	0.00
11	11	ÄÐ	0	10.00	1	0	1	1	0	0.00	1	0	0	0	0	0	0	60	60	1	1	0	39	43466297	987	355	589	314	400.11	0	-0.43	-9.99	0.00	0.00
11	11	ÄÐ	0	10.00	1	0	1	1	0	0.00	1	0	0	0	0	0	0	60	60	1	1	0	40	43466337	987	355	589	314	400.11	0	-0.45	-9.99	0.00	0.00
11	11	ÄÐ	0	10.00	1	0	1	1	0	0.00	1	0	0	0	0	0	0	60	60	1	1	0	41	43466377	987	355	589	314	400.11	0	-0.46	-9.99	0.00	0.00
11	11	ÄÐ	0	10.00	1	0	1	1	0	0.00	1	0	0	0	0	0	0	60	60	1	1	0	42	43466417	987	354	589	314	400.01	0	-0.47	-9.99	0.00	0.00
11	11	ÄÐ	0	10.00	1	0	1	1	0	0.00	1	0	0	0	0	0	0	60	60	1	1	0	43	43466457	987	354	589	314	400.01	0	-0.48	-9.99	0.00	0.00
11	11	ÄÐ	0	10.00	1	0	1	1	0	0.00	1	0	0	0	0	0	0	60	60	1	1	0	44	43466497	987	353	589	314	399.91	0	-0.49	-9.99	0.00	0.00
11	11	ÄÐ	0	10.00	1	0	1	1	0	0.00	1	0	0	0	0	0	0	60	60	1	1	0	45	43466537	987	353	589	314	399.91	0	-0.50	-9.99	0.00	0.00
11	11	ÄÐ	0	10.00	1	0	1	1	0	0.00	1	0	0	0	0	0	0	60	60	1	1	0	46	43466577	987	353	589	314	399.91	0	-0.51	-9.99	0.00	0.00
11	11	ÄÐ	0	10.00	1	0	1	1	0	0.00	1	0	0	0	0	0	0	60	60	1	1	0	47	43466617	987	352	589	314	399.81	0	-0.53	-9.99	0.00	0.00
11	11	ÄÐ	0	10.00	1	0	1	1	0	0.00	1	0	0	0	0	0	0	60	60	1	1	0	48	43466657	987	352	589	314	399.81	0	-0.54	-9.99	0.00	0.00
11	11	ÄÐ	0	10.00	1	0	1	1	0	0.00	1	0	0	0	0	0	0	60	60	1	1	0	49	43466697	987	351	589	314	399.72	0	-0.55	-9.98	0.00	0.00
11	11	ÄÐ	0	10.00	1	0	1	1	0	0.00	1	0	0	0	0	0	0	60	60	1	1	0	50	43466737	987	351	589	314	399.72	0	-0.56	-9.98	0.00	0.00
11	11	ÄÐ	0	10.00	1	0	1	1	0	0.00	1	0	0	0	0	0	0	60	60	1	1	0	51	43466777	987	351	589	314	399.72	0	-0.57	-9.98	0.00	0.00
11	11	ÄÐ	0	10.00	1	0	1	1	0	0.00	1	0	0	0	0	0	0	60	60	1	1	0	52	43466817	987	350	589	314	399.62	0	-0.58	-9.98	0.00	0.00
11	11	ÄÐ	0	10.00	1	0	1	1	0	0.00	1	0	0	0	0	0	0	60	60	1	1	0	53	43466857	987	350	589	314	399.62	0	-0.59	-9.98	0.00	0.00
11	11	ÄÐ	0	10.00	1	0	1	1	0	0.00	1	0	0	0	0	0	0	60	60	1	1	0	54	43466897	987	349	589	314	399.54	0	-0.61	-9.98	0.00	0.00
11	11	ÄÐ	0	10.00	1	0	1	1	0	0.00	1	0	0	0	0	0	0	60	60	1	1	0	55	43466937	987	349	589	314	399.54	0	-0.62	-9.98	0.00	0.00
11	11	ÄÐ	0	10.00	1	0	1	1	0	0.00	1	0	0	0	0	0	0	60	60	1	1	0	56	43466977	987	349	589	314	399.54	0	-0.63	-9.98	0.00	0.00
11	11	ÄÐ	0	10.00	1	0	1	1	0	0.00	1	0	0	0	0	0	0	60	60	1	1	0	57	43467017	987	348	589	314	399.45	0	-0.64	-9.98	0.00	0.00
11	11	ÄÐ	0	10.00	1	0	1	1	0	0.00	1	0	0	0	0	0	0	60	60	1	1	0	58	43467057	987	348	589	314	399.45	0	-0.65	-9.98	0.00	0.00
11	11	ÄÐ	0	10.00	1	0	1	1	0	0.00	1	0	0	0	0	0	0	60	60	1	1	0	59	43467097	987	347	589	314	399.37	0	-0.66	-9.98	0.00	0.00
11	11	ÄÐ	0	10.00	1	0	1	1	0	0.00	1	0	0	0	0	0	0	60	60	1	1	0	60	43467137	987	347	589	314	399.37	0	-0.67	-9.98	0.00	0.00
11	11	ÄÐ	0	10.00	1	0	1	1	0	0.00	1	0	0	0	0	0	0	60	60	1	1	0	61	43467177	987	347	589	314	399.37	0	-0.69	-9.98	0.00	0.00
11	11	ÄÐ	0	10.00	1	0	1	1	0	0.00	1	0	0	0	0	0	0	60	60	1	1	0	62	43467217	987	346	589	314	399.28	0	-0.70	-9.98	0.00	0.00
11	11	ÄÐ	0	10.00	1	0	1	1	0	0.00	1	0	0	0	0	0	0	60	60	1	1	0	63	43467257	987	346	589	314	399.28	0	-0.71	-9.97	0.00	0.00
11	11	ÄÐ	0	10.00	1	0	1	1	0	0.00	1	0	0	0	0	0	0	60	60	1	1	0	64	43467297	987	345	589	314	399.21	0	-0.72	-9.97	0.00	0.00
11	11	ÄÐ	0	10.00	1	0	1	1	0	0.00	1	0	0	0	0	0	0	60	60	1	1	0	65	43467337	987	345	589	314	399.21	0	-0.73	-9.97	0.00	0.00
11	11	ÄÐ	0	10.00	1	0	1	1	0	0.00	1	0	0	0	0	0	0	60	60	1	1	0	66	43467377	987	345	589	314	399.21	0	-0.74	-9.97	0.00	0.00
11	11	ÄÐ	0	10.00	1	0	1	1	0	0.00	1	0	0	0	0	0	0	60	60	1	1	0	67	43467417	987	344	589	314	399.13	0	-0.75	-9.97	0.00	0.00
11	11	ÄÐ	0	10.00	1	0	1	1	0	0.00	1	0	0	0	0	0	0	60	60	1	1	0	68	43467457	986	344	589	314	398.13	0	-0.77	-9.97	0.00	0.00
11	11	ÄÐ	0	10.00	1	0	1	1	0	0.00	1	0	0	0	0	0	0	60	60	1	1	0	69	43467497	986	343	589	314	398.06	0	-0.78	-9.97	0.00	0.00
11	11	ÄÐ	0	10.00	1	0	1	1	0	0.00	1	0	0	0	0	0	0	60	60	1	1	0	70	43467537	986	343	589	314	398.06	0	-0.79	-9.97	0.00	0.00
11	11	ÄÐ	0	10.00	1	0	1	1	0	0.00	1	0	0	0	0	0	0	60	60	1	1	0	71	43467577	986	343	589	314	398.06	0	-0.80	-9.97	0.00	0.00
11	11	ÄÐ	0	10.00	1	0	1	1	0	0.00	1	0	0	0	0	0	0	60	60	1	1	0	72	43467617	986	342	589	314	397.99	0	-0.81	-9.97	0.00	0.00
11	11	ÄÐ	0	10.00	1	0	1	1	0	0.00	1	0	0	0	0	0	0	60	60	1	1	0	73	43467657	986	342	589	314	397.99	0	-0.82	-9.97	0.00	0.00
11	11	ÄÐ	0	10.00	1	0	1	1	0	0.00	1	0	0	0	0	0	0	60	60	1	1	0	74	43467697	986	341	589	314	397.92	0	-0.83	-9.97	0.00	0.00
11	11	ÄÐ	0	10.00	1	0	1	1	0	0.00	1	0	0	0	0	0	0	60	60	1	1	0	75	43467737	986	341	589	314	397.92	0	-0.84	-9.96	0.00	0.00
11	11	ÄÐ	0	10.00	1	0	1	1	0	0.00	1	0	0	0	0	0	0	60	60	1	1	0	76	43467777	986	341	589	314	397.92	0	-0.86	-9.96	0.00	0.00
11	11	ÄÐ	0	10.00	1	0	1	1	0	0.00	1	0	0	0	0	0	0	60	60	1	1	0	77	43467817	986	340	589	314	397.85	0	-0.87	-9.96	0.00	0.00
11	11	ÄÐ	0	10.00	1	0	1	1	0	0.00	1	0	0	0	0	0	0	60	60	1	1	0	78	43467857	986	340	589	314	397.85	0	-0.88	-9.96	0.00	0.00
11	11	ÄÐ	0	10.00	1	0	1	1	0	0.00	1	0	0	0	0	0	0	60	60	1	1	0	79	43467897	986	339	589	314	397.79	0	-0.89	-9.96	0.00	0.00
11	11	ÄÐ	0	10.00	1	0	1	1	0	0.00	1	0	0	0	0	0	0	60	60	1	1	0	80	43467937	986	339	589	314	397.79	0	-0.90	-9.96	0.00	0.00
11	11	ÄÐ	0	10.00	1	0	1	1	0	0.00	1	0	0	0	0	0	0	60	60	1	1	0	81	43467977	986	339	589	314	397.79	0	-0.91	-9.96	0.00	0.00
11	11	ÄÐ	0	10.00	1	0	1	1	0	0.00	1	0	0	0	0	0	0	60	60	1	1	0	82	43468017	986	338	589	314	397.72	0	-0.92	-9.96	0.00	0.00
11	11	ÄÐ	0	10.00	1	0	1	1	0	0.00	1	0	0	0	0	0	0	60	60	1	1	0	83	43468057	986	338	589	314	397.72	0	-0.94	-9.96	0.00	0.00
11	11	ÄÐ	0	10.00	1	0	1	1	0	0.00	1	0	0	0	0	0	0	60	60	1	1	0	84	43468097	986	337	589	314	397.67	0	-0.95	-9.96	0.00	0.00
11	11	ÄÐ	0	10.00	1	0	1	1	0	0.00	1	0	0	0	0	0	0	60	60	1	1	0	85	43468137	986	337	589	314	397.67	0	-0.96	-9.95	0.00	0.00
11	11	ÄÐ	0	10.00	1	0	1	1	0	0.00	1	0	0	0	0	0	0	60	60	1	1	0	86	43468177	986	337	589	314	397.67	0	-0.97	-9.95	0.00	0.00
11	11	ÄÐ	0	10.00	1	0	1	1	0	0.00	1	0	0	0	0	0	0	60	60	1	1	0	87	43468217	986	336	589	314	397.61	0	-0.98	-9.95	0.00	0.00
11	11	ÄÐ	0	10.00	1	0	1	1	0	0.00	1	0	0	0	0	0	0	60	60	1	1	0	88	43468257	986	336	589	314	397.61	0	-0.99	-9.95	0.00	0.00
11	11	ÄÐ	0	10.00	1	0	1	1	0	0.00	1	0	0	0	0	0	0	60	60	1	1	0	89	43468297	986	335	589	314	397.56	0	-1.00	-9.95	0.00	0.00
11	11	ÄÐ	0	10.00	1	0	1	1	0	0.00	1	0	0	0	0	0	0	60	60	1	1	0	90	43468337	986	335	589	314	397.56	0	-1.02	-9.95	0.00	0.00
11	11	ÄÐ	0	10.00	1	0	1	1	0	0.00	1	0	0	0	0	0	0	60	60	1	1	0	91	43468377	986	335	589	314	397.56	0	-1.03	-9.95	0.00	0.00
11	11	ÄÐ	0	10.00	1	0	1	1	0	0.00	1	0	0	0	0	0	0	60	60	1	1	0	92	43468417	986	334	589	314	397.50	0	-1.04	-9.95	0.00	0.00
11	11	ÄÐ	0	10.00	1	0	1	1	0	0.00	1	0	0	0	0	0	0	60	60	1	1	0	93	43468457	986	334	589	314	397.50	0	-1.05	-9.94	0.00	0.00
11	11	ÄÐ	0	10.00	1	0	1	1	0	0.00	1	0	0	0	0	0	0	60	60	1	1	0	94	43468497	986	333	589	314	397.45	0	-1.06	-9.94	0.00	0.00
11	11	ÄÐ	0	10.00	1	0	1	1	0	0.00	1	0	0	0	0	0	0	60	60	1	1	0	95	43468537	985	333	589	314	396.46	0	-1.07	-9.94	0.00	0.00
11	11	ÄÐ	0	10.00	1	0	1	1	0	0.00	1	0	0	0	0	0	0	60	60	1	1	0	96	43468577	985	333	589	314	396.46	0	-1.08	-9.94	0.00	0.00
11	11	ÄÐ	0	10.00	1	0	1	1	0	0.00	1	0	0	0	0	0	0	60	60	1	1	0	97	43468617	985	332	589	314	396.41	0	-1.10	-9.94	0.00	0.00
11	11	ÄÐ	0	10.00	1	0	1	1	0	0.00	1	0	0	0	0	0	0	60	60	1	1	0	98	43468657	985	332	589	314	396.41	0	-1.11	-9.94	0.00	0.00
11	11	ÄÐ	0	10.00	1	0	1	1	0	0.00	1	0	0	0	0	0	0	60	60	1	1	0	99	43468697	985	331	589	314	396.36	0	-1.12	-9.94	0.00	0.00
11	11	ÄÐ	0	10.00	1	0	1	1	0	0.00	1	0	0	0	0	0	0	60	60	1	1	0	100	43468737	985	331	589	314	396.36	0	-1.13	-9.94	0.00	0.00
11	11	ÄÐ	0	10.00	1	0	1	1	0	0.00	1	0	0	0	0	0	0	60	60	1	1	0	101	43468777	985	331	589	314	396.36	0	-1.14	-9.93	0.00	0.00
11	11	ÄÐ	0	10.00	1	0	1	1	0	0.00	1	0	0	0	0	0	0	60	60	1	1	0	102	43468817	985	330	589	314	396.32	0	-1.15	-9.93	0.00	0.00
11	11	ÄÐ	0	10.00	1	0	1	1	0	0.00	1	0	0	0	0	0	0	60	60	1	1	0	103	43468857	985	330	589	314	396.32	0	-1.16	-9.93	0.00	0.00
11	11	ÄÐ	0	10.00	1	0	1	1	0	0.00	1	0	0	0	0	0	0	60	60	1	1	0	104	43468897	985	329	589	314	396.28	0	-1.17	-9.93	0.00	0.00
11	11	ÄÐ	0	10.00	1	0	1	1	0	0.00	1	0	0	0	0	0	0	60	60	1	1	0	105	43468937	985	329	589	314	396.28	0	-1.19	-9.93	0.00	0.00
11	11	ÄÐ	0	10.00	1	0	1	1	0	0.00	1	0	0	0	0	0	0	60	60	1	1	0	106	43468977	985	329	589	314	396.28	0	-1.20	-9.93	0.00	0.00
11	11	ÄÐ	0	10.00	1	0	1	1	0	0.00	1	0	0	0	0	0	0	60	60	1	1	0	107	43469017	985	328	589	314	396.25	0	-1.21	-9.93	0.00	0.00
11	11	ÄÐ	0	10.00	1	0	1	1	0	0.00	1	0	0	0	0	0	0	60	60	1	1	0	108	43469057	985	328	589	314	396.25	0	-1.22	-9.93	0.00	0.00
11	11	ÄÐ	0	10.00	1	0	1	1	0	0.00	1	0	0	0	0	0	0	60	60	1	1	0	109	43469097	985	327	589	314	396.21	0	-1.23	-9.92	0.00	0.00
11	11	ÄÐ	0	10.00	1	0	1	1	0	0.00	1	0	0	0	0	0	0	60	60	1	1	0	110	43469137	985	327	589	314	396.21	0	-1.24	-9.92	0.00	0.00
11	11	ÄÐ	0	10.00	1	0	1	1	0	0.00	1	0	0	0	0	0	0	60	60	1	1	0	111	43469177	985	327	589	314	396.21	0	-1.25	-9.92	0.00	0.00
11	11	ÄÐ	0	10.00	1	0	1	1	0	0.00	1	0	0	0	0	0	0	60	60	1	1	0	112	43469217	985	326	589	314	396.18	0	-1.27	-9.92	0.00	0.00
11	11	ÄÐ	0	10.00	1	0	1	1	0	0.00	1	0	0	0	0	0	0	60	60	1	1	0	113	43469257	985	326	589	314	396.18	0	-1.28	-9.92	0.00	0.00
11	11	ÄÐ	0	10.00	1	0	1	1	0	0.00	1	0	0	0	0	0	0	60	60	1	1	0	114	43469297	985	325	589	314	396.15	0	-1.29	-9.92	0.00	0.00
11	11	ÄÐ	0	10.00	1	0	1	1	0	0.00	1	0	0	0	0	0	0	60	60	1	1	0	115	43469337	985	325	589	314	396.15	0	-1.30	-9.92	0.00	0.00
11	11	ÄÐ	0	10.00	1	0	1	1	0	0.00	1	0	0	0	0	0	0	60	60	1	1	0	116	43469377	984	325	589	314	395.15	0	-1.31	-9.91	0.00	0.00
11	11	ÄÐ	0	10.00	1	0	1	1	0	0.00	1	0	0	0	0	0	0	60	60	1	1	0	117	43469417	984	324	589	314	395.13	0	-1.32	-9.91	0.00	0.00
11	11	ÄÐ	0	10.00	1	0	1	1	0	0.00	1	0	0	0	0	0	0	60	60	1	1	0	118	43469457	984	324	589	314	395.13	0	-1.33	-9.91	0.00	0.00
11	11	ÄÐ	0	10.00	1	0	1	1	0	0.00	1	0	0	0	0	0	0	60	60	1	1	0	119	43469497	984	323	589	314	395.10	0	-1.34	-9.91	0.00	0.00
11	11	ÄÐ	0	10.00	1	0	1	1	0	0.00	1	0	0	0	0	0	0	60	60	1	1	0	120	43469537	984	323	589	314	395.10	0	-1.36	-9.91	0.00	0.00
11	11	ÄÐ	0	10.00	1	0	1	1	0	0.00	1	0	0	0	0	0	0	60	60	1	1	0	121	43469577	984	323	589	314	395.10	0	-1.37	-9.91	0.00	0.00
11	11	ÄÐ	0	10.00	1	0	1	1	0	0.00	1	0	0	0	0	0	0	60	60	1	1	0	122	43469617	984	322	589	314	395.08	0	-1.38	-9.90	0.00	0.00
11	11	ÄÐ	0	10.00	1	0	1	1	0	0.00	1	0	0	0	0	0	0	60	60	1	1	0	123	43469657	984	322	589	314	395.08	0	-1.39	-9.90	0.00	0.00
11	11	ÄÐ	0	10.00	1	0	1	1	0	0.00	1	0	0	0	0	0	0	60	60	1	1	0	124	43469697	984	321	589	314	395.06	0	-1.40	-9.90	0.00	0.00
11	11	ÄÐ	0	10.00	1	0	1	1	0	0.00	1	0	0	0	0	0	0	60	60	1	1	0	125	43469737	984	321	589	314	395.06	0	-1.41	-9.90	0.00	0.00
11	11	ÄÐ	0	10.00	1	0	1	1	0	0.00	1	0	0	0	0	0	0	60	60	1	1	0	126	43469777	984	321	589	314	395.06	0	-1.42	-9.90	0.00	0.00
11	11	ÄÐ	0	10.00	1	0	1	1	0	0.00	1	0	0	0	0	0	0	60	60	1	1	0	127	43469817	984	320	589	314	395.05	0	-1.44	-9.90	0.00	0.00
11	11	ÄÐ	0	10.00	1	0	1	1	0	0.00	1	0	0	0	0	0	0	60	60	1	1	0	128	43469857	984	320	589	314	395.05	0	-1.45	-9.89	0.00	0.00
11	11	ÄÐ	0	10.00	1	0	1	1	0	0.00	1	0	0	0	0	0	0	60	60	1	1	0	129	43469897	984	319	589	314	395.03	0	-1.46	-9.89	0.00	0.00
11	11	ÄÐ	0	10.00	1	0	1	1	0	0.00	1	0	0	0	0	0	0	60	60	1	1	0	130	43469937	984	319	589	314	395.03	0	-1.47	-9.89	0.00	0.00
11	11	ÄÐ	0	10.00	1	0	1	1	0	0.00	1	0	0	0	0	0	0	60	60	1	1	0	131	43469977	984	319	589	314	395.03	0	-1.48	-9.89	0.00	0.00
11	11	ÄÐ	0	10.00	1	0	1	1	0	0.00	1	0	0	0	0	0	0	60	60	1	1	0	132	43470017	984	318	589	314	395.02	0	-1.49	-9.89	0.00	0.00
11	11	ÄÐ	0	10.00	1	0	1	1	0	0.00	1	0	0	0	0	0	0	60	60	1	1	0	133	43470057	984	318	589	314	395.02	0	-1.50	-9.89	0.00	0.00
11	11	ÄÐ	0	10.00	1	0	1	1	0	0.00	1	0	0	0	0	0	0	60	60	1	1	0	134	43470097	983	317	589	314	394.01	0	-1.51	-9.88	0.00	0.00
11	11	ÄÐ	0	10.00	1	0	1	1	0	0.00	1	0	0	0	0	0	0	60	60	1	1	0	135	43470137	983	317	589	314	394.01	0	-1.53	-9.88	0.00	0.00
11	11	ÄÐ	0	10.00	1	0	1	1	0	0.00	1	0	0	0	0	0	0	60	60	1	1	0	136	43470177	983	317	589	314	394.01	0	-1.54	-9.88	0.00	0.00
11	11	ÄÐ	0	10.00	1	0	1	1	0	0.00	1	0	0	0	0	0	0	60	60	1	1	0	137	43470217	983	316	589	314	394.01	0	-1.55	-9.88	0.00	0.00
11	11	ÄÐ	0	10.00	1	0	1	1	0	0.00	1	0	0	0	0	0	0	60	60	1	1	0	138	43470257	983	316	589	314	394.01	0	-1.56	-9.88	0.00	0.00
11	11	ÄÐ	0	10.00	1	0	1	1	0	0.00	1	0	0	0	0	0	0	60	60	1	1	0	139	43470297	983	316	589	314	394.01	0	-1.57	-9.88	0.00	0.00
11	11	ÄÐ	0	10.00	1	0	1	1	0	0.00	1	0	0	0	0	0	0	60	60	1	1	0	140	43470337	983	315	589	314	394.00	0	-1.58	-9.87	0.00	0.00
11	11	ÄÐ	0	10.00	1	0	1	1	0	0.00	1	0	0	0	0	0	0	60	60	1	1	0	141	43470377	983	315	589	314	394.00	0	-1.59	-9.87	0.00	0.00
11	11	ÄÐ	0	10.00	1	0	1	1	0	0.00	1	0	0	0	0	0	0	60	60	1	1	0	142	43470417	983	314	589	314	394.00	0	-1.60	-9.87	0.00	0.00
11	11	ÄÐ	0	10.00	1	0	1	1	0	0.00	1	0	0	0	0	0	0	60	60	1	1	0	143	43470457	983	314	589	314	394.00	0	-1.62	-9.87	0.00	0.00
11	11	ÄÐ	0	10.00	1	0	1	1	0	0.00	1	0	0	0	0	0	0	60	60	1	1	0	144	43470497	983	314	589	314	394.00	0	-1.63	-9.87	0.00	0.00
11	11	ÄÐ	0	10.00	1	0	1	1	0	0.00	1	0	0	0	0	0	0	60	60	1	1	0	145	43470537	983	313	589	314	394.00	0	-1.64	-9.86	0.00	0.00
11	11	ÄÐ	0	10.00	1	0	1	1	0	0.00	1	0	0	0	0	0	0	60	60	1	1	0	146	43470577	983	313	589	314	394.00	0	-1.65	-9.86	0.00	0.00
11	11	ÄÐ	0	10.00	1	0	1	1	0	0.00	1	0	0	0	0	0	0	60	60	1	1	0	147	43470617	983	312	589	314	394.01	0	-1.66	-9.86	0.00	0.00
11	11	ÄÐ	0	10.00	1	0	1	1	0	0.00	1	0	0	0	0	0	0	60	60	1	1	0	148	43470657	983	312	589	314	394.01	0	-1.67	-9.86	0.00	0.00
11	11	ÄÐ	0	10.00	1	0	1	1	0	0.00	1	0	0	0	0	0	0	60	60	1	1	0	149	43470697	983	312	589	314	394.01	0	-1.68	-9.86	0.00	0.00
11	11	ÄÐ	0	10.00	1	0	1	1	0	0.00	1	0	0	0	0	0	0	60	60	1	1	0	150	43470737	982	311	589	314	393.01	0	-1.70	-9.86	0.00	0.00
11	11	ÄÐ	0	10.00	1	0	1	1	0	0.00	1	0	0	0	0	0	0	60	60	1	1	0	151	43470777	982	311	589	314	393.01	0	-1.71	-9.85	0.00	0.00
11	11	ÄÐ	0	10.00	1	0	1	1	0	0.00	1	0	0	0	0	0	0	60	60	1	1	0	152	43470817	982	310	589	314	393.02	0	-1.72	-9.85	0.00	0.00
11	11	ÄÐ	0	10.00	1	0	1	1	0	0.00	1	0	0	0	0	0	0	60	60	1	1	0	153	43470857	982	310	589	314	393.02	0	-1.73	-9.85	0.00	0.00
11	11	ÄÐ	0	10.00	1	0	1	1	0	0.00	1	0	0	0	0	0	0	60	60	1	1	0	154	43470897	982	310	589	314	393.02	0	-1.74	-9.85	0.00	0.00
11	11	ÄÐ	0	10.00	1	0	1	1	0	0.00	1	0	0	0	0	0	0	60	60	1	1	0	155	43470937	982	309	589	314	393.03	0	-1.75	-9.85	0.00	0.00
11	11	ÄÐ	0	10.00	1	0	1	1	0	0.00	1	0	0	0	0	0	0	60	60	1	1	0	156	43470977	982	309	589	314	393.03	0	-1.76	-9.84	0.00	0.00
11	11	ÄÐ	0	10.00	1	0	1	1	0	0.00	1	0	0	0	0	0	0	60	60	1	1	0	157	43471017	982	308	589	314	393.05	0	-1.77	-9.84	0.00	0.00
11	11	ÄÐ	0	10.00	1	0	1	1	0	0.00	1	0	0	0	0	0	0	60	60	1	1	0	158	43471057	982	308	589	314	393.05	0	-1.79	-9.84	0.00	0.00
11	11	ÄÐ	0	10.00	1	0	1	1	0	0.00	1	0	0	0	0	0	0	60	60	1	1	0	159	43471097	982	308	589	314	393.05	0	-1.80	-9.84	0.00	0.00
11	11	ÄÐ	0	10.00	1	0	1	1	0	0.00	1	0	0	0	0	0	0	60	60	1	1	0	160	43471137	982	307	589	314	393.06	0	-1.81	-9.84	0.00	0.00
11	11	ÄÐ	0	10.00	1	0	1	1	0	0.00	1	0	0	0	0	0	0	60	60	1	1	0	161	43471177	982	307	589	314	393.06	0	-1.82	-9.83	0.00	0.00
11	11	ÄÐ	0	10.00	1	0	1	1	0	0.00	1	0	0	0	0	0	0	60	60	1	1	0	162	43471217	982	306	589	314	393.08	0	-1.83	-9.83	0.00	0.00
11	11	ÄÐ	0	10.00	1	0	1	1	0	0.00	1	0	0	0	0	0	0	60	60	1	1	0	163	43471257	982	306	589	314	393.08	0	-1.84	-9.83	0.00	0.00
11	11	ÄÐ	0	10.00	1	0	1	1	0	0.00	1	0	0	0	0	0	0	60	60	1	1	0	164	43471297	981	306	589	314	392.08	0	-1.85	-9.83	0.00	0.00
11	11	ÄÐ	0	10.00	1	0	1	1	0	0.00	1	0	0	0	0	0	0	60	60	1	1	0	165	43471337	981	305	589	314	392.10	0	-1.86	-9.82	0.00	0.00
11	11	ÄÐ	0	10.00	1	0	1	1	0	0.00	1	0	0	0	0	0	0	60	60	1	1	0	166	43471377	981	305	589	314	392.10	0	-1.88	-9.82	0.00	0.00
