ID	Name	Sex	Session	DistanceError	PracMode	ExperMode	MainTask	SubTask	Background	InitSpeed	CubeNum1	CubeNum2	CubeNum3	CubeNum4	Prototype	RefAxis	MemTaskMode	PracTime	ExperTime	PracTimes	ExperTimes	Pra_Test	PointNum	PointTime	ObjPointX	ObjPointY	PostPointX	PostPointY	Distance	Hit	ObjSpeedX	ObjSpeedY	PostSpeedX	PostSpeedY
11	11	ÄÐ	0	10.00	1	0	1	1	0	0.00	1	0	0	0	0	0	1	60	60	1	1	0	1	46240431	938	371	638	371	300.00	0	-0.00	-10.00	0.00	0.00
11	11	ÄÐ	0	10.00	1	0	1	1	0	0.00	1	0	0	0	0	0	1	60	60	1	1	0	2	46240481	937	370	638	371	299.00	0	-0.02	-10.00	200.00	-200.00
11	11	ÄÐ	0	10.00	1	0	1	1	0	0.00	1	0	0	0	0	0	1	60	60	1	1	0	3	46240521	937	370	646	363	291.08	0	-0.03	-10.00	200.00	-200.00
11	11	ÄÐ	0	10.00	1	0	1	1	0	0.00	1	0	0	0	0	0	1	60	60	1	1	0	4	46240561	937	369	654	354	283.40	0	-0.04	-10.00	200.00	-200.00
11	11	ÄÐ	0	10.00	1	0	1	1	0	0.00	1	0	0	0	0	0	1	60	60	1	1	0	5	46240601	937	369	662	346	275.96	0	-0.06	-10.00	200.00	-200.00
11	11	ÄÐ	0	10.00	1	0	1	1	0	0.00	1	0	0	0	0	0	1	60	60	1	1	0	6	46240641	937	368	670	338	268.68	0	-0.07	-10.00	200.00	-200.00
11	11	ÄÐ	0	10.00	1	0	1	1	0	0.00	1	0	0	0	0	0	1	60	60	1	1	0	7	46240681	937	368	678	330	261.77	0	-0.08	-10.00	0.00	-200.00
11	11	ÄÐ	0	10.00	1	0	1	1	0	0.00	1	0	0	0	0	0	1	60	60	1	1	0	8	46240721	937	368	678	322	263.05	0	-0.10	-10.00	0.00	0.00
11	11	ÄÐ	0	10.00	1	0	1	1	0	0.00	1	0	0	0	0	0	1	60	60	1	1	0	9	46240761	937	367	678	322	262.88	0	-0.11	-10.00	0.00	0.00
11	11	ÄÐ	0	10.00	1	0	1	1	0	0.00	1	0	0	0	0	0	1	60	60	1	1	0	10	46240801	937	367	678	322	262.88	0	-0.12	-10.00	0.00	0.00
11	11	ÄÐ	0	10.00	1	0	1	1	0	0.00	1	0	0	0	0	0	1	60	60	1	1	0	11	46240841	937	366	678	322	262.71	0	-0.14	-10.00	0.00	0.00
11	11	ÄÐ	0	10.00	1	0	1	1	0	0.00	1	0	0	0	0	0	1	60	60	1	1	0	12	46240881	937	366	678	322	262.71	0	-0.15	-10.00	0.00	0.00
11	11	ÄÐ	0	10.00	1	0	1	1	0	0.00	1	0	0	0	0	0	1	60	60	1	1	0	13	46240921	937	366	678	322	262.71	0	-0.16	-10.00	0.00	0.00
11	11	ÄÐ	0	10.00	1	0	1	1	0	0.00	1	0	0	0	0	0	1	60	60	1	1	0	14	46240961	937	365	678	322	262.55	0	-0.18	-10.00	0.00	0.00
11	11	ÄÐ	0	10.00	1	0	1	1	0	0.00	1	0	0	0	0	0	1	60	60	1	1	0	15	46241001	937	365	678	322	262.55	0	-0.19	-10.00	-200.00	0.00
11	11	ÄÐ	0	10.00	1	0	1	1	0	0.00	1	0	0	0	0	0	1	60	60	1	1	0	16	46241041	937	364	670	322	270.28	0	-0.20	-10.00	-200.00	-200.00
11	11	ÄÐ	0	10.00	1	0	1	1	0	0.00	1	0	0	0	0	0	1	60	60	1	1	0	17	46241081	937	364	662	314	279.51	0	-0.22	-10.00	-200.00	-200.00
11	11	ÄÐ	0	10.00	1	0	1	1	0	0.00	1	0	0	0	0	0	1	60	60	1	1	0	18	46241121	937	364	653	306	289.86	0	-0.23	-10.00	-200.00	-200.00
11	11	ÄÐ	0	10.00	1	0	1	1	0	0.00	1	0	0	0	0	0	1	60	60	1	1	0	19	46241161	937	363	645	298	299.15	0	-0.24	-10.00	-200.00	-200.00
11	11	ÄÐ	0	10.00	1	0	1	1	0	0.00	1	0	0	0	0	0	1	60	60	1	1	0	20	46241201	937	363	637	290	308.75	0	-0.26	-10.00	-200.00	-200.00
11	11	ÄÐ	0	10.00	1	0	1	1	0	0.00	1	0	0	0	0	0	1	60	60	1	1	0	21	46241241	937	362	629	282	318.22	0	-0.27	-10.00	-200.00	-200.00
11	11	ÄÐ	0	10.00	1	0	1	1	0	0.00	1	0	0	0	0	0	1	60	60	1	1	0	22	46241281	937	362	621	274	328.02	0	-0.28	-10.00	-200.00	0.00
11	11	ÄÐ	0	10.00	1	0	1	1	0	0.00	1	0	0	0	0	0	1	60	60	1	1	0	23	46241321	937	362	613	274	335.74	0	-0.30	-10.00	0.00	0.00
11	11	ÄÐ	0	10.00	1	0	1	1	0	0.00	1	0	0	0	0	0	1	60	60	1	1	0	24	46241361	937	361	613	274	335.48	0	-0.31	-10.00	0.00	0.00
11	11	ÄÐ	0	10.00	1	0	1	1	0	0.00	1	0	0	0	0	0	1	60	60	1	1	0	25	46241401	937	361	613	274	335.48	0	-0.32	-9.99	0.00	0.00
11	11	ÄÐ	0	10.00	1	0	1	1	0	0.00	1	0	0	0	0	0	1	60	60	1	1	0	26	46241441	937	360	613	274	335.22	0	-0.34	-9.99	0.00	0.00
11	11	ÄÐ	0	10.00	1	0	1	1	0	0.00	1	0	0	0	0	0	1	60	60	1	1	0	27	46241481	937	360	613	274	335.22	0	-0.35	-9.99	0.00	0.00
11	11	ÄÐ	0	10.00	1	0	1	1	0	0.00	1	0	0	0	0	0	1	60	60	1	1	0	28	46241521	937	360	613	274	335.22	0	-0.36	-9.99	0.00	0.00
