ID	Name	Sex	Session	DistanceError	PracMode	ExperMode	MainTask	SubTask	Background	InitSpeed	CubeNum1	CubeNum2	CubeNum3	CubeNum4	Prototype	RefAxis	MemTaskMode	PracTime	ExperTime	PracTimes	ExperTimes	Pra_Test	PointNum	PointTime	ObjPointX	ObjPointY	PostPointX	PostPointY	Distance	Hit	ObjSpeedX	ObjSpeedY	PostSpeedX	PostSpeedY
11	11	ÄÐ	0	10.00	1	0	1	1	0	0.00	1	0	0	0	0	0	1	60	60	1	1	0	1	66167818	938	371	638	371	300.00	0	-0.00	-10.00	0.00	0.00
11	11	ÄÐ	0	10.00	1	0	1	1	0	0.00	1	0	0	0	0	0	1	60	60	1	1	0	2	66167901	937	370	638	371	299.00	0	-0.03	-10.00	200.00	-200.00
11	11	ÄÐ	0	10.00	1	0	1	1	0	0.00	1	0	0	0	0	0	1	60	60	1	1	0	3	66167941	937	369	646	363	291.06	0	-0.04	-10.00	200.00	-200.00
11	11	ÄÐ	0	10.00	1	0	1	1	0	0.00	1	0	0	0	0	0	1	60	60	1	1	0	4	66167981	937	369	654	354	283.40	0	-0.05	-10.00	200.00	-200.00
11	11	ÄÐ	0	10.00	1	0	1	1	0	0.00	1	0	0	0	0	0	1	60	60	1	1	0	5	66168021	937	368	662	346	275.88	0	-0.07	-10.00	0.00	0.00
11	11	ÄÐ	0	10.00	1	0	1	1	0	0.00	1	0	0	0	0	0	1	60	60	1	1	0	6	66168061	937	368	662	346	275.88	0	-0.08	-10.00	0.00	0.00
11	11	ÄÐ	0	10.00	1	0	1	1	0	0.00	1	0	0	0	0	0	1	60	60	1	1	0	7	66168101	937	368	662	346	275.88	0	-0.09	-10.00	0.00	0.00
11	11	ÄÐ	0	10.00	1	0	1	1	0	0.00	1	0	0	0	0	0	1	60	60	1	1	0	8	66168141	937	367	662	346	275.80	0	-0.11	-10.00	0.00	0.00
11	11	ÄÐ	0	10.00	1	0	1	1	0	0.00	1	0	0	0	0	0	1	60	60	1	1	0	9	66168181	937	367	662	346	275.80	0	-0.12	-10.00	0.00	0.00
11	11	ÄÐ	0	10.00	1	0	1	1	0	0.00	1	0	0	0	0	0	1	60	60	1	1	0	10	66168221	937	366	662	346	275.73	0	-0.13	-10.00	0.00	0.00
11	11	ÄÐ	0	10.00	1	0	1	1	0	0.00	1	0	0	0	0	0	1	60	60	1	1	0	11	66168261	937	366	662	346	275.73	0	-0.15	-10.00	0.00	0.00
11	11	ÄÐ	0	10.00	1	0	1	1	0	0.00	1	0	0	0	0	0	1	60	60	1	1	0	12	66168301	937	366	662	346	275.73	0	-0.16	-10.00	0.00	0.00
11	11	ÄÐ	0	10.00	1	0	1	1	0	0.00	1	0	0	0	0	0	1	60	60	1	1	0	13	66168341	937	365	662	346	275.66	0	-0.17	-10.00	0.00	0.00
11	11	ÄÐ	0	10.00	1	0	1	1	0	0.00	1	0	0	0	0	0	1	60	60	1	1	0	14	66168381	937	365	662	346	275.66	0	-0.19	-10.00	0.00	0.00
11	11	ÄÐ	0	10.00	1	0	1	1	0	0.00	1	0	0	0	0	0	1	60	60	1	1	0	15	66168421	937	364	662	346	275.59	0	-0.20	-10.00	0.00	0.00
11	11	ÄÐ	0	10.00	1	0	1	1	0	0.00	1	0	0	0	0	0	1	60	60	1	1	0	16	66168461	937	364	662	346	275.59	0	-0.21	-10.00	0.00	0.00
11	11	ÄÐ	0	10.00	1	0	1	1	0	0.00	1	0	0	0	0	0	1	60	60	1	1	0	17	66168501	937	364	662	346	275.59	0	-0.23	-10.00	0.00	0.00
11	11	ÄÐ	0	10.00	1	0	1	1	0	0.00	1	0	0	0	0	0	1	60	60	1	1	0	18	66168541	937	363	662	346	275.52	0	-0.24	-10.00	0.00	0.00
11	11	ÄÐ	0	10.00	1	0	1	1	0	0.00	1	0	0	0	0	0	1	60	60	1	1	0	19	66168581	937	363	662	346	275.52	0	-0.25	-10.00	0.00	0.00
11	11	ÄÐ	0	10.00	1	0	1	1	0	0.00	1	0	0	0	0	0	1	60	60	1	1	0	20	66168621	937	362	662	346	275.47	0	-0.27	-10.00	0.00	0.00
11	11	ÄÐ	0	10.00	1	0	1	1	0	0.00	1	0	0	0	0	0	1	60	60	1	1	0	21	66168661	937	362	662	346	275.47	0	-0.28	-10.00	0.00	0.00
11	11	ÄÐ	0	10.00	1	0	1	1	0	0.00	1	0	0	0	0	0	1	60	60	1	1	0	22	66168701	937	362	662	346	275.47	0	-0.29	-10.00	0.00	0.00
11	11	ÄÐ	0	10.00	1	0	1	1	0	0.00	1	0	0	0	0	0	1	60	60	1	1	0	23	66168741	937	361	662	346	275.41	0	-0.31	-10.00	0.00	0.00
11	11	ÄÐ	0	10.00	1	0	1	1	0	0.00	1	0	0	0	0	0	1	60	60	1	1	0	24	66168781	937	361	662	346	275.41	0	-0.32	-9.99	0.00	0.00
11	11	ÄÐ	0	10.00	1	0	1	1	0	0.00	1	0	0	0	0	0	1	60	60	1	1	0	25	66168821	937	360	662	346	275.36	0	-0.33	-9.99	0.00	0.00
11	11	ÄÐ	0	10.00	1	0	1	1	0	0.00	1	0	0	0	0	0	1	60	60	1	1	0	26	66168861	937	360	662	346	275.36	0	-0.35	-9.99	0.00	0.00
11	11	ÄÐ	0	10.00	1	0	1	1	0	0.00	1	0	0	0	0	0	1	60	60	1	1	0	27	66168901	937	360	662	346	275.36	0	-0.36	-9.99	200.00	0.00
11	11	ÄÐ	0	10.00	1	0	1	1	0	0.00	1	0	0	0	0	0	1	60	60	1	1	0	28	66168941	937	359	670	346	267.32	0	-0.37	-9.99	200.00	0.00
11	11	ÄÐ	0	10.00	1	0	1	1	0	0.00	1	0	0	0	0	0	1	60	60	1	1	0	29	66168981	937	359	678	346	259.33	0	-0.39	-9.99	200.00	0.00
11	11	ÄÐ	0	10.00	1	0	1	1	0	0.00	1	0	0	0	0	0	1	60	60	1	1	0	30	66169021	937	358	686	346	251.29	0	-0.40	-9.99	200.00	0.00
11	11	ÄÐ	0	10.00	1	0	1	1	0	0.00	1	0	0	0	0	0	1	60	60	1	1	0	31	66169061	937	358	694	346	243.30	0	-0.41	-9.99	200.00	0.00
11	11	ÄÐ	0	10.00	1	0	1	1	0	0.00	1	0	0	0	0	0	1	60	60	1	1	0	32	66169101	937	358	702	346	235.31	0	-0.43	-9.99	200.00	0.00
11	11	ÄÐ	0	10.00	1	0	1	1	0	0.00	1	0	0	0	0	0	1	60	60	1	1	0	33	66169141	937	357	710	346	227.27	0	-0.44	-9.99	200.00	0.00
11	11	ÄÐ	0	10.00	1	0	1	1	0	0.00	1	0	0	0	0	0	1	60	60	1	1	0	34	66169181	937	357	718	346	219.28	0	-0.45	-9.99	200.00	0.00
11	11	ÄÐ	0	10.00	1	0	1	1	0	0.00	1	0	0	0	0	0	1	60	60	1	1	0	35	66169221	937	356	726	346	211.24	0	-0.47	-9.99	200.00	0.00
11	11	ÄÐ	0	10.00	1	0	1	1	0	0.00	1	0	0	0	0	0	1	60	60	1	1	0	36	66169261	937	356	734	346	203.25	0	-0.48	-9.99	200.00	0.00
11	11	ÄÐ	0	10.00	1	0	1	1	0	0.00	1	0	0	0	0	0	1	60	60	1	1	0	37	66169301	937	356	742	346	195.26	0	-0.49	-9.99	200.00	0.00
11	11	ÄÐ	0	10.00	1	0	1	1	0	0.00	1	0	0	0	0	0	1	60	60	1	1	0	38	66169341	937	355	750	346	187.22	0	-0.51	-9.99	200.00	0.00
11	11	ÄÐ	0	10.00	1	0	1	1	0	0.00	1	0	0	0	0	0	1	60	60	1	1	0	39	66169381	937	355	758	346	179.23	0	-0.52	-9.99	200.00	0.00
11	11	ÄÐ	0	10.00	1	0	1	1	0	0.00	1	0	0	0	0	0	1	60	60	1	1	0	40	66169421	937	354	766	346	171.19	0	-0.53	-9.99	200.00	0.00
11	11	ÄÐ	0	10.00	1	0	1	1	0	0.00	1	0	0	0	0	0	1	60	60	1	1	0	41	66169461	937	354	774	346	163.20	0	-0.55	-9.98	200.00	0.00
11	11	ÄÐ	0	10.00	1	0	1	1	0	0.00	1	0	0	0	0	0	1	60	60	1	1	0	42	66169501	937	354	782	346	155.21	0	-0.56	-9.98	200.00	0.00
11	11	ÄÐ	0	10.00	1	0	1	1	0	0.00	1	0	0	0	0	0	1	60	60	1	1	0	43	66169541	937	353	790	346	147.17	0	-0.57	-9.98	200.00	0.00
11	11	ÄÐ	0	10.00	1	0	1	1	0	0.00	1	0	0	0	0	0	1	60	60	1	1	0	44	66169581	937	353	798	346	139.18	0	-0.59	-9.98	200.00	0.00
11	11	ÄÐ	0	10.00	1	0	1	1	0	0.00	1	0	0	0	0	0	1	60	60	1	1	0	45	66169621	937	352	806	346	131.14	0	-0.60	-9.98	200.00	0.00
11	11	ÄÐ	0	10.00	1	0	1	1	0	0.00	1	0	0	0	0	0	1	60	60	1	1	0	46	66169661	937	352	814	346	123.15	0	-0.61	-9.98	200.00	0.00
11	11	ÄÐ	0	10.00	1	0	1	1	0	0.00	1	0	0	0	0	0	1	60	60	1	1	0	47	66169701	937	352	822	346	115.16	0	-0.63	-9.98	200.00	0.00
11	11	ÄÐ	0	10.00	1	0	1	1	0	0.00	1	0	0	0	0	0	1	60	60	1	1	0	48	66169741	937	351	830	346	107.12	0	-0.64	-9.98	200.00	0.00
11	11	ÄÐ	0	10.00	1	0	1	1	0	0.00	1	0	0	0	0	0	1	60	60	1	1	0	49	66169781	937	351	838	346	99.13	0	-0.65	-9.98	200.00	0.00
11	11	ÄÐ	0	10.00	1	0	1	1	0	0.00	1	0	0	0	0	0	1	60	60	1	1	0	50	66169821	937	350	846	346	91.09	0	-0.67	-9.98	200.00	0.00
11	11	ÄÐ	0	10.00	1	0	1	1	0	0.00	1	0	0	0	0	0	1	60	60	1	1	0	51	66172518	934	324	1276	346	342.71	0	-1.56	-9.88	0.00	0.00
11	11	ÄÐ	0	10.00	1	0	1	1	0	0.00	1	0	0	0	0	0	1	60	60	1	1	0	52	66172558	934	323	1150	346	217.22	0	-1.57	-9.88	0.00	0.00
11	11	ÄÐ	0	10.00	1	0	1	1	0	0.00	1	0	0	0	0	0	1	60	60	1	1	0	53	66172598	934	323	1150	346	217.22	0	-1.59	-9.87	0.00	0.00
11	11	ÄÐ	0	10.00	1	0	1	1	0	0.00	1	0	0	0	0	0	1	60	60	1	1	0	54	66172638	934	322	1150	346	217.33	0	-1.60	-9.87	0.00	0.00
11	11	ÄÐ	0	10.00	1	0	1	1	0	0.00	1	0	0	0	0	0	1	60	60	1	1	0	55	66172678	934	322	1150	346	217.33	0	-1.61	-9.87	0.00	0.00
11	11	ÄÐ	0	10.00	1	0	1	1	0	0.00	1	0	0	0	0	0	1	60	60	1	1	0	56	66172718	934	322	1150	346	217.33	0	-1.63	-9.87	0.00	0.00
11	11	ÄÐ	0	10.00	1	0	1	1	0	0.00	1	0	0	0	0	0	1	60	60	1	1	0	57	66172758	933	321	1150	346	218.44	0	-1.64	-9.86	0.00	0.00
11	11	ÄÐ	0	10.00	1	0	1	1	0	0.00	1	0	0	0	0	0	1	60	60	1	1	0	58	66172798	933	321	1150	346	218.44	0	-1.65	-9.86	0.00	0.00
11	11	ÄÐ	0	10.00	1	0	1	1	0	0.00	1	0	0	0	0	0	1	60	60	1	1	0	59	66172838	933	321	1150	346	218.44	0	-1.67	-9.86	0.00	0.00
11	11	ÄÐ	0	10.00	1	0	1	1	0	0.00	1	0	0	0	0	0	1	60	60	1	1	0	60	66172878	933	320	1150	346	218.55	0	-1.68	-9.86	0.00	0.00
11	11	ÄÐ	0	10.00	1	0	1	1	0	0.00	1	0	0	0	0	0	1	60	60	1	1	0	61	66172918	933	320	1150	346	218.55	0	-1.69	-9.86	0.00	0.00
11	11	ÄÐ	0	10.00	1	0	1	1	0	0.00	1	0	0	0	0	0	1	60	60	1	1	0	62	66172958	933	319	1150	346	218.67	0	-1.71	-9.85	0.00	0.00
11	11	ÄÐ	0	10.00	1	0	1	1	0	0.00	1	0	0	0	0	0	1	60	60	1	1	0	63	66172998	933	319	1150	346	218.67	0	-1.72	-9.85	0.00	0.00
11	11	ÄÐ	0	10.00	1	0	1	1	0	0.00	1	0	0	0	0	0	1	60	60	1	1	0	64	66173038	933	319	1150	346	218.67	0	-1.73	-9.85	0.00	0.00
11	11	ÄÐ	0	10.00	1	0	1	1	0	0.00	1	0	0	0	0	0	1	60	60	1	1	0	65	66173078	933	318	1150	346	218.80	0	-1.74	-9.85	0.00	0.00
11	11	ÄÐ	0	10.00	1	0	1	1	0	0.00	1	0	0	0	0	0	1	60	60	1	1	0	66	66173118	933	318	1150	346	218.80	0	-1.76	-9.84	0.00	0.00
11	11	ÄÐ	0	10.00	1	0	1	1	0	0.00	1	0	0	0	0	0	1	60	60	1	1	0	67	66173158	933	317	1150	346	218.93	0	-1.77	-9.84	0.00	0.00
11	11	ÄÐ	0	10.00	1	0	1	1	0	0.00	1	0	0	0	0	0	1	60	60	1	1	0	68	66173198	933	317	1150	346	218.93	0	-1.78	-9.84	0.00	0.00
11	11	ÄÐ	0	10.00	1	0	1	1	0	0.00	1	0	0	0	0	0	1	60	60	1	1	0	69	66173238	933	317	1150	346	218.93	0	-1.80	-9.84	0.00	0.00
11	11	ÄÐ	0	10.00	1	0	1	1	0	0.00	1	0	0	0	0	0	1	60	60	1	1	0	70	66173278	933	316	1150	346	219.06	0	-1.81	-9.83	0.00	0.00
11	11	ÄÐ	0	10.00	1	0	1	1	0	0.00	1	0	0	0	0	0	1	60	60	1	1	0	71	66173318	932	316	1150	346	220.05	0	-1.82	-9.83	0.00	0.00
11	11	ÄÐ	0	10.00	1	0	1	1	0	0.00	1	0	0	0	0	0	1	60	60	1	1	0	72	66173358	932	315	1150	346	220.19	0	-1.84	-9.83	0.00	0.00
11	11	ÄÐ	0	10.00	1	0	1	1	0	0.00	1	0	0	0	0	0	1	60	60	1	1	0	73	66173398	932	315	1150	346	220.19	0	-1.85	-9.83	0.00	0.00
11	11	ÄÐ	0	10.00	1	0	1	1	0	0.00	1	0	0	0	0	0	1	60	60	1	1	0	74	66173438	932	315	1150	346	220.19	0	-1.86	-9.82	0.00	0.00
11	11	ÄÐ	0	10.00	1	0	1	1	0	0.00	1	0	0	0	0	0	1	60	60	1	1	0	75	66173478	932	314	1150	346	220.34	0	-1.88	-9.82	0.00	0.00
11	11	ÄÐ	0	10.00	1	0	1	1	0	0.00	1	0	0	0	0	0	1	60	60	1	1	0	76	66173518	932	314	1150	346	220.34	0	-1.89	-9.82	0.00	0.00
11	11	ÄÐ	0	10.00	1	0	1	1	0	0.00	1	0	0	0	0	0	1	60	60	1	1	0	77	66173558	932	313	1150	346	220.48	0	-1.90	-9.82	0.00	0.00
11	11	ÄÐ	0	10.00	1	0	1	1	0	0.00	1	0	0	0	0	0	1	60	60	1	1	0	78	66173598	932	313	1150	346	220.48	0	-1.92	-9.81	-200.00	-200.00
11	11	ÄÐ	0	10.00	1	0	1	1	0	0.00	1	0	0	0	0	0	1	60	60	1	1	0	79	66173638	932	313	1142	338	211.48	0	-1.93	-9.81	-200.00	-200.00
11	11	ÄÐ	0	10.00	1	0	1	1	0	0.00	1	0	0	0	0	0	1	60	60	1	1	0	80	66173678	932	312	1134	330	202.80	0	-1.94	-9.81	-200.00	-200.00
11	11	ÄÐ	0	10.00	1	0	1	1	0	0.00	1	0	0	0	0	0	1	60	60	1	1	0	81	66173718	932	312	1126	322	194.26	0	-1.95	-9.81	-200.00	-200.00
11	11	ÄÐ	0	10.00	1	0	1	1	0	0.00	1	0	0	0	0	0	1	60	60	1	1	0	82	66173758	932	311	1117	314	185.02	0	-1.97	-9.80	-200.00	-200.00
11	11	ÄÐ	0	10.00	1	0	1	1	0	0.00	1	0	0	0	0	0	1	60	60	1	1	0	83	66173798	932	311	1109	306	177.07	0	-1.98	-9.80	-200.00	-200.00
11	11	ÄÐ	0	10.00	1	0	1	1	0	0.00	1	0	0	0	0	0	1	60	60	1	1	0	84	66173838	931	311	1101	298	170.50	0	-1.99	-9.80	-200.00	-200.00
11	11	ÄÐ	0	10.00	1	0	1	1	0	0.00	1	0	0	0	0	0	1	60	60	1	1	0	85	66173878	931	310	1093	290	163.23	0	-2.01	-9.80	-200.00	-200.00
11	11	ÄÐ	0	10.00	1	0	1	1	0	0.00	1	0	0	0	0	0	1	60	60	1	1	0	86	66173918	931	310	1085	282	156.52	0	-2.02	-9.79	-200.00	-200.00
11	11	ÄÐ	0	10.00	1	0	1	1	0	0.00	1	0	0	0	0	0	1	60	60	1	1	0	87	66173958	931	310	1077	274	150.37	0	-2.03	-9.79	-200.00	-200.00
11	11	ÄÐ	0	10.00	1	0	1	1	0	0.00	1	0	0	0	0	0	1	60	60	1	1	0	88	66173998	931	309	1069	266	144.54	0	-2.05	-9.79	-200.00	-200.00
11	11	ÄÐ	0	10.00	1	0	1	1	0	0.00	1	0	0	0	0	0	1	60	60	1	1	0	89	66174038	931	309	1061	258	139.65	0	-2.06	-9.79	-200.00	-200.00
11	11	ÄÐ	0	10.00	1	0	1	1	0	0.00	1	0	0	0	0	0	1	60	60	1	1	0	90	66174078	931	308	1053	250	135.09	0	-2.07	-9.78	-200.00	-200.00
11	11	ÄÐ	0	10.00	1	0	1	1	0	0.00	1	0	0	0	0	0	1	60	60	1	1	0	91	66174118	931	308	1045	242	131.73	0	-2.09	-9.78	-200.00	-200.00
11	11	ÄÐ	0	10.00	1	0	1	1	0	0.00	1	0	0	0	0	0	1	60	60	1	1	0	92	66174158	931	308	1037	234	129.27	0	-2.10	-9.78	-200.00	-200.00
11	11	ÄÐ	0	10.00	1	0	1	1	0	0.00	1	0	0	0	0	0	1	60	60	1	1	0	93	66174198	931	307	1029	226	127.14	0	-2.11	-9.77	-200.00	-200.00
11	11	ÄÐ	0	10.00	1	0	1	1	0	0.00	1	0	0	0	0	0	1	60	60	1	1	0	94	66174238	931	307	1021	218	126.57	0	-2.12	-9.77	-200.00	-200.00
11	11	ÄÐ	0	10.00	1	0	1	1	0	0.00	1	0	0	0	0	0	1	60	60	1	1	0	95	66174278	931	306	1013	210	126.25	0	-2.14	-9.77	-200.00	-200.00
11	11	ÄÐ	0	10.00	1	0	1	1	0	0.00	1	0	0	0	0	0	1	60	60	1	1	0	96	66174318	930	306	1005	202	128.22	0	-2.15	-9.77	0.00	-200.00
11	11	ÄÐ	0	10.00	1	0	1	1	0	0.00	1	0	0	0	0	0	1	60	60	1	1	0	97	66174358	930	306	1005	194	134.79	0	-2.16	-9.76	0.00	0.00
11	11	ÄÐ	0	10.00	1	0	1	1	0	0.00	1	0	0	0	0	0	1	60	60	1	1	0	98	66174398	930	305	1005	194	133.96	0	-2.18	-9.76	0.00	0.00
11	11	ÄÐ	0	10.00	1	0	1	1	0	0.00	1	0	0	0	0	0	1	60	60	1	1	0	99	66174438	930	305	1005	194	133.96	0	-2.19	-9.76	0.00	0.00
11	11	ÄÐ	0	10.00	1	0	1	1	0	0.00	1	0	0	0	0	0	1	60	60	1	1	0	100	66174478	930	304	1005	194	133.14	0	-2.20	-9.75	0.00	0.00
11	11	ÄÐ	0	10.00	1	0	1	1	0	0.00	1	0	0	0	0	0	1	60	60	1	1	0	101	66174518	930	304	1005	194	133.14	0	-2.22	-9.75	0.00	0.00
11	11	ÄÐ	0	10.00	1	0	1	1	0	0.00	1	0	0	0	0	0	1	60	60	1	1	0	102	66174558	930	304	1005	194	133.14	0	-2.23	-9.75	0.00	0.00
11	11	ÄÐ	0	10.00	1	0	1	1	0	0.00	1	0	0	0	0	0	1	60	60	1	1	0	103	66174598	930	303	1005	194	132.31	0	-2.24	-9.75	0.00	0.00
11	11	ÄÐ	0	10.00	1	0	1	1	0	0.00	1	0	0	0	0	0	1	60	60	1	1	0	104	66174638	930	303	1005	194	132.31	0	-2.25	-9.74	0.00	0.00
11	11	ÄÐ	0	10.00	1	0	1	1	0	0.00	1	0	0	0	0	0	1	60	60	1	1	0	105	66174678	930	302	1005	194	131.49	0	-2.27	-9.74	0.00	0.00
11	11	ÄÐ	0	10.00	1	0	1	1	0	0.00	1	0	0	0	0	0	1	60	60	1	1	0	106	66174718	930	302	1005	194	131.49	0	-2.28	-9.74	0.00	0.00
11	11	ÄÐ	0	10.00	1	0	1	1	0	0.00	1	0	0	0	0	0	1	60	60	1	1	0	107	66174758	930	302	1005	194	131.49	0	-2.29	-9.73	-200.00	0.00
11	11	ÄÐ	0	10.00	1	0	1	1	0	0.00	1	0	0	0	0	0	1	60	60	1	1	0	108	66174798	929	301	997	194	126.78	0	-2.31	-9.73	-200.00	0.00
11	11	ÄÐ	0	10.00	1	0	1	1	0	0.00	1	0	0	0	0	0	1	60	60	1	1	0	109	66174838	929	301	989	194	122.67	0	-2.32	-9.73	-200.00	0.00
11	11	ÄÐ	0	10.00	1	0	1	1	0	0.00	1	0	0	0	0	0	1	60	60	1	1	0	110	66174878	929	301	981	194	118.97	0	-2.33	-9.72	-200.00	0.00
11	11	ÄÐ	0	10.00	1	0	1	1	0	0.00	1	0	0	0	0	0	1	60	60	1	1	0	111	66174918	929	300	973	194	114.77	0	-2.35	-9.72	-200.00	0.00
11	11	ÄÐ	0	10.00	1	0	1	1	0	0.00	1	0	0	0	0	0	1	60	60	1	1	0	112	66174958	929	300	965	194	111.95	0	-2.36	-9.72	-200.00	0.00
11	11	ÄÐ	0	10.00	1	0	1	1	0	0.00	1	0	0	0	0	0	1	60	60	1	1	0	113	66174998	929	299	957	194	108.67	0	-2.37	-9.71	-200.00	0.00
11	11	ÄÐ	0	10.00	1	0	1	1	0	0.00	1	0	0	0	0	0	1	60	60	1	1	0	114	66175038	929	299	949	194	106.89	0	-2.38	-9.71	-200.00	0.00
11	11	ÄÐ	0	10.00	1	0	1	1	0	0.00	1	0	0	0	0	0	1	60	60	1	1	0	115	66175078	929	299	941	194	105.68	0	-2.40	-9.71	-200.00	0.00
11	11	ÄÐ	0	10.00	1	0	1	1	0	0.00	1	0	0	0	0	0	1	60	60	1	1	0	116	66175118	929	298	933	194	104.08	0	-2.41	-9.71	-200.00	0.00
11	11	ÄÐ	0	10.00	1	0	1	1	0	0.00	1	0	0	0	0	0	1	60	60	1	1	0	117	66175158	929	298	925	194	104.08	0	-2.42	-9.70	-200.00	0.00
11	11	ÄÐ	0	10.00	1	0	1	1	0	0.00	1	0	0	0	0	0	1	60	60	1	1	0	118	66175198	928	297	917	194	103.59	0	-2.44	-9.70	-200.00	0.00
11	11	ÄÐ	0	10.00	1	0	1	1	0	0.00	1	0	0	0	0	0	1	60	60	1	1	0	119	66175238	928	297	909	194	104.74	0	-2.45	-9.70	-200.00	0.00
11	11	ÄÐ	0	10.00	1	0	1	1	0	0.00	1	0	0	0	0	0	1	60	60	1	1	0	120	66175278	928	297	901	194	106.48	0	-2.46	-9.69	-200.00	0.00
11	11	ÄÐ	0	10.00	1	0	1	1	0	0.00	1	0	0	0	0	0	1	60	60	1	1	0	121	66175318	928	296	893	194	107.84	0	-2.47	-9.69	-200.00	0.00
11	11	ÄÐ	0	10.00	1	0	1	1	0	0.00	1	0	0	0	0	0	1	60	60	1	1	0	122	66175358	928	296	885	194	110.69	0	-2.49	-9.69	0.00	0.00
11	11	ÄÐ	0	10.00	1	0	1	1	0	0.00	1	0	0	0	0	0	1	60	60	1	1	0	123	66175398	928	295	885	194	109.77	0	-2.50	-9.68	0.00	0.00
11	11	ÄÐ	0	10.00	1	0	1	1	0	0.00	1	0	0	0	0	0	1	60	60	1	1	0	124	66175438	928	295	885	194	109.77	0	-2.51	-9.68	0.00	0.00
11	11	ÄÐ	0	10.00	1	0	1	1	0	0.00	1	0	0	0	0	0	1	60	60	1	1	0	125	66175478	928	295	885	194	109.77	0	-2.53	-9.68	0.00	0.00
11	11	ÄÐ	0	10.00	1	0	1	1	0	0.00	1	0	0	0	0	0	1	60	60	1	1	0	126	66175518	928	294	885	194	108.85	0	-2.54	-9.67	0.00	0.00
11	11	ÄÐ	0	10.00	1	0	1	1	0	0.00	1	0	0	0	0	0	1	60	60	1	1	0	127	66175558	928	294	885	194	108.85	0	-2.55	-9.67	0.00	0.00
11	11	ÄÐ	0	10.00	1	0	1	1	0	0.00	1	0	0	0	0	0	1	60	60	1	1	0	128	66175598	927	294	885	194	108.46	0	-2.56	-9.67	0.00	0.00
11	11	ÄÐ	0	10.00	1	0	1	1	0	0.00	1	0	0	0	0	0	1	60	60	1	1	0	129	66175638	927	293	885	194	107.54	0	-2.58	-9.66	0.00	0.00
11	11	ÄÐ	0	10.00	1	0	1	1	0	0.00	1	0	0	0	0	0	1	60	60	1	1	0	130	66175678	927	293	885	194	107.54	0	-2.59	-9.66	-200.00	0.00
11	11	ÄÐ	0	10.00	1	0	1	1	0	0.00	1	0	0	0	0	0	1	60	60	1	1	0	131	66175718	927	292	877	194	110.02	0	-2.60	-9.66	-200.00	200.00
11	11	ÄÐ	0	10.00	1	0	1	1	0	0.00	1	0	0	0	0	0	1	60	60	1	1	0	132	66175758	927	292	869	202	107.07	0	-2.62	-9.65	-200.00	200.00
11	11	ÄÐ	0	10.00	1	0	1	1	0	0.00	1	0	0	0	0	0	1	60	60	1	1	0	133	66175798	927	292	861	210	105.26	0	-2.63	-9.65	-200.00	200.00
11	11	ÄÐ	0	10.00	1	0	1	1	0	0.00	1	0	0	0	0	0	1	60	60	1	1	0	134	66175838	927	291	853	218	103.95	0	-2.64	-9.64	-200.00	200.00
11	11	ÄÐ	0	10.00	1	0	1	1	0	0.00	1	0	0	0	0	0	1	60	60	1	1	0	135	66175878	927	291	845	226	104.64	0	-2.65	-9.64	-200.00	200.00
11	11	ÄÐ	0	10.00	1	0	1	1	0	0.00	1	0	0	0	0	0	1	60	60	1	1	0	136	66175918	927	290	837	235	105.48	0	-2.67	-9.64	0.00	0.00
11	11	ÄÐ	0	10.00	1	0	1	1	0	0.00	1	0	0	0	0	0	1	60	60	1	1	0	137	66175958	927	290	837	235	105.48	0	-2.68	-9.63	0.00	0.00
11	11	ÄÐ	0	10.00	1	0	1	1	0	0.00	1	0	0	0	0	0	1	60	60	1	1	0	138	66175998	926	290	837	235	104.62	0	-2.69	-9.63	0.00	0.00
11	11	ÄÐ	0	10.00	1	0	1	1	0	0.00	1	0	0	0	0	0	1	60	60	1	1	0	139	66176038	926	289	837	235	104.10	0	-2.71	-9.63	0.00	0.00
11	11	ÄÐ	0	10.00	1	0	1	1	0	0.00	1	0	0	0	0	0	1	60	60	1	1	0	140	66176078	926	289	837	235	104.10	0	-2.72	-9.62	0.00	0.00
11	11	ÄÐ	0	10.00	1	0	1	1	0	0.00	1	0	0	0	0	0	1	60	60	1	1	0	141	66176118	926	289	837	235	104.10	0	-2.73	-9.62	0.00	0.00
11	11	ÄÐ	0	10.00	1	0	1	1	0	0.00	1	0	0	0	0	0	1	60	60	1	1	0	142	66176158	926	288	837	235	103.59	0	-2.74	-9.62	0.00	0.00
11	11	ÄÐ	0	10.00	1	0	1	1	0	0.00	1	0	0	0	0	0	1	60	60	1	1	0	143	66176198	926	288	837	235	103.59	0	-2.76	-9.61	0.00	0.00
11	11	ÄÐ	0	10.00	1	0	1	1	0	0.00	1	0	0	0	0	0	1	60	60	1	1	0	144	66176238	926	287	837	235	103.08	0	-2.77	-9.61	0.00	0.00
11	11	ÄÐ	0	10.00	1	0	1	1	0	0.00	1	0	0	0	0	0	1	60	60	1	1	0	145	66176278	926	287	837	235	103.08	0	-2.78	-9.60	0.00	0.00
11	11	ÄÐ	0	10.00	1	0	1	1	0	0.00	1	0	0	0	0	0	1	60	60	1	1	0	146	66176318	926	287	837	235	103.08	0	-2.80	-9.60	0.00	0.00
11	11	ÄÐ	0	10.00	1	0	1	1	0	0.00	1	0	0	0	0	0	1	60	60	1	1	0	147	66176358	925	286	837	235	101.71	0	-2.81	-9.60	0.00	0.00
11	11	ÄÐ	0	10.00	1	0	1	1	0	0.00	1	0	0	0	0	0	1	60	60	1	1	0	148	66176398	925	286	837	235	101.71	0	-2.82	-9.59	0.00	0.00
11	11	ÄÐ	0	10.00	1	0	1	1	0	0.00	1	0	0	0	0	0	1	60	60	1	1	0	149	66176438	925	285	837	235	101.21	0	-2.83	-9.59	0.00	0.00
11	11	ÄÐ	0	10.00	1	0	1	1	0	0.00	1	0	0	0	0	0	1	60	60	1	1	0	150	66176478	925	285	837	235	101.21	0	-2.85	-9.59	0.00	0.00
11	11	ÄÐ	0	10.00	1	0	1	1	0	0.00	1	0	0	0	0	0	1	60	60	1	1	0	151	66176518	925	285	837	235	101.21	0	-2.86	-9.58	0.00	0.00
11	11	ÄÐ	0	10.00	1	0	1	1	0	0.00	1	0	0	0	0	0	1	60	60	1	1	0	152	66176558	925	284	837	235	100.72	0	-2.87	-9.58	0.00	0.00
11	11	ÄÐ	0	10.00	1	0	1	1	0	0.00	1	0	0	0	0	0	1	60	60	1	1	0	153	66176598	925	284	837	235	100.72	0	-2.89	-9.57	0.00	0.00
11	11	ÄÐ	0	10.00	1	0	1	1	0	0.00	1	0	0	0	0	0	1	60	60	1	1	0	154	66176638	925	284	837	235	100.72	0	-2.90	-9.57	0.00	0.00
11	11	ÄÐ	0	10.00	1	0	1	1	0	0.00	1	0	0	0	0	0	1	60	60	1	1	0	155	66176678	925	283	837	235	100.24	0	-2.91	-9.57	0.00	0.00
11	11	ÄÐ	0	10.00	1	0	1	1	0	0.00	1	0	0	0	0	0	1	60	60	1	1	0	156	66176718	924	283	837	235	99.36	0	-2.92	-9.56	0.00	0.00
11	11	ÄÐ	0	10.00	1	0	1	1	0	0.00	1	0	0	0	0	0	1	60	60	1	1	0	157	66176758	924	282	837	235	98.88	0	-2.94	-9.56	0.00	0.00
11	11	ÄÐ	0	10.00	1	0	1	1	0	0.00	1	0	0	0	0	0	1	60	60	1	1	0	158	66176798	924	282	837	235	98.88	0	-2.95	-9.56	0.00	0.00
11	11	ÄÐ	0	10.00	1	0	1	1	0	0.00	1	0	0	0	0	0	1	60	60	1	1	0	159	66176838	924	282	837	235	98.88	0	-2.96	-9.55	0.00	0.00
11	11	ÄÐ	0	10.00	1	0	1	1	0	0.00	1	0	0	0	0	0	1	60	60	1	1	0	160	66176878	924	281	837	235	98.41	0	-2.97	-9.55	0.00	0.00
11	11	ÄÐ	0	10.00	1	0	1	1	0	0.00	1	0	0	0	0	0	1	60	60	1	1	0	161	66176918	924	281	837	235	98.41	0	-2.99	-9.54	0.00	0.00
11	11	ÄÐ	0	10.00	1	0	1	1	0	0.00	1	0	0	0	0	0	1	60	60	1	1	0	162	66176958	924	280	837	235	97.95	0	-3.00	-9.54	0.00	0.00
11	11	ÄÐ	0	10.00	1	0	1	1	0	0.00	1	0	0	0	0	0	1	60	60	1	1	0	163	66176998	924	280	837	235	97.95	0	-3.01	-9.54	0.00	0.00
11	11	ÄÐ	0	10.00	1	0	1	1	0	0.00	1	0	0	0	0	0	1	60	60	1	1	0	164	66177038	923	280	837	235	97.06	0	-3.03	-9.53	0.00	0.00
11	11	ÄÐ	0	10.00	1	0	1	1	0	0.00	1	0	0	0	0	0	1	60	60	1	1	0	165	66177078	923	279	837	235	96.60	0	-3.04	-9.53	0.00	0.00
11	11	ÄÐ	0	10.00	1	0	1	1	0	0.00	1	0	0	0	0	0	1	60	60	1	1	0	166	66177118	923	279	837	235	96.60	0	-3.05	-9.52	0.00	0.00
11	11	ÄÐ	0	10.00	1	0	1	1	0	0.00	1	0	0	0	0	0	1	60	60	1	1	0	167	66177158	923	279	837	235	96.60	0	-3.06	-9.52	0.00	0.00
11	11	ÄÐ	0	10.00	1	0	1	1	0	0.00	1	0	0	0	0	0	1	60	60	1	1	0	168	66177198	923	278	837	235	96.15	0	-3.08	-9.51	0.00	0.00
11	11	ÄÐ	0	10.00	1	0	1	1	0	0.00	1	0	0	0	0	0	1	60	60	1	1	0	169	66177238	923	278	837	235	96.15	0	-3.09	-9.51	0.00	0.00
11	11	ÄÐ	0	10.00	1	0	1	1	0	0.00	1	0	0	0	0	0	1	60	60	1	1	0	170	66177278	923	277	837	235	95.71	0	-3.10	-9.51	0.00	0.00
11	11	ÄÐ	0	10.00	1	0	1	1	0	0.00	1	0	0	0	0	0	1	60	60	1	1	0	171	66177318	923	277	837	235	95.71	0	-3.11	-9.50	0.00	0.00
11	11	ÄÐ	0	10.00	1	0	1	1	0	0.00	1	0	0	0	0	0	1	60	60	1	1	0	172	66177358	922	277	837	235	94.81	0	-3.13	-9.50	0.00	0.00
11	11	ÄÐ	0	10.00	1	0	1	1	0	0.00	1	0	0	0	0	0	1	60	60	1	1	0	173	66177398	922	276	837	235	94.37	0	-3.14	-9.49	0.00	0.00
11	11	ÄÐ	0	10.00	1	0	1	1	0	0.00	1	0	0	0	0	0	1	60	60	1	1	0	174	66177438	922	276	837	235	94.37	0	-3.15	-9.49	0.00	0.00
11	11	ÄÐ	0	10.00	1	0	1	1	0	0.00	1	0	0	0	0	0	1	60	60	1	1	0	175	66177478	922	276	837	235	94.37	0	-3.17	-9.49	0.00	0.00
11	11	ÄÐ	0	10.00	1	0	1	1	0	0.00	1	0	0	0	0	0	1	60	60	1	1	0	176	66177518	922	275	837	235	93.94	0	-3.18	-9.48	0.00	0.00
11	11	ÄÐ	0	10.00	1	0	1	1	0	0.00	1	0	0	0	0	0	1	60	60	1	1	0	177	66177558	922	275	837	235	93.94	0	-3.19	-9.48	0.00	0.00
11	11	ÄÐ	0	10.00	1	0	1	1	0	0.00	1	0	0	0	0	0	1	60	60	1	1	0	178	66177598	922	274	837	235	93.52	0	-3.20	-9.47	0.00	0.00
11	11	ÄÐ	0	10.00	1	0	1	1	0	0.00	1	0	0	0	0	0	1	60	60	1	1	0	179	66177638	922	274	837	235	93.52	0	-3.22	-9.47	0.00	0.00
11	11	ÄÐ	0	10.00	1	0	1	1	0	0.00	1	0	0	0	0	0	1	60	60	1	1	0	180	66177678	921	274	837	235	92.61	0	-3.23	-9.46	0.00	0.00
11	11	ÄÐ	0	10.00	1	0	1	1	0	0.00	1	0	0	0	0	0	1	60	60	1	1	0	181	66177718	921	273	837	235	92.20	0	-3.24	-9.46	0.00	0.00
11	11	ÄÐ	0	10.00	1	0	1	1	0	0.00	1	0	0	0	0	0	1	60	60	1	1	0	182	66177758	921	273	837	235	92.20	0	-3.25	-9.46	0.00	0.00
11	11	ÄÐ	0	10.00	1	0	1	1	0	0.00	1	0	0	0	0	0	1	60	60	1	1	0	183	66177798	921	273	837	235	92.20	0	-3.27	-9.45	0.00	0.00
11	11	ÄÐ	0	10.00	1	0	1	1	0	0.00	1	0	0	0	0	0	1	60	60	1	1	0	184	66177838	921	272	837	235	91.79	0	-3.28	-9.45	0.00	0.00
11	11	ÄÐ	0	10.00	1	0	1	1	0	0.00	1	0	0	0	0	0	1	60	60	1	1	0	185	66177878	921	272	837	235	91.79	0	-3.29	-9.44	0.00	0.00
11	11	ÄÐ	0	10.00	1	0	1	1	0	0.00	1	0	0	0	0	0	1	60	60	1	1	0	186	66177918	921	271	837	235	91.39	0	-3.30	-9.44	0.00	0.00
11	11	ÄÐ	0	10.00	1	0	1	1	0	0.00	1	0	0	0	0	0	1	60	60	1	1	0	187	66177958	921	271	837	235	91.39	0	-3.32	-9.43	0.00	0.00
11	11	ÄÐ	0	10.00	1	0	1	1	0	0.00	1	0	0	0	0	0	1	60	60	1	1	0	188	66177998	920	271	837	235	90.47	0	-3.33	-9.43	0.00	0.00
11	11	ÄÐ	0	10.00	1	0	1	1	0	0.00	1	0	0	0	0	0	1	60	60	1	1	0	189	66178038	920	270	837	235	90.08	0	-3.34	-9.43	0.00	0.00
11	11	ÄÐ	0	10.00	1	0	1	1	0	0.00	1	0	0	0	0	0	1	60	60	1	1	0	190	66178078	920	270	837	235	90.08	0	-3.35	-9.42	0.00	0.00
11	11	ÄÐ	0	10.00	1	0	1	1	0	0.00	1	0	0	0	0	0	1	60	60	1	1	0	191	66178118	920	269	837	235	89.69	0	-3.37	-9.42	0.00	0.00
11	11	ÄÐ	0	10.00	1	0	1	1	0	0.00	1	0	0	0	0	0	1	60	60	1	1	0	192	66178158	920	269	837	235	89.69	0	-3.38	-9.41	0.00	0.00
11	11	ÄÐ	0	10.00	1	0	1	1	0	0.00	1	0	0	0	0	0	1	60	60	1	1	0	193	66178198	920	269	837	235	89.69	0	-3.39	-9.41	0.00	0.00
11	11	ÄÐ	0	10.00	1	0	1	1	0	0.00	1	0	0	0	0	0	1	60	60	1	1	0	194	66178238	920	268	837	235	89.32	0	-3.40	-9.40	0.00	0.00
11	11	ÄÐ	0	10.00	1	0	1	1	0	0.00	1	0	0	0	0	0	1	60	60	1	1	0	195	66178278	919	268	837	235	88.39	0	-3.42	-9.40	0.00	0.00
11	11	ÄÐ	0	10.00	1	0	1	1	0	0.00	1	0	0	0	0	0	1	60	60	1	1	0	196	66178318	919	268	837	235	88.39	0	-3.43	-9.39	0.00	0.00
11	11	ÄÐ	0	10.00	1	0	1	1	0	0.00	1	0	0	0	0	0	1	60	60	1	1	0	197	66178358	919	267	837	235	88.02	0	-3.44	-9.39	0.00	0.00
11	11	ÄÐ	0	10.00	1	0	1	1	0	0.00	1	0	0	0	0	0	1	60	60	1	1	0	198	66178398	919	267	837	235	88.02	0	-3.45	-9.38	0.00	0.00
11	11	ÄÐ	0	10.00	1	0	1	1	0	0.00	1	0	0	0	0	0	1	60	60	1	1	0	199	66178438	919	266	837	235	87.66	0	-3.47	-9.38	0.00	0.00
11	11	ÄÐ	0	10.00	1	0	1	1	0	0.00	1	0	0	0	0	0	1	60	60	1	1	0	200	66178478	919	266	837	235	87.66	0	-3.48	-9.38	0.00	0.00
11	11	ÄÐ	0	10.00	1	0	1	1	0	0.00	1	0	0	0	0	0	1	60	60	1	1	0	201	66178518	919	266	837	235	87.66	0	-3.49	-9.37	0.00	0.00
11	11	ÄÐ	0	10.00	1	0	1	1	0	0.00	1	0	0	0	0	0	1	60	60	1	1	0	202	66178558	918	265	837	235	86.38	0	-3.50	-9.37	0.00	0.00
11	11	ÄÐ	0	10.00	1	0	1	1	0	0.00	1	0	0	0	0	0	1	60	60	1	1	0	203	66178598	918	265	837	235	86.38	0	-3.52	-9.36	0.00	0.00
11	11	ÄÐ	0	10.00	1	0	1	1	0	0.00	1	0	0	0	0	0	1	60	60	1	1	0	204	66178638	918	265	837	235	86.38	0	-3.53	-9.36	0.00	0.00
11	11	ÄÐ	0	10.00	1	0	1	1	0	0.00	1	0	0	0	0	0	1	60	60	1	1	0	205	66178678	918	264	837	235	86.03	0	-3.54	-9.35	0.00	0.00
11	11	ÄÐ	0	10.00	1	0	1	1	0	0.00	1	0	0	0	0	0	1	60	60	1	1	0	206	66178718	918	264	837	235	86.03	0	-3.55	-9.35	0.00	0.00
11	11	ÄÐ	0	10.00	1	0	1	1	0	0.00	1	0	0	0	0	0	1	60	60	1	1	0	207	66178758	918	263	837	235	85.70	0	-3.57	-9.34	0.00	0.00
11	11	ÄÐ	0	10.00	1	0	1	1	0	0.00	1	0	0	0	0	0	1	60	60	1	1	0	208	66178798	918	263	837	235	85.70	0	-3.58	-9.34	0.00	0.00
11	11	ÄÐ	0	10.00	1	0	1	1	0	0.00	1	0	0	0	0	0	1	60	60	1	1	0	209	66178838	917	263	837	235	84.76	0	-3.59	-9.33	0.00	0.00
11	11	ÄÐ	0	10.00	1	0	1	1	0	0.00	1	0	0	0	0	0	1	60	60	1	1	0	210	66178878	917	262	837	235	84.43	0	-3.60	-9.33	0.00	0.00
11	11	ÄÐ	0	10.00	1	0	1	1	0	0.00	1	0	0	0	0	0	1	60	60	1	1	0	211	66178918	917	262	837	235	84.43	0	-3.62	-9.32	0.00	0.00
11	11	ÄÐ	0	10.00	1	0	1	1	0	0.00	1	0	0	0	0	0	1	60	60	1	1	0	212	66178958	917	262	837	235	84.43	0	-3.63	-9.32	0.00	0.00
11	11	ÄÐ	0	10.00	1	0	1	1	0	0.00	1	0	0	0	0	0	1	60	60	1	1	0	213	66178998	917	261	837	235	84.12	0	-3.64	-9.31	0.00	0.00
11	11	ÄÐ	0	10.00	1	0	1	1	0	0.00	1	0	0	0	0	0	1	60	60	1	1	0	214	66179038	917	261	837	235	84.12	0	-3.65	-9.31	0.00	0.00
11	11	ÄÐ	0	10.00	1	0	1	1	0	0.00	1	0	0	0	0	0	1	60	60	1	1	0	215	66179078	917	261	837	235	84.12	0	-3.67	-9.30	0.00	0.00
11	11	ÄÐ	0	10.00	1	0	1	1	0	0.00	1	0	0	0	0	0	1	60	60	1	1	0	216	66179118	916	260	837	235	82.86	0	-3.68	-9.30	0.00	0.00
11	11	ÄÐ	0	10.00	1	0	1	1	0	0.00	1	0	0	0	0	0	1	60	60	1	1	0	217	66179158	916	260	837	235	82.86	0	-3.69	-9.29	0.00	0.00
11	11	ÄÐ	0	10.00	1	0	1	1	0	0.00	1	0	0	0	0	0	1	60	60	1	1	0	218	66179198	916	259	837	235	82.57	0	-3.70	-9.29	0.00	0.00
11	11	ÄÐ	0	10.00	1	0	1	1	0	0.00	1	0	0	0	0	0	1	60	60	1	1	0	219	66179238	916	259	837	235	82.57	0	-3.72	-9.28	0.00	0.00
11	11	ÄÐ	0	10.00	1	0	1	1	0	0.00	1	0	0	0	0	0	1	60	60	1	1	0	220	66179278	916	259	837	235	82.57	0	-3.73	-9.28	0.00	0.00
11	11	ÄÐ	0	10.00	1	0	1	1	0	0.00	1	0	0	0	0	0	1	60	60	1	1	0	221	66179318	916	258	837	235	82.28	0	-3.74	-9.27	0.00	0.00
11	11	ÄÐ	0	10.00	1	0	1	1	0	0.00	1	0	0	0	0	0	1	60	60	1	1	0	222	66179358	916	258	837	235	82.28	0	-3.75	-9.27	0.00	0.00
11	11	ÄÐ	0	10.00	1	0	1	1	0	0.00	1	0	0	0	0	0	1	60	60	1	1	0	223	66179398	915	258	837	235	81.32	0	-3.77	-9.26	0.00	0.00
11	11	ÄÐ	0	10.00	1	0	1	1	0	0.00	1	0	0	0	0	0	1	60	60	1	1	0	224	66179438	915	257	837	235	81.04	0	-3.78	-9.26	0.00	0.00
11	11	ÄÐ	0	10.00	1	0	1	1	0	0.00	1	0	0	0	0	0	1	60	60	1	1	0	225	66179478	915	257	837	235	81.04	0	-3.79	-9.25	0.00	0.00
11	11	ÄÐ	0	10.00	1	0	1	1	0	0.00	1	0	0	0	0	0	1	60	60	1	1	0	226	66179518	915	256	837	235	80.78	0	-3.80	-9.25	0.00	0.00
11	11	ÄÐ	0	10.00	1	0	1	1	0	0.00	1	0	0	0	0	0	1	60	60	1	1	0	227	66179558	915	256	837	235	80.78	0	-3.81	-9.24	0.00	0.00
11	11	ÄÐ	0	10.00	1	0	1	1	0	0.00	1	0	0	0	0	0	1	60	60	1	1	0	228	66179598	915	256	837	235	80.78	0	-3.83	-9.24	0.00	0.00
11	11	ÄÐ	0	10.00	1	0	1	1	0	0.00	1	0	0	0	0	0	1	60	60	1	1	0	229	66179638	915	255	837	235	80.52	0	-3.84	-9.23	0.00	0.00
11	11	ÄÐ	0	10.00	1	0	1	1	0	0.00	1	0	0	0	0	0	1	60	60	1	1	0	230	66179678	914	255	837	235	79.56	0	-3.85	-9.23	0.00	0.00
11	11	ÄÐ	0	10.00	1	0	1	1	0	0.00	1	0	0	0	0	0	1	60	60	1	1	0	231	66179718	914	255	837	235	79.56	0	-3.86	-9.22	0.00	0.00
11	11	ÄÐ	0	10.00	1	0	1	1	0	0.00	1	0	0	0	0	0	1	60	60	1	1	0	232	66179758	914	254	837	235	79.31	0	-3.88	-9.22	0.00	0.00
11	11	ÄÐ	0	10.00	1	0	1	1	0	0.00	1	0	0	0	0	0	1	60	60	1	1	0	233	66179798	914	254	837	235	79.31	0	-3.89	-9.21	0.00	0.00
11	11	ÄÐ	0	10.00	1	0	1	1	0	0.00	1	0	0	0	0	0	1	60	60	1	1	0	234	66179838	914	253	837	235	79.08	0	-3.90	-9.21	0.00	0.00
11	11	ÄÐ	0	10.00	1	0	1	1	0	0.00	1	0	0	0	0	0	1	60	60	1	1	0	235	66179878	914	253	837	235	79.08	0	-3.91	-9.20	0.00	0.00
11	11	ÄÐ	0	10.00	1	0	1	1	0	0.00	1	0	0	0	0	0	1	60	60	1	1	0	236	66179918	913	253	837	235	78.10	0	-3.93	-9.20	0.00	0.00
11	11	ÄÐ	0	10.00	1	0	1	1	0	0.00	1	0	0	0	0	0	1	60	60	1	1	0	237	66179958	913	252	837	235	77.88	0	-3.94	-9.19	0.00	0.00
11	11	ÄÐ	0	10.00	1	0	1	1	0	0.00	1	0	0	0	0	0	1	60	60	1	1	0	238	66179998	913	252	837	235	77.88	0	-3.95	-9.19	0.00	0.00
11	11	ÄÐ	0	10.00	1	0	1	1	0	0.00	1	0	0	0	0	0	1	60	60	1	1	0	239	66180038	913	252	837	235	77.88	0	-3.96	-9.18	0.00	0.00
11	11	ÄÐ	0	10.00	1	0	1	1	0	0.00	1	0	0	0	0	0	1	60	60	1	1	0	240	66180078	913	251	837	235	77.67	0	-3.97	-9.18	0.00	0.00
11	11	ÄÐ	0	10.00	1	0	1	1	0	0.00	1	0	0	0	0	0	1	60	60	1	1	0	241	66180118	913	251	837	235	77.67	0	-3.99	-9.17	0.00	0.00
11	11	ÄÐ	0	10.00	1	0	1	1	0	0.00	1	0	0	0	0	0	1	60	60	1	1	0	242	66180158	912	251	837	235	76.69	0	-4.00	-9.17	0.00	0.00
11	11	ÄÐ	0	10.00	1	0	1	1	0	0.00	1	0	0	0	0	0	1	60	60	1	1	0	243	66180198	912	250	837	235	76.49	0	-4.01	-9.16	0.00	0.00
11	11	ÄÐ	0	10.00	1	0	1	1	0	0.00	1	0	0	0	0	0	1	60	60	1	1	0	244	66180238	912	250	837	235	76.49	0	-4.02	-9.15	0.00	0.00
11	11	ÄÐ	0	10.00	1	0	1	1	0	0.00	1	0	0	0	0	0	1	60	60	1	1	0	245	66180278	912	249	837	235	76.30	0	-4.04	-9.15	0.00	0.00
11	11	ÄÐ	0	10.00	1	0	1	1	0	0.00	1	0	0	0	0	0	1	60	60	1	1	0	246	66180318	912	249	837	235	76.30	0	-4.05	-9.14	0.00	0.00
11	11	ÄÐ	0	10.00	1	0	1	1	0	0.00	1	0	0	0	0	0	1	60	60	1	1	0	247	66180358	912	249	837	235	76.30	0	-4.06	-9.14	0.00	0.00
11	11	ÄÐ	0	10.00	1	0	1	1	0	0.00	1	0	0	0	0	0	1	60	60	1	1	0	248	66180398	911	248	837	235	75.13	0	-4.07	-9.13	0.00	0.00
11	11	ÄÐ	0	10.00	1	0	1	1	0	0.00	1	0	0	0	0	0	1	60	60	1	1	0	249	66180438	911	248	837	235	75.13	0	-4.08	-9.13	0.00	0.00
11	11	ÄÐ	0	10.00	1	0	1	1	0	0.00	1	0	0	0	0	0	1	60	60	1	1	0	250	66180478	911	248	837	235	75.13	0	-4.10	-9.12	0.00	0.00
11	11	ÄÐ	0	10.00	1	0	1	1	0	0.00	1	0	0	0	0	0	1	60	60	1	1	0	251	66180518	911	247	837	235	74.97	0	-4.11	-9.12	0.00	0.00
11	11	ÄÐ	0	10.00	1	0	1	1	0	0.00	1	0	0	0	0	0	1	60	60	1	1	0	252	66180558	911	247	837	235	74.97	0	-4.12	-9.11	0.00	0.00
11	11	ÄÐ	0	10.00	1	0	1	1	0	0.00	1	0	0	0	0	0	1	60	60	1	1	0	253	66180598	911	247	837	235	74.97	0	-4.13	-9.11	0.00	0.00
11	11	ÄÐ	0	10.00	1	0	1	1	0	0.00	1	0	0	0	0	0	1	60	60	1	1	0	254	66180638	911	246	837	235	74.81	0	-4.15	-9.10	0.00	0.00
11	11	ÄÐ	0	10.00	1	0	1	1	0	0.00	1	0	0	0	0	0	1	60	60	1	1	0	255	66180678	910	246	837	235	73.82	0	-4.16	-9.09	-200.00	0.00
11	11	ÄÐ	0	10.00	1	0	1	1	0	0.00	1	0	0	0	0	0	1	60	60	1	1	0	256	66180718	910	245	829	235	81.61	0	-4.17	-9.09	-200.00	0.00
11	11	ÄÐ	0	10.00	1	0	1	1	0	0.00	1	0	0	0	0	0	1	60	60	1	1	0	257	66180758	910	245	821	235	89.56	0	-4.18	-9.08	-200.00	0.00
11	11	ÄÐ	0	10.00	1	0	1	1	0	0.00	1	0	0	0	0	0	1	60	60	1	1	0	258	66180798	910	245	813	235	97.51	0	-4.19	-9.08	-200.00	0.00
11	11	ÄÐ	0	10.00	1	0	1	1	0	0.00	1	0	0	0	0	0	1	60	60	1	1	0	259	66180838	910	244	805	235	105.39	0	-4.21	-9.07	-200.00	0.00
11	11	ÄÐ	0	10.00	1	0	1	1	0	0.00	1	0	0	0	0	0	1	60	60	1	1	0	260	66180878	910	244	797	235	113.36	0	-4.22	-9.07	-200.00	0.00
11	11	ÄÐ	0	10.00	1	0	1	1	0	0.00	1	0	0	0	0	0	1	60	60	1	1	0	261	66180918	909	244	789	235	120.34	0	-4.23	-9.06	-200.00	-200.00
11	11	ÄÐ	0	10.00	1	0	1	1	0	0.00	1	0	0	0	0	0	1	60	60	1	1	0	262	66180958	909	243	781	227	129.00	0	-4.24	-9.06	-200.00	-200.00
11	11	ÄÐ	0	10.00	1	0	1	1	0	0.00	1	0	0	0	0	0	1	60	60	1	1	0	263	66180998	909	243	773	219	138.10	0	-4.25	-9.05	-200.00	-200.00
11	11	ÄÐ	0	10.00	1	0	1	1	0	0.00	1	0	0	0	0	0	1	60	60	1	1	0	264	66181038	909	243	765	211	147.51	0	-4.27	-9.04	0.00	0.00
11	11	ÄÐ	0	10.00	1	0	1	1	0	0.00	1	0	0	0	0	0	1	60	60	1	1	0	265	66181078	909	242	765	211	147.30	0	-4.28	-9.04	0.00	0.00
11	11	ÄÐ	0	10.00	1	0	1	1	0	0.00	1	0	0	0	0	0	1	60	60	1	1	0	266	66181118	908	242	765	211	146.32	0	-4.29	-9.03	0.00	0.00
11	11	ÄÐ	0	10.00	1	0	1	1	0	0.00	1	0	0	0	0	0	1	60	60	1	1	0	267	66181158	908	241	765	211	146.11	0	-4.30	-9.03	0.00	0.00
11	11	ÄÐ	0	10.00	1	0	1	1	0	0.00	1	0	0	0	0	0	1	60	60	1	1	0	268	66181198	908	241	765	211	146.11	0	-4.31	-9.02	0.00	0.00
11	11	ÄÐ	0	10.00	1	0	1	1	0	0.00	1	0	0	0	0	0	1	60	60	1	1	0	269	66181238	908	241	765	211	146.11	0	-4.33	-9.02	0.00	0.00
11	11	ÄÐ	0	10.00	1	0	1	1	0	0.00	1	0	0	0	0	0	1	60	60	1	1	0	270	66181278	908	240	765	211	145.91	0	-4.34	-9.01	0.00	0.00
11	11	ÄÐ	0	10.00	1	0	1	1	0	0.00	1	0	0	0	0	0	1	60	60	1	1	0	271	66181318	908	240	765	211	145.91	0	-4.35	-9.00	-200.00	0.00
11	11	ÄÐ	0	10.00	1	0	1	1	0	0.00	1	0	0	0	0	0	1	60	60	1	1	0	272	66181358	907	240	757	211	152.78	0	-4.36	-9.00	-200.00	0.00
11	11	ÄÐ	0	10.00	1	0	1	1	0	0.00	1	0	0	0	0	0	1	60	60	1	1	0	273	66181398	907	239	749	211	160.46	0	-4.37	-8.99	-200.00	0.00
11	11	ÄÐ	0	10.00	1	0	1	1	0	0.00	1	0	0	0	0	0	1	60	60	1	1	0	274	66181438	907	239	741	211	168.34	0	-4.39	-8.99	-200.00	0.00
11	11	ÄÐ	0	10.00	1	0	1	1	0	0.00	1	0	0	0	0	0	1	60	60	1	1	0	275	66181478	907	239	733	211	176.24	0	-4.40	-8.98	-200.00	0.00
11	11	ÄÐ	0	10.00	1	0	1	1	0	0.00	1	0	0	0	0	0	1	60	60	1	1	0	276	66181518	907	238	725	211	183.99	0	-4.41	-8.97	-200.00	0.00
11	11	ÄÐ	0	10.00	1	0	1	1	0	0.00	1	0	0	0	0	0	1	60	60	1	1	0	277	66181558	907	238	717	211	191.91	0	-4.42	-8.97	-200.00	0.00
11	11	ÄÐ	0	10.00	1	0	1	1	0	0.00	1	0	0	0	0	0	1	60	60	1	1	0	278	66181598	906	237	709	211	198.71	0	-4.43	-8.96	-200.00	0.00
11	11	ÄÐ	0	10.00	1	0	1	1	0	0.00	1	0	0	0	0	0	1	60	60	1	1	0	279	66181638	906	237	701	211	206.64	0	-4.45	-8.96	-200.00	0.00
11	11	ÄÐ	0	10.00	1	0	1	1	0	0.00	1	0	0	0	0	0	1	60	60	1	1	0	280	66181678	906	237	693	211	214.58	0	-4.46	-8.95	0.00	0.00
11	11	ÄÐ	0	10.00	1	0	1	1	0	0.00	1	0	0	0	0	0	1	60	60	1	1	0	281	66181718	906	236	693	211	214.46	0	-4.47	-8.95	0.00	0.00
11	11	ÄÐ	0	10.00	1	0	1	1	0	0.00	1	0	0	0	0	0	1	60	60	1	1	0	282	66181758	906	236	693	211	214.46	0	-4.48	-8.94	0.00	0.00
11	11	ÄÐ	0	10.00	1	0	1	1	0	0.00	1	0	0	0	0	0	1	60	60	1	1	0	283	66181798	905	236	693	211	213.47	0	-4.49	-8.93	0.00	0.00
11	11	ÄÐ	0	10.00	1	0	1	1	0	0.00	1	0	0	0	0	0	1	60	60	1	1	0	284	66181838	905	235	693	211	213.35	0	-4.51	-8.93	0.00	0.00
11	11	ÄÐ	0	10.00	1	0	1	1	0	0.00	1	0	0	0	0	0	1	60	60	1	1	0	285	66181878	905	235	693	211	213.35	0	-4.52	-8.92	0.00	0.00
11	11	ÄÐ	0	10.00	1	0	1	1	0	0.00	1	0	0	0	0	0	1	60	60	1	1	0	286	66181918	905	235	693	211	213.35	0	-4.53	-8.92	0.00	0.00
11	11	ÄÐ	0	10.00	1	0	1	1	0	0.00	1	0	0	0	0	0	1	60	60	1	1	0	287	66181958	905	234	693	211	213.24	0	-4.54	-8.91	0.00	0.00
11	11	ÄÐ	0	10.00	1	0	1	1	0	0.00	1	0	0	0	0	0	1	60	60	1	1	0	288	66181998	905	234	693	211	213.24	0	-4.55	-8.90	0.00	0.00
11	11	ÄÐ	0	10.00	1	0	1	1	0	0.00	1	0	0	0	0	0	1	60	60	1	1	0	289	66182038	904	234	693	211	212.25	0	-4.57	-8.90	0.00	0.00
11	11	ÄÐ	0	10.00	1	0	1	1	0	0.00	1	0	0	0	0	0	1	60	60	1	1	0	290	66182078	904	233	693	211	212.14	0	-4.58	-8.89	0.00	0.00
11	11	ÄÐ	0	10.00	1	0	1	1	0	0.00	1	0	0	0	0	0	1	60	60	1	1	0	291	66182118	904	233	693	211	212.14	0	-4.59	-8.88	0.00	0.00
11	11	ÄÐ	0	10.00	1	0	1	1	0	0.00	1	0	0	0	0	0	1	60	60	1	1	0	292	66182158	904	232	693	211	212.04	0	-4.60	-8.88	0.00	0.00
11	11	ÄÐ	0	10.00	1	0	1	1	0	0.00	1	0	0	0	0	0	1	60	60	1	1	0	293	66182198	904	232	693	211	212.04	0	-4.61	-8.87	0.00	0.00
11	11	ÄÐ	0	10.00	1	0	1	1	0	0.00	1	0	0	0	0	0	1	60	60	1	1	0	294	66182238	903	232	693	211	211.05	0	-4.62	-8.87	0.00	0.00
11	11	ÄÐ	0	10.00	1	0	1	1	0	0.00	1	0	0	0	0	0	1	60	60	1	1	0	295	66182278	903	231	693	211	210.95	0	-4.64	-8.86	0.00	0.00
11	11	ÄÐ	0	10.00	1	0	1	1	0	0.00	1	0	0	0	0	0	1	60	60	1	1	0	296	66182318	903	231	693	211	210.95	0	-4.65	-8.85	0.00	0.00
11	11	ÄÐ	0	10.00	1	0	1	1	0	0.00	1	0	0	0	0	0	1	60	60	1	1	0	297	66182358	903	231	693	211	210.95	0	-4.66	-8.85	0.00	0.00
11	11	ÄÐ	0	10.00	1	0	1	1	0	0.00	1	0	0	0	0	0	1	60	60	1	1	0	298	66182398	903	230	693	211	210.86	0	-4.67	-8.84	0.00	0.00
11	11	ÄÐ	0	10.00	1	0	1	1	0	0.00	1	0	0	0	0	0	1	60	60	1	1	0	299	66182438	903	230	693	211	210.86	0	-4.68	-8.84	0.00	0.00
11	11	ÄÐ	0	10.00	1	0	1	1	0	0.00	1	0	0	0	0	0	1	60	60	1	1	0	300	66182478	902	230	693	211	209.86	0	-4.70	-8.83	0.00	0.00
11	11	ÄÐ	0	10.00	1	0	1	1	0	0.00	1	0	0	0	0	0	1	60	60	1	1	0	301	66182518	902	229	693	211	209.77	0	-4.71	-8.82	0.00	0.00
11	11	ÄÐ	0	10.00	1	0	1	1	0	0.00	1	0	0	0	0	0	1	60	60	1	1	0	302	66182558	902	229	693	211	209.77	0	-4.72	-8.82	0.00	0.00
11	11	ÄÐ	0	10.00	1	0	1	1	0	0.00	1	0	0	0	0	0	1	60	60	1	1	0	303	66182598	902	229	693	211	209.77	0	-4.73	-8.81	0.00	0.00
11	11	ÄÐ	0	10.00	1	0	1	1	0	0.00	1	0	0	0	0	0	1	60	60	1	1	0	304	66182638	902	228	693	211	209.69	0	-4.74	-8.80	0.00	0.00
11	11	ÄÐ	0	10.00	1	0	1	1	0	0.00	1	0	0	0	0	0	1	60	60	1	1	0	305	66182678	901	228	693	211	208.69	0	-4.75	-8.80	0.00	0.00
11	11	ÄÐ	0	10.00	1	0	1	1	0	0.00	1	0	0	0	0	0	1	60	60	1	1	0	306	66182718	901	228	693	211	208.69	0	-4.77	-8.79	0.00	0.00
11	11	ÄÐ	0	10.00	1	0	1	1	0	0.00	1	0	0	0	0	0	1	60	60	1	1	0	307	66182758	901	227	693	211	208.61	0	-4.78	-8.78	0.00	0.00
11	11	ÄÐ	0	10.00	1	0	1	1	0	0.00	1	0	0	0	0	0	1	60	60	1	1	0	308	66182798	901	227	693	211	208.61	0	-4.79	-8.78	0.00	0.00
11	11	ÄÐ	0	10.00	1	0	1	1	0	0.00	1	0	0	0	0	0	1	60	60	1	1	0	309	66182838	901	226	693	211	208.54	0	-4.80	-8.77	0.00	0.00
11	11	ÄÐ	0	10.00	1	0	1	1	0	0.00	1	0	0	0	0	0	1	60	60	1	1	0	310	66182878	900	226	693	211	207.54	0	-4.81	-8.77	0.00	0.00
11	11	ÄÐ	0	10.00	1	0	1	1	0	0.00	1	0	0	0	0	0	1	60	60	1	1	0	311	66182918	900	226	693	211	207.54	0	-4.82	-8.76	0.00	0.00
11	11	ÄÐ	0	10.00	1	0	1	1	0	0.00	1	0	0	0	0	0	1	60	60	1	1	0	312	66182958	900	225	693	211	207.47	0	-4.84	-8.75	0.00	0.00
11	11	ÄÐ	0	10.00	1	0	1	1	0	0.00	1	0	0	0	0	0	1	60	60	1	1	0	313	66182998	900	225	693	211	207.47	0	-4.85	-8.75	0.00	0.00
11	11	ÄÐ	0	10.00	1	0	1	1	0	0.00	1	0	0	0	0	0	1	60	60	1	1	0	314	66183038	900	225	693	211	207.47	0	-4.86	-8.74	0.00	0.00
11	11	ÄÐ	0	10.00	1	0	1	1	0	0.00	1	0	0	0	0	0	1	60	60	1	1	0	315	66183078	900	224	693	211	207.41	0	-4.87	-8.73	0.00	0.00
11	11	ÄÐ	0	10.00	1	0	1	1	0	0.00	1	0	0	0	0	0	1	60	60	1	1	0	316	66183118	899	224	693	211	206.41	0	-4.88	-8.73	0.00	0.00
11	11	ÄÐ	0	10.00	1	0	1	1	0	0.00	1	0	0	0	0	0	1	60	60	1	1	0	317	66183158	899	224	693	211	206.41	0	-4.89	-8.72	0.00	0.00
11	11	ÄÐ	0	10.00	1	0	1	1	0	0.00	1	0	0	0	0	0	1	60	60	1	1	0	318	66183198	899	223	693	211	206.35	0	-4.91	-8.71	0.00	0.00
11	11	ÄÐ	0	10.00	1	0	1	1	0	0.00	1	0	0	0	0	0	1	60	60	1	1	0	319	66183238	899	223	693	211	206.35	0	-4.92	-8.71	0.00	0.00
11	11	ÄÐ	0	10.00	1	0	1	1	0	0.00	1	0	0	0	0	0	1	60	60	1	1	0	320	66183278	899	223	693	211	206.35	0	-4.93	-8.70	0.00	0.00
11	11	ÄÐ	0	10.00	1	0	1	1	0	0.00	1	0	0	0	0	0	1	60	60	1	1	0	321	66183318	898	222	693	211	205.29	0	-4.94	-8.69	0.00	0.00
11	11	ÄÐ	0	10.00	1	0	1	1	0	0.00	1	0	0	0	0	0	1	60	60	1	1	0	322	66183358	898	222	693	211	205.29	0	-4.95	-8.69	0.00	0.00
11	11	ÄÐ	0	10.00	1	0	1	1	0	0.00	1	0	0	0	0	0	1	60	60	1	1	0	323	66183398	898	222	693	211	205.29	0	-4.96	-8.68	0.00	0.00
