Pra_Test	Trial	PointNum	PointTime	ObjPointX	ObjPointY	PostPointX	PostPointY	Distance	Hit	ObjSpeedX	ObjSpeedY	PostSpeedX	PostSpeedY
0	1	1	462628	812	384	512	384	300.00	0	-0.00	-10.00	500.00	0.00
0	1	2	462669	811	383	527	384	284.00	0	-0.01	-10.00	500.00	0.00
0	1	3	462710	811	383	549	384	262.00	0	-0.02	-10.00	0.00	0.00
0	1	4	462751	811	382	549	384	262.01	0	-0.04	-10.00	0.00	0.00
0	1	5	462792	811	382	549	384	262.01	0	-0.05	-10.00	0.00	0.00
0	1	6	462833	811	381	549	384	262.02	0	-0.07	-10.00	0.00	0.00
0	1	7	462874	811	381	549	384	262.02	0	-0.08	-10.00	0.00	0.00
0	1	8	462915	811	381	549	384	262.02	0	-0.09	-10.00	0.00	0.00
0	1	9	462956	811	380	549	384	262.03	0	-0.11	-10.00	0.00	0.00
0	1	10	462997	811	380	549	384	262.03	0	-0.12	-10.00	0.00	0.00
0	1	11	463038	811	379	549	384	262.05	0	-0.14	-10.00	0.00	0.00
0	1	12	463079	811	379	549	384	262.05	0	-0.15	-10.00	0.00	0.00
0	1	13	463120	811	379	549	384	262.05	0	-0.16	-10.00	0.00	0.00
0	1	14	463161	811	378	549	384	262.07	0	-0.18	-10.00	0.00	0.00
0	1	15	463202	811	378	549	384	262.07	0	-0.19	-10.00	0.00	0.00
0	1	16	463243	811	377	549	384	262.09	0	-0.20	-10.00	0.00	0.00
0	1	17	463284	811	377	549	384	262.09	0	-0.22	-10.00	0.00	0.00
0	1	18	463325	811	377	549	384	262.09	0	-0.23	-10.00	0.00	0.00
0	1	19	463366	811	376	549	384	262.12	0	-0.24	-10.00	0.00	0.00
0	1	20	463407	811	376	549	384	262.12	0	-0.26	-10.00	0.00	0.00
0	1	21	463448	811	375	549	384	262.15	0	-0.27	-10.00	0.00	0.00
0	1	22	463489	811	375	549	384	262.15	0	-0.29	-10.00	0.00	0.00
0	1	23	463530	811	375	549	384	262.15	0	-0.30	-10.00	0.00	0.00
0	1	24	463571	811	374	549	384	262.19	0	-0.31	-10.00	0.00	0.00
0	1	25	463612	811	374	549	384	262.19	0	-0.33	-9.99	0.00	0.00
0	1	26	463652	811	373	549	384	262.23	0	-0.34	-9.99	0.00	0.00
0	1	27	463693	811	373	549	384	262.23	0	-0.35	-9.99	0.00	0.00
0	1	28	463734	811	372	549	384	262.27	0	-0.37	-9.99	0.00	0.00
0	1	29	463775	811	372	549	384	262.27	0	-0.38	-9.99	0.00	0.00
0	1	30	463816	811	372	549	384	262.27	0	-0.40	-9.99	0.00	0.00
0	1	31	463857	811	371	549	384	262.32	0	-0.41	-9.99	0.00	0.00
0	1	32	463898	811	371	549	384	262.32	0	-0.42	-9.99	0.00	0.00
0	1	33	463939	811	370	549	384	262.37	0	-0.43	-9.99	0.00	0.00
0	1	34	463980	811	370	549	384	262.37	0	-0.45	-9.99	0.00	0.00
0	1	35	464021	811	370	549	384	262.37	0	-0.46	-9.99	0.00	0.00
0	1	36	464062	811	369	549	384	262.43	0	-0.48	-9.99	0.00	0.00
0	1	37	464103	811	369	549	384	262.43	0	-0.49	-9.99	0.00	0.00
0	1	38	464144	811	368	549	384	262.49	0	-0.50	-9.99	0.00	0.00
0	1	39	464185	811	368	549	384	262.49	0	-0.52	-9.99	0.00	0.00
0	1	40	464226	811	368	549	384	262.49	0	-0.53	-9.99	0.00	-500.00
0	1	41	464267	811	367	549	366	262.00	0	-0.54	-9.99	0.00	-500.00
0	1	42	464308	811	367	549	344	263.01	0	-0.56	-9.98	0.00	-500.00
0	1	43	464349	811	366	549	323	265.51	0	-0.57	-9.98	0.00	-500.00
0	1	44	464390	811	366	549	301	269.94	0	-0.59	-9.98	0.00	-500.00
0	1	45	464431	811	366	549	284	274.53	0	-0.60	-9.98	0.00	-500.00
0	1	46	464472	811	365	549	262	281.52	0	-0.61	-9.98	0.00	-500.00
0	1	47	464513	811	365	549	240	290.29	0	-0.63	-9.98	0.00	-500.00
0	1	48	464554	811	364	549	219	299.45	0	-0.64	-9.98	0.00	-500.00
0	1	49	464595	811	364	549	203	307.51	0	-0.65	-9.98	0.00	-500.00
0	1	50	464636	811	364	549	181	319.58	0	-0.67	-9.98	0.00	0.00
0	1	51	464676	811	363	549	181	319.01	0	-0.68	-9.98	0.00	0.00
0	1	52	464717	811	363	549	181	319.01	0	-0.70	-9.98	0.00	0.00
0	1	53	464758	811	362	549	181	318.44	0	-0.71	-9.97	0.00	0.00
0	1	54	464799	811	362	549	181	318.44	0	-0.72	-9.97	0.00	0.00
0	1	55	464840	811	361	549	181	317.87	0	-0.73	-9.97	0.00	0.00
0	1	56	464881	811	361	549	181	317.87	0	-0.75	-9.97	0.00	500.00
0	1	57	464922	811	361	549	203	305.95	0	-0.76	-9.97	0.00	500.00
0	1	58	464962	811	360	549	225	294.74	0	-0.78	-9.97	0.00	500.00
0	1	59	465003	811	360	549	246	285.73	0	-0.79	-9.97	0.00	500.00
0	1	60	465044	811	359	549	262	279.38	0	-0.80	-9.97	0.00	500.00
0	1	61	465085	810	359	549	284	271.56	0	-0.82	-9.97	0.00	500.00
0	1	62	465126	810	359	549	305	266.53	0	-0.83	-9.97	0.00	500.00
0	1	63	465167	810	358	549	327	262.83	0	-0.85	-9.96	0.00	500.00
0	1	64	465208	810	358	549	348	261.19	0	-0.86	-9.96	0.00	500.00
0	1	65	465249	810	357	549	364	261.09	0	-0.87	-9.96	0.00	500.00
0	1	66	465290	810	357	549	386	262.61	0	-0.88	-9.96	0.00	0.00
0	1	67	465331	810	357	549	386	262.61	0	-0.90	-9.96	0.00	0.00
0	1	68	465372	810	356	549	386	262.72	0	-0.91	-9.96	0.00	0.00
0	1	69	465413	810	356	549	386	262.72	0	-0.93	-9.96	-500.00	0.00
0	1	70	465454	810	355	528	386	283.70	0	-0.94	-9.96	-500.00	0.00
0	1	71	465495	810	355	512	386	299.61	0	-0.95	-9.95	-500.00	0.00
0	1	72	465536	810	355	490	386	321.50	0	-0.97	-9.95	-500.00	0.00
0	1	73	465577	810	354	469	386	342.50	0	-0.98	-9.95	-500.00	0.00
0	1	74	465618	810	354	447	386	364.41	0	-0.99	-9.95	-500.00	0.00
0	1	75	465659	810	353	426	386	385.42	0	-1.01	-9.95	-500.00	0.00
0	1	76	465700	810	353	410	386	401.36	0	-1.02	-9.95	-500.00	0.00
0	1	77	465741	810	352	387	386	424.36	0	-1.03	-9.95	-500.00	0.00
0	1	78	465781	810	352	366	386	445.30	0	-1.05	-9.94	-500.00	0.00
0	1	79	465822	810	352	345	386	466.24	0	-1.06	-9.94	-500.00	0.00
0	1	80	465863	810	351	324	386	487.26	0	-1.08	-9.94	-500.00	500.00
0	1	81	465904	810	351	308	402	504.58	0	-1.09	-9.94	-500.00	500.00
0	1	82	465945	810	350	286	424	529.20	0	-1.10	-9.94	0.00	500.00
0	1	83	465985	810	350	286	445	532.54	0	-1.12	-9.94	500.00	500.00
0	1	84	466026	810	350	308	467	515.45	0	-1.13	-9.94	500.00	500.00
0	1	85	466067	810	349	329	488	500.68	0	-1.14	-9.93	500.00	500.00
0	1	86	466108	809	349	351	509	485.14	0	-1.16	-9.93	500.00	500.00
0	1	87	466149	809	348	367	526	476.50	0	-1.17	-9.93	500.00	500.00
0	1	88	466190	809	348	389	548	465.19	0	-1.18	-9.93	500.00	500.00
0	1	89	466231	809	348	412	571	455.34	0	-1.20	-9.93	500.00	500.00
0	1	90	466272	809	347	430	589	449.67	0	-1.21	-9.93	500.00	0.00
0	1	91	466313	809	347	453	589	430.46	0	-1.23	-9.92	500.00	0.00
0	1	92	466354	809	346	470	589	417.10	0	-1.24	-9.92	500.00	0.00
0	1	93	466395	809	346	493	589	398.63	0	-1.25	-9.92	500.00	-500.00
0	1	94	466436	809	346	513	568	370.00	0	-1.27	-9.92	500.00	-500.00
0	1	95	466477	809	345	534	547	341.22	0	-1.28	-9.92	0.00	-500.00
0	1	96	466518	809	345	534	525	328.67	0	-1.29	-9.92	0.00	-500.00
0	1	97	466559	809	344	534	509	320.70	0	-1.30	-9.91	-500.00	-500.00
0	1	98	466600	809	344	513	487	328.73	0	-1.32	-9.91	-500.00	-500.00
0	1	99	466640	809	344	491	466	340.60	0	-1.33	-9.91	-500.00	-500.00
0	1	100	466681	809	343	470	444	353.73	0	-1.35	-9.91	-500.00	-500.00
0	1	101	466722	809	343	453	427	365.78	0	-1.36	-9.91	-500.00	0.00
0	1	102	466762	809	342	431	427	387.44	0	-1.37	-9.91	-500.00	0.00
0	1	103	466803	809	342	409	427	408.93	0	-1.39	-9.90	-500.00	500.00
0	1	104	466844	809	341	387	450	435.85	0	-1.40	-9.90	-500.00	500.00
0	1	105	466885	808	341	370	466	455.49	0	-1.41	-9.90	-500.00	500.00
0	1	106	466926	808	341	349	488	481.96	0	-1.43	-9.90	0.00	500.00
0	1	107	466966	808	340	349	509	489.12	0	-1.44	-9.90	500.00	500.00
0	1	108	467007	808	340	371	532	477.32	0	-1.46	-9.89	500.00	500.00
0	1	109	467048	808	339	389	549	468.68	0	-1.47	-9.89	500.00	0.00
0	1	110	467089	808	339	411	549	449.12	0	-1.48	-9.89	500.00	-500.00
0	1	111	467130	808	339	433	528	419.94	0	-1.50	-9.89	500.00	-500.00
0	1	112	467170	808	338	449	511	398.51	0	-1.51	-9.89	0.00	-500.00
0	1	113	467211	808	338	449	490	389.85	0	-1.52	-9.88	0.00	-500.00
0	1	114	467252	808	337	449	468	382.15	0	-1.54	-9.88	-500.00	-500.00
0	1	115	467292	808	337	427	446	396.29	0	-1.55	-9.88	-500.00	-500.00
0	1	116	467333	808	337	410	429	408.49	0	-1.56	-9.88	-500.00	-500.00
0	1	117	467374	808	336	390	409	424.33	0	-1.58	-9.88	-500.00	-500.00
0	1	118	467415	808	336	368	387	442.95	0	-1.59	-9.87	-500.00	0.00
0	1	119	467456	808	335	345	387	465.91	0	-1.61	-9.87	-500.00	0.00
0	1	120	467497	808	335	327	387	483.80	0	-1.62	-9.87	-500.00	500.00
0	1	121	467538	807	335	306	409	506.44	0	-1.63	-9.87	-500.00	500.00
0	1	122	467579	807	334	284	430	531.74	0	-1.64	-9.86	-500.00	500.00
0	1	123	467619	807	334	263	452	556.65	0	-1.66	-9.86	0.00	500.00
0	1	124	467660	807	333	263	468	560.50	0	-1.67	-9.86	0.00	500.00
0	1	125	467701	807	333	263	490	566.20	0	-1.68	-9.86	500.00	500.00
0	1	126	467742	807	333	285	511	551.51	0	-1.70	-9.85	500.00	500.00
0	1	127	467783	807	332	306	533	539.82	0	-1.71	-9.85	500.00	500.00
0	1	128	467824	807	332	327	554	528.85	0	-1.73	-9.85	500.00	0.00
0	1	129	467865	807	331	345	554	513.00	0	-1.74	-9.85	500.00	0.00
0	1	130	467905	807	331	368	554	492.39	0	-1.75	-9.85	500.00	-500.00
0	1	131	467946	807	331	384	539	471.37	0	-1.76	-9.84	500.00	-500.00
0	1	132	467987	807	330	407	516	441.13	0	-1.78	-9.84	0.00	-500.00
0	1	133	468028	807	330	407	494	432.31	0	-1.79	-9.84	0.00	-500.00
0	1	134	468069	807	329	407	472	424.79	0	-1.81	-9.84	0.00	-500.00
0	1	135	468109	806	329	407	455	418.42	0	-1.82	-9.83	-500.00	-500.00
0	1	136	468150	806	328	383	431	435.36	0	-1.83	-9.83	-500.00	-500.00
0	1	137	468191	806	328	365	414	449.31	0	-1.85	-9.83	-500.00	-500.00
0	1	138	468232	806	328	343	391	467.27	0	-1.86	-9.83	-500.00	0.00
0	1	139	468273	806	327	322	391	488.21	0	-1.87	-9.82	-500.00	0.00
0	1	140	468314	806	327	306	391	504.08	0	-1.88	-9.82	-500.00	500.00
0	1	141	468355	806	327	284	413	529.04	0	-1.90	-9.82	500.00	500.00
0	1	142	468396	806	326	306	434	511.53	0	-1.91	-9.82	500.00	500.00
0	1	143	468437	806	326	328	456	495.36	0	-1.93	-9.81	500.00	500.00
0	1	144	468477	806	325	350	478	480.98	0	-1.94	-9.81	500.00	500.00
0	1	145	468518	806	325	366	494	471.34	0	-1.95	-9.81	500.00	0.00
0	1	146	468559	806	325	387	494	451.80	0	-1.97	-9.80	500.00	0.00
0	1	147	468600	806	324	410	494	430.95	0	-1.98	-9.80	500.00	-500.00
0	1	148	468641	805	324	432	471	400.92	0	-2.00	-9.80	500.00	-500.00
0	1	149	468681	805	323	449	454	379.34	0	-2.01	-9.80	500.00	-500.00
0	1	150	468721	805	323	472	431	350.08	0	-2.02	-9.79	0.00	-500.00
0	1	151	468762	805	322	472	410	344.43	0	-2.04	-9.79	0.00	-500.00
0	1	152	468803	805	322	472	392	340.28	0	-2.05	-9.79	-500.00	-500.00
0	1	153	468844	805	322	450	371	358.37	0	-2.06	-9.79	-500.00	-500.00
0	1	154	468884	805	321	428	348	377.97	0	-2.08	-9.78	-500.00	-500.00
0	1	155	468925	805	321	411	332	394.15	0	-2.09	-9.78	-500.00	-500.00
0	1	156	468966	805	320	390	310	415.12	0	-2.10	-9.78	-500.00	-500.00
0	1	157	469007	805	320	368	289	438.10	0	-2.11	-9.77	-500.00	0.00
0	1	158	469048	805	320	347	289	459.05	0	-2.13	-9.77	-500.00	0.00
0	1	159	469089	805	319	325	289	480.94	0	-2.14	-9.77	-500.00	0.00
0	1	160	469130	804	319	309	289	495.91	0	-2.15	-9.77	0.00	500.00
0	1	161	469171	804	318	309	310	495.06	0	-2.17	-9.76	500.00	500.00
0	1	162	469211	804	318	330	332	474.21	0	-2.18	-9.76	500.00	500.00
0	1	163	469252	804	318	353	354	452.43	0	-2.20	-9.76	500.00	500.00
0	1	164	469292	804	317	369	371	438.34	0	-2.21	-9.75	500.00	500.00
0	1	165	469333	804	317	390	391	420.56	0	-2.22	-9.75	500.00	500.00
0	1	166	469373	804	316	411	413	404.79	0	-2.23	-9.75	500.00	0.00
0	1	167	469414	804	316	433	413	383.47	0	-2.25	-9.74	500.00	-500.00
0	1	168	469455	804	316	454	391	357.95	0	-2.26	-9.74	500.00	-500.00
0	1	169	469496	804	315	476	370	332.58	0	-2.28	-9.74	0.00	-500.00
0	1	170	469537	804	315	476	353	330.19	0	-2.29	-9.74	0.00	-500.00
0	1	171	469578	803	314	476	332	327.50	0	-2.30	-9.73	0.00	-500.00
0	1	172	469619	803	314	476	310	327.02	0	-2.31	-9.73	-500.00	-500.00
0	1	173	469660	803	314	453	288	350.96	0	-2.33	-9.73	-500.00	-500.00
0	1	174	469701	803	313	438	272	367.30	0	-2.34	-9.72	-500.00	-500.00
0	1	175	469742	803	313	416	251	391.93	0	-2.35	-9.72	-500.00	-500.00
0	1	176	469783	803	312	395	229	416.36	0	-2.37	-9.72	-500.00	0.00
0	1	177	469823	803	312	371	229	439.90	0	-2.38	-9.71	500.00	0.00
0	1	178	469864	803	312	388	229	423.22	0	-2.39	-9.71	500.00	500.00
0	1	179	469905	803	311	409	251	398.54	0	-2.41	-9.71	500.00	500.00
0	1	180	469946	803	311	432	273	372.94	0	-2.42	-9.70	500.00	0.00
0	1	181	469987	802	310	453	273	350.96	0	-2.43	-9.70	500.00	0.00
0	1	182	470028	802	310	469	273	335.05	0	-2.45	-9.70	500.00	0.00
0	1	183	470069	802	310	491	273	313.19	0	-2.46	-9.69	500.00	0.00
0	1	184	470110	802	309	512	273	292.23	0	-2.47	-9.69	500.00	0.00
0	1	185	470150	802	309	535	273	269.42	0	-2.49	-9.69	500.00	-500.00
0	1	186	470191	802	309	552	257	255.35	0	-2.50	-9.68	500.00	-500.00
0	1	187	470231	802	308	574	235	239.40	0	-2.51	-9.68	500.00	-500.00
0	1	188	470272	802	308	595	214	227.34	0	-2.53	-9.68	500.00	-500.00
0	1	189	470313	802	307	617	191	218.36	0	-2.54	-9.67	500.00	-500.00
0	1	190	470354	802	307	635	174	213.49	0	-2.55	-9.67	500.00	-500.00
0	1	191	470395	801	307	657	152	211.57	0	-2.57	-9.67	0.00	-500.00
0	1	192	470436	801	306	657	131	226.63	0	-2.58	-9.66	0.00	-500.00
0	1	193	470477	801	306	657	109	244.02	0	-2.59	-9.66	0.00	-500.00
0	1	194	470518	801	305	657	93	256.28	0	-2.60	-9.66	0.00	-500.00
0	1	195	470559	801	305	657	72	273.91	0	-2.62	-9.65	500.00	0.00
0	1	196	470600	801	305	678	72	263.47	0	-2.63	-9.65	500.00	500.00
0	1	197	470641	801	304	700	94	233.03	0	-2.65	-9.64	500.00	500.00
0	1	198	470682	801	304	722	116	203.92	0	-2.66	-9.64	500.00	500.00
0	1	199	470722	801	303	738	132	182.24	0	-2.67	-9.64	500.00	500.00
0	1	200	470763	800	303	759	153	155.50	0	-2.68	-9.63	500.00	500.00
0	1	201	470803	800	303	781	175	129.40	0	-2.70	-9.63	500.00	500.00
0	1	202	470844	800	302	804	198	104.08	0	-2.71	-9.63	500.00	500.00
0	1	203	470885	800	302	820	214	90.24	0	-2.72	-9.62	500.00	500.00
0	1	204	470926	800	301	842	236	77.39	0	-2.74	-9.62	500.00	500.00
0	1	205	470967	800	301	866	259	78.23	0	-2.75	-9.61	0.00	500.00
0	1	206	471008	800	301	866	277	70.23	0	-2.76	-9.61	0.00	500.00
0	1	207	471049	800	300	866	300	66.00	0	-2.78	-9.61	0.00	500.00
0	1	208	471090	800	300	866	318	68.41	0	-2.79	-9.60	0.00	500.00
0	1	209	471130	799	299	866	341	79.08	0	-2.80	-9.60	-500.00	500.00
0	1	210	471171	799	299	844	362	77.42	0	-2.82	-9.59	-500.00	500.00
0	1	211	471212	799	299	828	379	85.09	0	-2.83	-9.59	-500.00	500.00
0	1	212	471253	799	298	806	400	102.24	0	-2.84	-9.59	-500.00	500.00
0	1	213	471294	799	298	784	422	124.90	0	-2.86	-9.58	-500.00	0.00
0	1	214	471335	799	297	763	422	130.08	0	-2.87	-9.58	-500.00	-500.00
0	1	215	471376	799	297	742	400	117.72	0	-2.88	-9.58	-500.00	-500.00
0	1	216	471417	799	297	726	384	113.57	0	-2.89	-9.57	-500.00	-500.00
0	1	217	471457	799	296	704	363	116.25	0	-2.91	-9.57	-500.00	-500.00
0	1	218	471498	798	296	683	342	123.86	0	-2.92	-9.56	0.00	-500.00
0	1	219	471539	798	295	683	320	117.69	0	-2.93	-9.56	500.00	-500.00
0	1	220	471580	798	295	705	298	93.05	0	-2.95	-9.56	500.00	-500.00
0	1	221	471621	798	295	721	282	78.09	0	-2.96	-9.55	500.00	-500.00
0	1	222	471661	798	294	742	261	65.00	0	-2.97	-9.55	500.00	0.00
0	1	223	471702	798	294	764	261	47.38	0	-2.99	-9.54	500.00	0.00
0	1	224	471743	798	294	786	261	35.11	0	-3.00	-9.54	500.00	0.00
0	1	225	471783	798	293	807	261	33.24	0	-3.01	-9.54	500.00	500.00
0	1	226	471824	797	293	828	282	32.89	0	-3.03	-9.53	500.00	500.00
0	1	227	471865	797	292	845	299	48.51	0	-3.04	-9.53	500.00	500.00
0	1	228	471906	797	292	867	320	75.39	0	-3.05	-9.52	500.00	500.00
0	1	229	471947	797	292	888	342	103.83	0	-3.06	-9.52	-500.00	500.00
0	1	230	471988	797	291	867	363	100.42	0	-3.08	-9.51	-500.00	500.00
0	1	231	472028	797	291	845	385	105.55	0	-3.09	-9.51	-500.00	500.00
0	1	232	472069	797	290	829	400	114.56	0	-3.10	-9.51	-500.00	500.00
0	1	233	472109	797	290	807	423	133.38	0	-3.12	-9.50	-500.00	0.00
0	1	234	472150	796	290	786	423	133.38	0	-3.13	-9.50	-500.00	-500.00
0	1	235	472191	796	289	763	400	115.80	0	-3.14	-9.49	-500.00	-500.00
0	1	236	472231	796	289	747	384	106.89	0	-3.15	-9.49	-500.00	-500.00
0	1	237	472272	796	288	724	361	102.53	0	-3.17	-9.48	-500.00	-500.00
0	1	238	472313	796	288	703	341	107.04	0	-3.18	-9.48	-500.00	-500.00
0	1	239	472353	796	288	681	318	118.85	0	-3.20	-9.48	0.00	-500.00
0	1	240	472394	796	287	681	302	115.97	0	-3.21	-9.47	500.00	-500.00
0	1	241	472434	796	287	703	281	93.19	0	-3.22	-9.47	500.00	-500.00
0	1	242	472475	795	287	725	259	75.39	0	-3.23	-9.46	500.00	-500.00
0	1	243	472516	795	286	746	237	69.30	0	-3.25	-9.46	500.00	0.00
0	1	244	472557	795	286	767	237	56.44	0	-3.26	-9.45	500.00	0.00
0	1	245	472597	795	285	784	237	49.24	0	-3.27	-9.45	500.00	500.00
0	1	246	472638	795	285	805	259	27.86	0	-3.28	-9.45	500.00	500.00
0	1	247	472679	795	285	827	280	32.39	0	-3.30	-9.44	0.00	500.00
0	1	248	472720	795	284	827	302	36.72	0	-3.31	-9.44	0.00	500.00
0	1	249	472760	794	284	827	324	51.86	0	-3.32	-9.43	-500.00	500.00
0	1	250	472801	794	283	810	341	60.17	0	-3.34	-9.43	-500.00	500.00
0	1	251	472842	794	283	789	362	79.16	0	-3.35	-9.42	-500.00	500.00
0	1	252	472883	794	283	765	386	107.00	0	-3.36	-9.42	-500.00	500.00
0	1	253	472924	794	282	749	401	127.22	0	-3.37	-9.41	-500.00	0.00
0	1	254	472965	794	282	727	401	136.57	0	-3.39	-9.41	-500.00	-500.00
0	1	255	473006	794	281	705	380	133.12	0	-3.40	-9.40	-500.00	-500.00
0	1	256	473046	793	281	684	358	133.45	0	-3.41	-9.40	-500.00	-500.00
0	1	257	473087	793	281	663	337	141.55	0	-3.43	-9.39	0.00	-500.00
0	1	258	473128	793	280	663	320	136.01	0	-3.44	-9.39	500.00	-500.00
0	1	259	473169	793	280	684	299	110.64	0	-3.45	-9.39	500.00	0.00
0	1	260	473209	793	280	706	299	89.05	0	-3.47	-9.38	500.00	0.00
0	1	261	473250	793	279	727	299	68.96	0	-3.48	-9.38	500.00	500.00
0	1	262	473291	793	279	748	320	60.88	0	-3.49	-9.37	500.00	500.00
0	1	263	473332	793	278	764	336	64.85	0	-3.50	-9.37	500.00	500.00
0	1	264	473372	792	278	787	358	80.16	0	-3.52	-9.36	500.00	500.00
0	1	265	473413	792	278	808	380	103.25	0	-3.53	-9.36	500.00	500.00
0	1	266	473454	792	277	830	401	129.69	0	-3.54	-9.35	-500.00	0.00
0	1	267	473495	792	277	808	401	125.03	0	-3.56	-9.35	-500.00	0.00
0	1	268	473536	792	277	791	401	124.00	0	-3.57	-9.34	-500.00	0.00
0	1	269	473577	792	276	770	401	126.92	0	-3.58	-9.34	-500.00	-500.00
0	1	270	473618	791	276	749	380	112.16	0	-3.59	-9.33	-500.00	-500.00
0	1	271	473659	791	275	726	358	105.42	0	-3.61	-9.33	500.00	0.00
0	1	272	473700	791	275	748	358	93.48	0	-3.62	-9.32	500.00	0.00
0	1	273	473741	791	275	764	358	87.28	0	-3.63	-9.32	500.00	0.00
0	1	274	473782	791	274	786	358	84.15	0	-3.64	-9.31	500.00	0.00
0	1	275	473823	791	274	807	358	85.51	0	-3.66	-9.31	500.00	-500.00
0	1	276	473864	791	273	828	336	73.06	0	-3.67	-9.30	0.00	-500.00
0	1	277	473905	790	273	828	314	55.90	0	-3.68	-9.30	-500.00	-500.00
0	1	278	473946	790	273	808	293	26.91	0	-3.70	-9.29	-500.00	-500.00
0	1	279	473987	790	272	791	277	5.10	1	-3.71	-9.29	-500.00	-500.00
0	1	280	474028	790	272	767	253	29.83	0	-3.72	-9.28	-500.00	-500.00
0	1	281	474069	790	271	746	232	58.80	0	-3.73	-9.28	0.00	500.00
0	1	282	474109	790	271	746	248	49.65	0	-3.74	-9.27	500.00	500.00
0	1	283	474150	790	271	767	269	23.09	0	-3.76	-9.27	500.00	500.00
0	1	284	474191	789	270	789	291	21.00	0	-3.77	-9.26	500.00	500.00
0	1	285	474232	789	270	810	312	46.96	0	-3.78	-9.26	0.00	500.00
0	1	286	474272	789	270	810	334	67.36	0	-3.80	-9.25	0.00	500.00
0	1	287	474313	789	269	810	350	83.68	0	-3.81	-9.25	0.00	500.00
0	1	288	474353	789	269	810	371	104.14	0	-3.82	-9.24	500.00	500.00
0	1	289	474394	789	268	832	392	131.24	0	-3.83	-9.24	500.00	500.00
0	1	290	474435	788	268	853	414	159.82	0	-3.85	-9.23	500.00	0.00
0	1	291	474476	788	268	876	414	170.47	0	-3.86	-9.22	0.00	-500.00
0	1	292	474517	788	267	876	396	156.16	0	-3.87	-9.22	-500.00	-500.00
0	1	293	474558	788	267	852	373	123.82	0	-3.89	-9.21	-500.00	-500.00
0	1	294	474598	788	267	837	357	102.47	0	-3.90	-9.21	-500.00	-500.00
0	1	295	474639	788	266	815	336	75.03	0	-3.91	-9.20	0.00	500.00
0	1	296	474679	787	266	815	357	95.21	0	-3.92	-9.20	500.00	500.00
0	1	297	474720	787	265	839	381	127.12	0	-3.94	-9.19	500.00	500.00
0	1	298	474760	787	265	856	398	149.83	0	-3.95	-9.19	500.00	500.00
0	1	299	474801	787	265	880	422	182.48	0	-3.96	-9.18	0.00	0.00
0	1	300	474842	787	264	880	422	183.34	0	-3.97	-9.18	-500.00	-500.00
0	1	301	474883	787	264	859	401	154.77	0	-3.98	-9.17	-500.00	-500.00
0	1	302	474924	786	264	838	380	127.12	0	-4.00	-9.17	-500.00	0.00
0	1	303	474965	786	263	814	380	120.30	0	-4.01	-9.16	0.00	500.00
0	1	304	475006	786	263	814	397	136.89	0	-4.02	-9.16	500.00	500.00
0	1	305	475047	786	262	838	421	167.29	0	-4.04	-9.15	500.00	500.00
0	1	306	475088	786	262	854	437	187.75	0	-4.05	-9.14	0.00	0.00
0	1	307	475129	786	262	854	437	187.75	0	-4.06	-9.14	0.00	-500.00
0	1	308	475170	785	261	854	416	169.66	0	-4.07	-9.13	-500.00	-500.00
0	1	309	475211	785	261	833	394	141.40	0	-4.09	-9.13	-500.00	-500.00
0	1	310	475252	785	261	811	373	114.98	0	-4.10	-9.12	-500.00	0.00
0	1	311	475293	785	260	796	373	113.53	0	-4.11	-9.12	-500.00	0.00
0	1	312	475333	785	260	774	373	113.53	0	-4.12	-9.11	0.00	0.00
0	1	313	475374	785	259	774	373	114.53	0	-4.13	-9.11	0.00	0.00
0	1	314	475415	784	259	774	373	114.44	0	-4.15	-9.10	500.00	0.00
0	1	315	475456	784	259	796	373	114.63	0	-4.16	-9.09	500.00	0.00
0	1	316	475497	784	258	817	373	119.64	0	-4.17	-9.09	500.00	0.00
0	1	317	475538	784	258	834	373	125.40	0	-4.18	-9.08	0.00	0.00
0	1	318	475579	784	258	834	373	125.40	0	-4.20	-9.08	0.00	0.00
0	1	319	475619	784	257	834	373	126.32	0	-4.21	-9.07	0.00	0.00
0	1	320	475660	783	257	834	373	126.72	0	-4.22	-9.07	0.00	0.00
0	1	321	475701	783	256	834	373	127.63	0	-4.24	-9.06	-500.00	0.00
0	1	322	475742	783	256	816	373	121.56	0	-4.25	-9.05	-500.00	0.00
0	1	323	475783	783	256	794	373	117.52	0	-4.26	-9.05	-500.00	-500.00
0	1	324	475824	783	255	772	351	96.63	0	-4.27	-9.04	-500.00	-500.00
0	1	325	475865	783	255	755	334	83.82	0	-4.28	-9.04	-500.00	-500.00
0	1	326	475906	782	255	732	311	75.07	0	-4.30	-9.03	0.00	0.00
0	1	327	475947	782	254	732	311	75.82	0	-4.31	-9.02	0.00	500.00
0	1	328	475988	782	254	732	328	89.31	0	-4.32	-9.02	0.00	500.00
0	1	329	476028	782	254	732	349	107.35	0	-4.33	-9.01	0.00	500.00
0	1	330	476069	782	253	732	371	128.16	0	-4.35	-9.01	-500.00	0.00
0	1	331	476110	782	253	711	371	137.71	0	-4.36	-9.00	-500.00	0.00
0	1	332	476151	781	252	689	371	150.42	0	-4.37	-8.99	-500.00	-500.00
0	1	333	476192	781	252	674	355	148.52	0	-4.38	-8.99	-500.00	-500.00
0	1	334	476233	781	252	652	334	152.86	0	-4.39	-8.98	0.00	0.00
0	1	335	476274	781	251	652	334	153.39	0	-4.41	-8.98	500.00	0.00
0	1	336	476315	781	251	674	334	135.42	0	-4.42	-8.97	500.00	0.00
0	1	337	476356	780	251	695	334	118.80	0	-4.43	-8.96	0.00	0.00
0	1	338	476397	780	250	695	334	119.50	0	-4.44	-8.96	0.00	-500.00
0	1	339	476438	780	250	695	317	108.23	0	-4.45	-8.95	-500.00	-500.00
0	1	340	476479	780	249	674	296	115.95	0	-4.47	-8.95	-500.00	-500.00
0	1	341	476520	780	249	652	274	130.42	0	-4.48	-8.94	-500.00	-500.00
0	1	342	476561	780	249	631	253	149.05	0	-4.49	-8.93	-500.00	-500.00
0	1	343	476602	779	248	609	231	170.85	0	-4.51	-8.93	0.00	0.00
0	1	344	476643	779	248	609	231	170.85	0	-4.52	-8.92	0.00	0.00
0	1	345	476684	779	248	609	231	170.85	0	-4.53	-8.92	500.00	0.00
0	1	346	476725	779	247	631	231	148.86	0	-4.54	-8.91	500.00	0.00
0	1	347	476766	779	247	653	231	127.01	0	-4.56	-8.90	500.00	0.00
0	1	348	476807	778	247	668	231	111.16	0	-4.56	-8.90	500.00	500.00
0	1	349	476847	778	246	690	253	88.28	0	-4.58	-8.89	500.00	0.00
0	1	350	476888	778	246	712	253	66.37	0	-4.59	-8.88	0.00	0.00
0	1	351	476929	778	245	712	253	66.48	0	-4.60	-8.88	0.00	0.00
0	1	352	476970	778	245	712	253	66.48	0	-4.62	-8.87	0.00	0.00
0	1	353	477011	777	245	712	253	65.49	0	-4.62	-8.87	0.00	0.00
0	1	354	477052	777	244	712	253	65.62	0	-4.64	-8.86	0.00	0.00
0	1	355	477093	777	244	712	253	65.62	0	-4.65	-8.85	0.00	0.00
0	1	356	477134	777	244	712	253	65.62	0	-4.66	-8.85	0.00	0.00
0	1	357	477175	777	243	712	253	65.76	0	-4.68	-8.84	0.00	0.00
0	1	358	477216	776	243	712	253	64.78	0	-4.69	-8.83	0.00	0.00
0	1	359	477256	776	243	712	253	64.78	0	-4.70	-8.83	500.00	0.00
0	1	360	477297	776	242	733	253	44.38	0	-4.71	-8.82	500.00	0.00
0	1	361	477338	776	242	755	253	23.71	0	-4.72	-8.81	500.00	0.00
0	1	362	477379	776	241	776	253	12.00	0	-4.74	-8.81	0.00	0.00
0	1	363	477420	776	241	776	253	12.00	0	-4.75	-8.80	0.00	0.00
0	1	364	477461	775	241	776	253	12.04	0	-4.76	-8.80	0.00	0.00
0	1	365	477502	775	240	776	253	13.04	0	-4.77	-8.79	0.00	0.00
0	1	366	477543	775	240	776	253	13.04	0	-4.78	-8.78	0.00	0.00
0	1	367	477584	775	240	776	253	13.04	0	-4.80	-8.77	0.00	0.00
0	1	368	477625	775	239	776	253	14.04	0	-4.81	-8.77	-500.00	0.00
0	1	369	477666	774	239	755	253	23.60	0	-4.82	-8.76	-500.00	0.00
0	1	370	477707	774	239	733	253	43.32	0	-4.83	-8.76	0.00	0.00
0	1	371	477748	774	238	733	253	43.66	0	-4.84	-8.75	0.00	0.00
0	1	372	477788	774	238	733	253	43.66	0	-4.86	-8.74	0.00	0.00
0	1	373	477829	774	238	733	253	43.66	0	-4.87	-8.74	0.00	0.00
0	1	374	477869	773	237	733	253	43.08	0	-4.88	-8.73	0.00	0.00
0	1	375	477910	773	237	733	253	43.08	0	-4.89	-8.72	0.00	0.00
0	1	376	477951	773	236	733	253	43.46	0	-4.90	-8.72	0.00	0.00
0	1	377	477992	773	236	733	253	43.46	0	-4.92	-8.71	0.00	0.00
0	1	378	478032	773	236	733	253	43.46	0	-4.93	-8.70	0.00	0.00
0	1	379	478073	772	235	733	253	42.95	0	-4.94	-8.70	500.00	0.00
0	1	380	478114	772	235	755	253	24.76	0	-4.95	-8.69	500.00	0.00
0	1	381	478155	772	235	776	253	18.44	0	-4.96	-8.68	0.00	0.00
0	1	382	478196	772	234	776	253	19.42	0	-4.98	-8.67	0.00	0.00
0	1	383	478236	772	234	776	253	19.42	0	-4.99	-8.67	0.00	0.00
0	1	384	478277	771	234	776	253	19.65	0	-5.00	-8.66	0.00	0.00
0	1	385	478318	771	233	776	253	20.62	0	-5.01	-8.65	0.00	-500.00
0	1	386	478359	771	233	776	235	5.39	1	-5.02	-8.65	0.00	-500.00
0	1	387	478400	771	232	776	212	20.62	0	-5.03	-8.64	0.00	0.00
0	1	388	478440	771	232	776	212	20.62	0	-5.04	-8.63	0.00	0.00
0	1	389	478481	770	232	776	212	20.88	0	-5.06	-8.63	0.00	0.00
0	1	390	478522	770	231	776	212	19.92	0	-5.07	-8.62	0.00	0.00
0	1	391	478562	770	231	776	212	19.92	0	-5.08	-8.61	0.00	0.00
0	1	392	478603	770	231	776	212	19.92	0	-5.09	-8.61	0.00	0.00
0	1	393	478644	769	230	776	212	19.31	0	-5.10	-8.60	0.00	0.00
0	1	394	478684	769	230	776	212	19.31	0	-5.12	-8.59	0.00	0.00
0	1	395	478725	769	230	776	212	19.31	0	-5.13	-8.58	0.00	0.00
0	1	396	478765	769	229	776	212	18.38	0	-5.14	-8.58	0.00	0.00
0	1	397	478806	769	229	776	212	18.38	0	-5.15	-8.57	0.00	500.00
0	1	398	478847	768	229	776	233	8.94	1	-5.16	-8.56	0.00	0.00
0	1	399	478888	768	228	776	233	9.43	1	-5.18	-8.56	0.00	0.00
0	1	400	478929	768	228	776	233	9.43	1	-5.18	-8.55	0.00	0.00
0	1	401	478970	768	228	776	233	9.43	1	-5.20	-8.54	0.00	0.00
0	1	402	479011	768	227	776	233	10.00	0	-5.21	-8.54	0.00	0.00
0	1	403	479052	767	227	776	233	10.82	0	-5.22	-8.53	0.00	0.00
0	1	404	479093	767	226	776	233	11.40	0	-5.23	-8.52	0.00	0.00
0	1	405	479134	767	226	776	233	11.40	0	-5.24	-8.52	0.00	0.00
0	1	406	479175	767	226	776	233	11.40	0	-5.26	-8.51	0.00	0.00
0	1	407	479216	766	225	776	233	12.81	0	-5.27	-8.50	0.00	0.00
0	1	408	479257	766	225	776	233	12.81	0	-5.28	-8.49	0.00	0.00
0	1	409	479298	766	225	776	233	12.81	0	-5.29	-8.49	0.00	0.00
0	1	410	479339	766	224	776	233	13.45	0	-5.30	-8.48	0.00	0.00
0	1	411	479380	766	224	776	233	13.45	0	-5.31	-8.47	-500.00	0.00
0	1	412	479421	765	224	755	233	13.45	0	-5.33	-8.46	-500.00	0.00
0	1	413	479462	765	223	733	233	33.53	0	-5.34	-8.46	-500.00	0.00
0	1	414	479502	765	223	712	233	53.94	0	-5.35	-8.45	0.00	0.00
0	1	415	479543	765	223	712	233	53.94	0	-5.36	-8.44	0.00	0.00
0	1	416	479584	765	222	712	233	54.13	0	-5.37	-8.44	0.00	0.00
0	1	417	479624	764	222	712	233	53.15	0	-5.38	-8.43	0.00	0.00
0	1	418	479665	764	222	712	233	53.15	0	-5.40	-8.42	-500.00	0.00
0	1	419	479706	764	221	689	233	75.95	0	-5.41	-8.41	-500.00	-500.00
0	1	420	479746	764	221	673	217	91.09	0	-5.42	-8.41	-500.00	-500.00
0	1	421	479787	763	221	652	196	113.78	0	-5.43	-8.40	0.00	0.00
0	1	422	479827	763	220	652	196	113.56	0	-5.44	-8.39	0.00	0.00
0	1	423	479867	763	220	652	196	113.56	0	-5.45	-8.38	0.00	0.00
0	1	424	479908	763	220	652	196	113.56	0	-5.46	-8.37	0.00	0.00
0	1	425	479949	763	219	652	196	113.36	0	-5.48	-8.37	0.00	0.00
0	1	426	479990	762	219	652	196	112.38	0	-5.49	-8.36	0.00	0.00
0	1	427	480031	762	219	652	196	112.38	0	-5.50	-8.35	500.00	500.00
0	1	428	480072	762	218	675	219	87.01	0	-5.51	-8.34	500.00	500.00
0	1	429	480113	762	218	696	240	69.57	0	-5.52	-8.34	500.00	500.00
0	1	430	480153	761	218	713	257	61.85	0	-5.53	-8.33	-500.00	0.00
0	1	431	480194	761	217	692	257	79.76	0	-5.54	-8.32	0.00	0.00
0	1	432	480235	761	217	692	257	79.76	0	-5.55	-8.32	0.00	0.00
0	1	433	480276	761	217	692	257	79.76	0	-5.57	-8.31	0.00	0.00
0	1	434	480317	760	216	692	257	79.40	0	-5.58	-8.30	0.00	0.00
0	1	435	480358	760	216	692	257	79.40	0	-5.59	-8.29	0.00	0.00
0	1	436	480399	760	215	692	257	79.92	0	-5.60	-8.28	0.00	-500.00
0	1	437	480440	760	215	692	236	71.17	0	-5.61	-8.28	0.00	-500.00
0	1	438	480480	760	215	692	215	68.00	0	-5.62	-8.27	0.00	0.00
0	1	439	480521	759	214	692	215	67.01	0	-5.64	-8.26	0.00	0.00
0	1	440	480562	759	214	692	215	67.01	0	-5.64	-8.25	0.00	0.00
0	1	441	480603	759	214	692	215	67.01	0	-5.66	-8.25	0.00	0.00
0	1	442	480643	759	213	692	215	67.03	0	-5.67	-8.24	-500.00	-500.00
0	1	443	480684	758	213	677	199	82.20	0	-5.68	-8.23	-500.00	-500.00
0	1	444	480725	758	213	654	177	110.05	0	-5.69	-8.22	-500.00	0.00
0	1	445	480766	758	212	634	177	128.84	0	-5.70	-8.22	0.00	0.00
0	1	446	480806	758	212	634	177	128.84	0	-5.71	-8.21	500.00	500.00
0	1	447	480847	757	212	655	198	102.96	0	-5.73	-8.20	500.00	500.00
0	1	448	480888	757	211	673	216	84.15	0	-5.74	-8.19	500.00	500.00
0	1	449	480929	757	211	696	239	67.12	0	-5.75	-8.18	500.00	500.00
0	1	450	480970	757	211	714	257	62.97	0	-5.76	-8.18	500.00	500.00
0	1	451	481011	757	210	737	280	72.80	0	-5.77	-8.17	500.00	500.00
0	1	452	481052	756	210	753	296	86.05	0	-5.78	-8.16	0.00	0.00
0	1	453	481093	756	210	753	296	86.05	0	-5.79	-8.15	-500.00	-500.00
0	1	454	481134	756	209	732	274	69.29	0	-5.80	-8.14	-500.00	-500.00
0	1	455	481175	756	209	708	251	63.78	0	-5.81	-8.14	-500.00	-500.00
0	1	456	481216	755	209	692	234	67.78	0	-5.82	-8.13	0.00	0.00
0	1	457	481257	755	208	692	234	68.15	0	-5.84	-8.12	500.00	500.00
0	1	458	481298	755	208	713	256	63.78	0	-5.85	-8.11	500.00	500.00
0	1	459	481339	755	208	734	277	72.12	0	-5.86	-8.10	500.00	500.00
0	1	460	481380	754	207	756	299	92.02	0	-5.87	-8.10	0.00	0.00
0	1	461	481421	754	207	756	299	92.02	0	-5.88	-8.09	-500.00	0.00
0	1	462	481462	754	207	735	299	93.94	0	-5.89	-8.08	-500.00	-500.00
0	1	463	481503	754	206	713	277	81.99	0	-5.90	-8.07	-500.00	-500.00
0	1	464	481544	753	206	691	256	79.65	0	-5.91	-8.06	500.00	500.00
0	1	465	481585	753	206	713	277	81.49	0	-5.93	-8.06	500.00	500.00
0	1	466	481626	753	205	734	299	95.90	0	-5.94	-8.05	500.00	500.00
0	1	467	481667	753	205	751	315	110.02	0	-5.95	-8.04	500.00	500.00
0	1	468	481708	752	205	772	337	133.51	0	-5.96	-8.03	-500.00	-500.00
0	1	469	481749	752	204	751	315	111.00	0	-5.97	-8.02	-500.00	-500.00
0	1	470	481790	752	204	729	294	92.89	0	-5.98	-8.01	-500.00	-500.00
0	1	471	481831	752	204	708	272	80.99	0	-5.99	-8.01	0.00	0.00
0	1	472	481872	751	203	708	272	81.30	0	-6.00	-8.00	500.00	500.00
0	1	473	481913	751	203	729	294	93.62	0	-6.01	-7.99	500.00	500.00
0	1	474	481954	751	203	751	315	112.00	0	-6.02	-7.98	500.00	500.00
0	1	475	481995	751	202	772	337	136.62	0	-6.03	-7.97	500.00	0.00
0	1	476	482036	750	202	794	337	141.99	0	-6.05	-7.97	0.00	-500.00
0	1	477	482077	750	202	794	320	125.94	0	-6.05	-7.96	-500.00	-500.00
0	1	478	482118	750	202	772	299	99.46	0	-6.07	-7.95	-500.00	-500.00
0	1	479	482159	750	201	751	277	76.01	0	-6.08	-7.94	500.00	500.00
0	1	480	482200	749	201	773	300	101.87	0	-6.09	-7.93	500.00	500.00
0	1	481	482240	749	201	790	316	122.09	0	-6.10	-7.93	500.00	500.00
0	1	482	482281	749	200	811	338	151.29	0	-6.11	-7.92	500.00	500.00
0	1	483	482322	749	200	833	359	179.82	0	-6.12	-7.91	0.00	0.00
0	1	484	482363	748	200	833	359	180.29	0	-6.13	-7.90	-500.00	-500.00
0	1	485	482403	748	199	811	338	152.61	0	-6.14	-7.89	-500.00	-500.00
0	1	486	482443	748	199	795	321	130.74	0	-6.15	-7.88	-500.00	-500.00
0	1	487	482484	748	199	773	300	104.05	0	-6.16	-7.87	-500.00	0.00
0	1	488	482525	747	198	752	300	102.12	0	-6.18	-7.87	-500.00	0.00
0	1	489	482566	747	198	730	300	103.41	0	-6.19	-7.86	-500.00	-500.00
0	1	490	482607	747	198	708	278	89.00	0	-6.20	-7.85	-500.00	-500.00
0	1	491	482647	747	197	691	260	84.29	0	-6.21	-7.84	0.00	0.00
0	1	492	482688	746	197	691	260	83.63	0	-6.22	-7.83	500.00	500.00
0	1	493	482729	746	197	707	277	89.00	0	-6.23	-7.82	500.00	500.00
0	1	494	482770	746	196	729	298	103.41	0	-6.24	-7.82	-500.00	0.00
0	1	495	482811	746	196	706	298	109.56	0	-6.25	-7.81	0.00	0.00
0	1	496	482851	745	196	706	298	109.20	0	-6.26	-7.80	0.00	0.00
0	1	497	482891	745	195	706	298	110.14	0	-6.27	-7.79	0.00	0.00
0	1	498	482932	745	195	706	298	110.14	0	-6.28	-7.78	0.00	0.00
0	1	499	482972	745	195	706	298	110.14	0	-6.29	-7.77	0.00	0.00
0	1	500	483013	744	194	706	298	110.72	0	-6.30	-7.76	0.00	0.00
0	1	501	483053	744	194	706	298	110.72	0	-6.31	-7.75	-500.00	0.00
0	1	502	483094	744	194	685	298	119.57	0	-6.33	-7.75	-500.00	0.00
0	1	503	483135	744	193	669	298	129.03	0	-6.33	-7.74	-500.00	0.00
0	1	504	483176	743	193	648	298	141.60	0	-6.34	-7.73	-500.00	0.00
0	1	505	483217	743	193	625	298	157.95	0	-6.36	-7.72	-500.00	0.00
0	1	506	483258	743	192	603	298	175.60	0	-6.37	-7.71	-500.00	0.00
0	1	507	483299	743	192	585	298	190.26	0	-6.38	-7.70	0.00	500.00
0	1	508	483340	742	192	585	322	203.84	0	-6.39	-7.69	0.00	500.00
0	1	509	483380	742	192	585	337	213.71	0	-6.40	-7.69	0.00	500.00
0	1	510	483421	742	191	585	359	229.94	0	-6.41	-7.68	-500.00	500.00
0	1	511	483462	742	191	564	380	259.62	0	-6.42	-7.67	-500.00	500.00
0	1	512	483503	741	191	540	404	292.87	0	-6.43	-7.66	-500.00	500.00
0	1	513	483543	741	190	523	421	317.62	0	-6.44	-7.65	-500.00	500.00
0	1	514	483584	741	190	499	445	351.55	0	-6.45	-7.64	-500.00	500.00
0	1	515	483625	740	190	482	462	374.90	0	-6.46	-7.63	-500.00	500.00
0	1	516	483665	740	189	460	484	406.72	0	-6.47	-7.62	-500.00	500.00
0	1	517	483706	740	189	438	506	437.83	0	-6.48	-7.61	-500.00	500.00
0	1	518	483747	740	189	420	524	463.28	0	-6.49	-7.61	-500.00	500.00
0	1	519	483787	739	188	397	547	495.83	0	-6.50	-7.60	0.00	500.00
0	1	520	483828	739	188	397	565	509.01	0	-6.51	-7.59	500.00	500.00
0	1	521	483869	739	188	419	587	511.47	0	-6.52	-7.58	500.00	500.00
0	1	522	483910	739	187	441	609	516.61	0	-6.53	-7.57	0.00	0.00
0	1	523	483951	738	187	441	609	516.04	0	-6.54	-7.56	0.00	0.00
0	1	524	483991	738	187	441	609	516.04	0	-6.55	-7.55	-500.00	-500.00
0	1	525	484032	738	187	419	587	511.63	0	-6.56	-7.54	-500.00	-500.00
0	1	526	484073	738	186	397	565	509.83	0	-6.58	-7.53	-500.00	-500.00
0	1	527	484114	737	186	379	547	508.41	0	-6.58	-7.53	-500.00	-500.00
0	1	528	484155	737	186	356	524	509.32	0	-6.60	-7.52	-500.00	-500.00
0	1	529	484195	737	185	340	508	511.80	0	-6.60	-7.51	-500.00	-500.00
0	1	530	484236	736	185	319	487	514.87	0	-6.62	-7.50	-500.00	-500.00
0	1	531	484277	736	185	297	465	520.69	0	-6.63	-7.49	-500.00	-500.00
0	1	532	484317	736	184	276	444	528.39	0	-6.64	-7.48	0.00	0.00
0	1	533	484357	736	184	276	444	528.39	0	-6.65	-7.47	0.00	0.00
0	1	534	484398	735	184	276	444	527.52	0	-6.66	-7.46	0.00	0.00
0	1	535	484438	735	183	276	444	528.02	0	-6.67	-7.45	500.00	0.00
0	1	536	484479	735	183	297	444	509.87	0	-6.68	-7.44	500.00	500.00
0	1	537	484520	735	183	319	465	502.57	0	-6.69	-7.43	500.00	500.00
0	1	538	484561	734	183	340	486	497.04	0	-6.70	-7.42	500.00	500.00
0	1	539	484602	734	182	356	502	495.26	0	-6.71	-7.42	500.00	500.00
0	1	540	484642	734	182	377	524	494.38	0	-6.72	-7.41	500.00	500.00
0	1	541	484683	733	182	399	545	493.28	0	-6.73	-7.40	500.00	500.00
0	1	542	484724	733	181	422	569	497.26	0	-6.74	-7.39	500.00	500.00
0	1	543	484765	733	181	440	586	499.87	0	-6.75	-7.38	500.00	500.00
0	1	544	484806	733	181	460	607	505.97	0	-6.76	-7.37	500.00	500.00
0	1	545	484847	732	180	482	628	513.03	0	-6.77	-7.36	500.00	500.00
0	1	546	484888	732	180	503	650	522.82	0	-6.78	-7.35	500.00	500.00
0	1	547	484929	732	180	520	666	530.23	0	-6.79	-7.34	500.00	500.00
0	1	548	484969	732	180	541	688	542.72	0	-6.80	-7.33	500.00	500.00
0	1	549	485010	731	179	563	709	555.99	0	-6.81	-7.32	500.00	500.00
0	1	550	485051	731	179	584	731	571.24	0	-6.82	-7.31	0.00	0.00
0	1	551	485092	731	179	584	731	571.24	0	-6.83	-7.30	0.00	0.00
0	1	552	485133	730	178	584	731	571.95	0	-6.84	-7.30	-500.00	0.00
0	1	553	485174	730	178	568	731	576.24	0	-6.85	-7.29	-500.00	0.00
0	1	554	485215	730	178	546	731	582.81	0	-6.86	-7.28	-500.00	0.00
0	1	555	485256	730	177	523	731	591.41	0	-6.87	-7.27	-500.00	0.00
0	1	556	485297	729	177	505	731	597.57	0	-6.88	-7.26	-500.00	0.00
0	1	557	485338	729	177	483	731	606.16	0	-6.89	-7.25	-500.00	0.00
0	1	558	485379	729	177	461	731	615.42	0	-6.90	-7.24	-500.00	0.00
0	1	559	485420	728	176	445	731	622.99	0	-6.91	-7.23	-500.00	-500.00
0	1	560	485461	728	176	423	709	614.10	0	-6.92	-7.22	-500.00	-500.00
0	1	561	485502	728	176	400	686	606.37	0	-6.93	-7.21	-500.00	-500.00
0	1	562	485543	728	175	383	669	602.55	0	-6.94	-7.20	-500.00	-500.00
0	1	563	485584	727	175	362	648	597.46	0	-6.95	-7.19	-500.00	-500.00
0	1	564	485624	727	175	339	625	594.18	0	-6.96	-7.18	-500.00	-500.00
0	1	565	485664	727	174	318	604	593.45	0	-6.97	-7.17	-500.00	-500.00
0	1	566	485705	726	174	302	588	592.60	0	-6.98	-7.17	-500.00	-500.00
0	1	567	485746	726	174	280	566	593.78	0	-6.99	-7.15	-500.00	-500.00
0	1	568	485787	726	174	256	542	596.93	0	-7.00	-7.14	-500.00	-500.00
0	1	569	485828	726	173	236	522	601.58	0	-7.01	-7.13	-500.00	-500.00
0	1	570	485869	725	173	219	505	605.19	0	-7.02	-7.13	-500.00	-500.00
0	1	571	485910	725	173	198	484	611.92	0	-7.03	-7.12	-500.00	-500.00
0	1	572	485950	725	172	176	462	620.89	0	-7.04	-7.11	-500.00	-500.00
0	1	573	485990	724	172	155	441	629.38	0	-7.05	-7.10	0.00	0.00
0	1	574	486031	724	172	155	441	629.38	0	-7.06	-7.09	500.00	0.00
0	1	575	486071	724	172	172	441	614.06	0	-7.06	-7.08	500.00	0.00
0	1	576	486112	724	171	195	441	593.92	0	-7.07	-7.07	500.00	0.00
0	1	577	486153	723	171	216	441	574.41	0	-7.08	-7.06	500.00	0.00
0	1	578	486194	723	171	233	441	559.46	0	-7.09	-7.05	500.00	0.00
0	1	579	486234	723	170	254	441	541.67	0	-7.10	-7.04	500.00	0.00
0	1	580	486274	722	170	276	441	521.88	0	-7.11	-7.03	500.00	0.00
0	1	581	486314	722	170	297	441	504.05	0	-7.12	-7.02	500.00	0.00
0	1	582	486355	722	170	319	441	485.64	0	-7.13	-7.01	500.00	0.00
0	1	583	486395	722	169	335	441	473.03	0	-7.14	-7.00	500.00	0.00
0	1	584	486436	721	169	356	441	455.20	0	-7.15	-6.99	500.00	0.00
0	1	585	486477	721	169	377	441	438.54	0	-7.16	-6.98	500.00	0.00
0	1	586	486518	721	168	399	441	422.15	0	-7.17	-6.97	500.00	0.00
0	1	587	486558	720	168	421	441	404.88	0	-7.18	-6.96	500.00	0.00
0	1	588	486599	720	168	437	441	393.21	0	-7.19	-6.95	500.00	0.00
0	1	589	486640	720	168	458	441	378.38	0	-7.20	-6.94	500.00	0.00
0	1	590	486681	719	167	480	441	363.59	0	-7.21	-6.93	500.00	0.00
0	1	591	486722	719	167	501	441	350.14	0	-7.22	-6.92	500.00	0.00
0	1	592	486763	719	167	523	441	336.89	0	-7.23	-6.91	500.00	0.00
0	1	593	486804	719	166	544	441	325.96	0	-7.24	-6.90	500.00	0.00
0	1	594	486845	718	166	561	441	316.66	0	-7.25	-6.89	500.00	0.00
0	1	595	486885	718	166	582	441	306.79	0	-7.26	-6.88	500.00	0.00
0	1	596	486926	718	166	604	441	297.69	0	-7.27	-6.87	500.00	0.00
0	1	597	486967	717	165	625	441	290.93	0	-7.27	-6.86	500.00	0.00
0	1	598	487008	717	165	647	441	284.74	0	-7.28	-6.85	0.00	0.00
0	1	599	487049	717	165	647	441	284.74	0	-7.29	-6.84	0.00	0.00
0	1	600	487089	716	164	647	441	285.46	0	-7.30	-6.83	0.00	0.00
0	1	601	487130	716	164	647	441	285.46	0	-7.31	-6.82	0.00	0.00
0	1	602	487171	716	164	647	441	285.46	0	-7.32	-6.81	0.00	0.00
0	1	603	487211	716	164	647	441	285.46	0	-7.33	-6.80	0.00	0.00
0	1	604	487252	715	163	647	441	286.20	0	-7.34	-6.79	-500.00	0.00
0	1	605	487293	715	163	624	441	292.51	0	-7.35	-6.78	-500.00	0.00
0	1	606	487334	715	163	606	441	298.61	0	-7.36	-6.77	-500.00	0.00
0	1	607	487375	714	162	583	441	308.22	0	-7.37	-6.76	-500.00	0.00
0	1	608	487416	714	162	562	441	317.72	0	-7.38	-6.75	-500.00	0.00
0	1	609	487457	714	162	545	441	326.19	0	-7.39	-6.74	-500.00	0.00
0	1	610	487498	713	162	524	441	336.99	0	-7.39	-6.73	-500.00	0.00
0	1	611	487539	713	161	502	441	350.60	0	-7.40	-6.72	-500.00	0.00
0	1	612	487580	713	161	481	441	363.63	0	-7.41	-6.71	-500.00	0.00
0	1	613	487621	713	161	464	441	374.70	0	-7.42	-6.70	-500.00	0.00
0	1	614	487661	712	161	442	441	388.97	0	-7.43	-6.69	-500.00	0.00
0	1	615	487702	712	160	418	441	406.69	0	-7.44	-6.68	-500.00	0.00
0	1	616	487743	712	160	401	441	419.14	0	-7.45	-6.67	-500.00	0.00
0	1	617	487784	711	160	379	441	434.95	0	-7.46	-6.66	-500.00	0.00
0	1	618	487825	711	159	358	441	451.81	0	-7.47	-6.65	-500.00	0.00
0	1	619	487865	711	159	336	441	469.20	0	-7.48	-6.64	-500.00	0.00
0	1	620	487905	710	159	319	441	482.08	0	-7.49	-6.63	0.00	0.00
0	1	621	487946	710	159	319	441	482.08	0	-7.50	-6.62	0.00	0.00
0	1	622	487986	710	158	319	441	482.67	0	-7.51	-6.61	0.00	0.00
0	1	623	488027	709	158	319	441	481.86	0	-7.51	-6.60	0.00	0.00
0	1	624	488068	709	158	319	441	481.86	0	-7.52	-6.59	500.00	0.00
0	1	625	488109	709	158	340	441	465.03	0	-7.53	-6.58	500.00	0.00
0	1	626	488150	709	157	363	441	447.63	0	-7.54	-6.57	500.00	0.00
0	1	627	488190	708	157	380	441	433.87	0	-7.55	-6.56	500.00	0.00
0	1	628	488231	708	157	404	441	416.02	0	-7.56	-6.55	500.00	0.00
0	1	629	488272	708	156	421	441	404.47	0	-7.57	-6.54	500.00	0.00
0	1	630	488313	707	156	445	441	387.13	0	-7.58	-6.53	500.00	0.00
0	1	631	488353	707	156	463	441	375.18	0	-7.59	-6.52	500.00	0.00
0	1	632	488394	707	156	485	441	361.26	0	-7.59	-6.51	500.00	0.00
0	1	633	488435	706	155	506	441	348.99	0	-7.60	-6.49	500.00	0.00
0	1	634	488475	706	155	523	441	339.54	0	-7.61	-6.49	500.00	0.00
0	1	635	488515	706	155	544	441	328.69	0	-7.62	-6.48	500.00	0.00
0	1	636	488556	705	155	568	441	317.12	0	-7.63	-6.46	500.00	0.00
0	1	637	488597	705	154	589	441	309.56	0	-7.64	-6.45	500.00	0.00
0	1	638	488638	705	154	605	441	303.92	0	-7.65	-6.44	500.00	0.00
0	1	639	488679	704	154	627	441	297.15	0	-7.66	-6.43	500.00	0.00
0	1	640	488719	704	154	648	441	292.41	0	-7.66	-6.42	500.00	0.00
0	1	641	488760	704	153	670	441	290.00	0	-7.67	-6.41	500.00	0.00
0	1	642	488801	704	153	688	441	288.44	0	-7.68	-6.40	500.00	0.00
0	1	643	488842	703	153	710	441	288.09	0	-7.69	-6.39	0.00	0.00
0	1	644	488882	703	152	710	441	289.08	0	-7.70	-6.38	0.00	0.00
0	1	645	488923	703	152	710	441	289.08	0	-7.71	-6.37	0.00	0.00
0	1	646	488963	702	152	710	441	289.11	0	-7.72	-6.36	0.00	0.00
0	1	647	489004	702	152	710	441	289.11	0	-7.73	-6.35	0.00	0.00
0	1	648	489045	702	151	710	441	290.11	0	-7.74	-6.34	-500.00	0.00
0	1	649	489086	701	151	694	441	290.08	0	-7.74	-6.33	-500.00	-500.00
0	1	650	489126	701	151	672	419	269.56	0	-7.75	-6.32	-500.00	-500.00
0	1	651	489167	701	151	649	396	250.46	0	-7.76	-6.31	-500.00	-500.00
0	1	652	489208	700	150	631	378	238.21	0	-7.77	-6.30	-500.00	-500.00
0	1	653	489249	700	150	608	355	224.70	0	-7.78	-6.28	-500.00	-500.00
0	1	654	489290	700	150	591	338	217.31	0	-7.79	-6.28	-500.00	-500.00
0	1	655	489331	699	150	569	316	210.85	0	-7.80	-6.26	-500.00	-500.00
0	1	656	489372	699	149	547	294	210.07	0	-7.80	-6.25	-500.00	-500.00
0	1	657	489413	699	149	526	273	212.85	0	-7.81	-6.24	-500.00	-500.00
0	1	658	489454	699	149	510	257	217.68	0	-7.82	-6.23	-500.00	-500.00
0	1	659	489494	698	149	489	236	226.38	0	-7.83	-6.22	-500.00	-500.00
0	1	660	489535	698	148	467	214	240.24	0	-7.84	-6.21	-500.00	-500.00
0	1	661	489575	697	148	444	191	256.63	0	-7.85	-6.20	-500.00	-500.00
0	1	662	489615	697	148	426	173	272.15	0	-7.85	-6.19	-500.00	-500.00
0	1	663	489656	697	148	405	151	292.02	0	-7.86	-6.18	0.00	0.00
0	1	664	489696	697	147	405	151	292.03	0	-7.87	-6.17	0.00	0.00
0	1	665	489737	696	147	405	151	291.03	0	-7.88	-6.16	0.00	0.00
0	1	666	489777	696	147	405	151	291.03	0	-7.89	-6.15	0.00	0.00
0	1	667	489818	696	147	405	151	291.03	0	-7.90	-6.14	500.00	0.00
0	1	668	489859	695	146	426	151	269.05	0	-7.91	-6.12	500.00	0.00
0	1	669	489900	695	146	448	151	247.05	0	-7.91	-6.11	500.00	0.00
0	1	670	489941	695	146	469	151	226.06	0	-7.92	-6.10	500.00	500.00
0	1	671	489982	694	146	486	168	209.16	0	-7.93	-6.09	500.00	500.00
0	1	672	490023	694	145	507	190	192.34	0	-7.94	-6.08	500.00	500.00
0	1	673	490064	694	145	531	213	176.62	0	-7.95	-6.07	500.00	500.00
0	1	674	490105	693	145	548	231	168.59	0	-7.95	-6.06	500.00	500.00
0	1	675	490146	693	145	572	254	162.86	0	-7.96	-6.05	500.00	500.00
0	1	676	490187	693	144	587	270	164.66	0	-7.97	-6.04	500.00	500.00
0	1	677	490228	692	144	609	291	168.81	0	-7.98	-6.03	500.00	500.00
0	1	678	490269	692	144	630	313	180.01	0	-7.99	-6.02	500.00	500.00
0	1	679	490310	692	144	654	336	195.72	0	-8.00	-6.00	500.00	500.00
0	1	680	490351	691	143	670	353	211.05	0	-8.00	-5.99	500.00	0.00
0	1	681	490392	691	143	692	353	210.00	0	-8.01	-5.98	0.00	0.00
0	1	682	490432	691	143	692	353	210.00	0	-8.02	-5.97	0.00	0.00
0	1	683	490472	690	143	692	353	210.01	0	-8.03	-5.96	0.00	0.00
0	1	684	490513	690	142	692	353	211.01	0	-8.04	-5.95	-500.00	0.00
0	1	685	490554	690	142	668	353	212.14	0	-8.05	-5.94	-500.00	-500.00
0	1	686	490595	689	142	653	337	198.30	0	-8.05	-5.93	-500.00	-500.00
0	1	687	490636	689	142	630	315	182.78	0	-8.06	-5.92	-500.00	-500.00
0	1	688	490677	689	141	607	291	170.95	0	-8.07	-5.90	-500.00	-500.00
0	1	689	490718	688	141	589	274	165.80	0	-8.08	-5.90	-500.00	-500.00
0	1	690	490758	688	141	568	252	163.47	0	-8.09	-5.88	-500.00	-500.00
0	1	691	490799	688	141	546	231	168.12	0	-8.09	-5.87	-500.00	-500.00
0	1	692	490840	687	140	525	209	176.08	0	-8.10	-5.86	-500.00	0.00
0	1	693	490881	687	140	508	209	191.84	0	-8.11	-5.85	0.00	0.00
0	1	694	490921	687	140	508	209	191.84	0	-8.12	-5.84	0.00	0.00
0	1	695	490961	686	140	508	209	190.91	0	-8.13	-5.83	0.00	0.00
0	1	696	491002	686	139	508	209	191.27	0	-8.13	-5.82	0.00	0.00
0	1	697	491043	686	139	508	209	191.27	0	-8.14	-5.81	0.00	0.00
0	1	698	491083	685	139	508	209	190.34	0	-8.15	-5.80	0.00	0.00
0	1	699	491124	685	139	508	209	190.34	0	-8.16	-5.78	0.00	0.00
0	1	700	491164	685	139	508	209	190.34	0	-8.17	-5.77	0.00	0.00
0	1	701	491205	684	138	508	209	189.78	0	-8.17	-5.76	0.00	0.00
0	1	702	491246	684	138	508	209	189.78	0	-8.18	-5.75	0.00	0.00
0	1	703	491287	684	138	508	209	189.78	0	-8.19	-5.74	0.00	0.00
0	1	704	491328	683	138	508	209	188.85	0	-8.20	-5.73	0.00	0.00
0	1	705	491369	683	137	508	209	189.23	0	-8.21	-5.72	0.00	0.00
0	1	706	491409	683	137	508	209	189.23	0	-8.21	-5.71	0.00	0.00
0	1	707	491450	682	137	508	209	188.31	0	-8.22	-5.69	0.00	0.00
0	1	708	491491	682	137	508	209	188.31	0	-8.23	-5.68	0.00	0.00
0	1	709	491532	682	136	508	209	188.69	0	-8.24	-5.67	0.00	0.00
0	1	710	491572	681	136	508	209	187.77	0	-8.24	-5.66	0.00	0.00
0	1	711	491613	681	136	508	209	187.77	0	-8.25	-5.65	0.00	0.00
0	1	712	491653	681	136	508	209	187.77	0	-8.26	-5.64	0.00	0.00
0	1	713	491694	680	136	508	209	186.85	0	-8.27	-5.63	0.00	0.00
0	1	714	491735	680	135	508	209	187.24	0	-8.27	-5.62	0.00	0.00
0	1	715	491776	680	135	508	209	187.24	0	-8.28	-5.60	0.00	0.00
0	1	716	491817	679	135	508	209	186.32	0	-8.29	-5.59	0.00	0.00
0	1	717	491858	679	135	508	209	186.32	0	-8.30	-5.58	0.00	0.00
0	1	718	491899	679	134	508	209	186.72	0	-8.30	-5.57	0.00	0.00
0	1	719	491939	678	134	508	209	185.81	0	-8.31	-5.56	0.00	0.00
0	1	720	491980	678	134	508	209	185.81	0	-8.32	-5.55	0.00	0.00
0	1	721	492021	678	134	508	209	185.81	0	-8.33	-5.53	0.00	0.00
0	1	722	492062	677	133	508	209	185.30	0	-8.34	-5.52	0.00	0.00
0	1	723	492103	677	133	508	209	185.30	0	-8.34	-5.51	0.00	0.00
0	1	724	492144	677	133	508	209	185.30	0	-8.35	-5.50	0.00	0.00
0	1	725	492185	676	133	508	209	184.39	0	-8.36	-5.49	0.00	0.00
0	1	726	492226	676	133	508	209	184.39	0	-8.37	-5.48	0.00	0.00
0	1	727	492267	676	132	508	209	184.81	0	-8.37	-5.47	0.00	0.00
0	1	728	492308	675	132	508	209	183.90	0	-8.38	-5.46	0.00	0.00
0	1	729	492349	675	132	508	209	183.90	0	-8.39	-5.44	0.00	0.00
0	1	730	492390	675	132	508	209	183.90	0	-8.39	-5.43	0.00	0.00
0	1	731	492431	674	131	508	209	183.41	0	-8.40	-5.42	0.00	0.00
0	1	732	492472	674	131	508	209	183.41	0	-8.41	-5.41	0.00	0.00
0	1	733	492512	673	131	508	209	182.51	0	-8.42	-5.40	0.00	0.00
0	1	734	492552	673	131	508	209	182.51	0	-8.43	-5.39	0.00	0.00
0	1	735	492593	673	131	508	209	182.51	0	-8.43	-5.38	0.00	0.00
0	1	736	492634	672	130	508	209	182.04	0	-8.44	-5.36	0.00	0.00
0	1	737	492675	672	130	508	209	182.04	0	-8.45	-5.35	0.00	0.00
0	1	738	492716	672	130	508	209	182.04	0	-8.45	-5.34	0.00	0.00
0	1	739	492757	671	130	508	209	181.14	0	-8.46	-5.33	0.00	0.00
0	1	740	492797	671	129	508	209	181.57	0	-8.47	-5.32	0.00	0.00
0	1	741	492838	671	129	508	209	181.57	0	-8.48	-5.31	0.00	0.00
0	1	742	492879	670	129	508	209	180.68	0	-8.48	-5.30	0.00	0.00
0	1	743	492920	670	129	508	209	180.68	0	-8.49	-5.28	0.00	0.00
0	1	744	492961	670	129	508	209	180.68	0	-8.50	-5.27	0.00	0.00
0	1	745	493001	669	128	508	209	180.23	0	-8.51	-5.26	0.00	0.00
0	1	746	493042	669	128	508	209	180.23	0	-8.51	-5.25	0.00	0.00
0	1	747	493083	669	128	508	209	180.23	0	-8.52	-5.24	0.00	0.00
0	1	748	493124	668	128	508	209	179.33	0	-8.53	-5.22	0.00	0.00
0	1	749	493165	668	127	508	209	179.79	0	-8.53	-5.21	0.00	0.00
0	1	750	493206	668	127	508	209	179.79	0	-8.54	-5.20	0.00	0.00
0	1	751	493247	667	127	508	209	178.90	0	-8.55	-5.19	0.00	0.00
0	1	752	493288	667	127	508	209	178.90	0	-8.55	-5.18	0.00	0.00
0	1	753	493329	666	127	508	209	178.01	0	-8.56	-5.17	0.00	0.00
0	1	754	493370	666	126	508	209	178.47	0	-8.57	-5.15	0.00	0.00
0	1	755	493411	666	126	508	209	178.47	0	-8.58	-5.14	0.00	0.00
0	1	756	493452	665	126	508	209	177.59	0	-8.58	-5.13	0.00	0.00
0	1	757	493493	665	126	508	209	177.59	0	-8.59	-5.12	0.00	0.00
0	1	758	493534	665	126	508	209	177.59	0	-8.60	-5.11	0.00	0.00
0	1	759	493574	664	125	508	209	177.18	0	-8.60	-5.10	0.00	0.00
0	1	760	493615	664	125	508	209	177.18	0	-8.61	-5.08	0.00	0.00
0	1	761	493655	664	125	508	209	177.18	0	-8.62	-5.07	0.00	0.00
0	1	762	493696	663	125	508	209	176.30	0	-8.63	-5.06	0.00	0.00
0	1	763	493737	663	125	508	209	176.30	0	-8.63	-5.05	0.00	0.00
0	1	764	493778	663	124	508	209	176.78	0	-8.64	-5.04	0.00	0.00
0	1	765	493819	662	124	508	209	175.90	0	-8.65	-5.03	0.00	0.00
0	1	766	493860	662	124	508	209	175.90	0	-8.65	-5.01	0.00	0.00
0	1	767	493901	662	124	508	209	175.90	0	-8.66	-5.00	0.00	0.00
0	1	768	493941	661	123	508	209	175.51	0	-8.67	-4.99	0.00	0.00
0	1	769	493982	661	123	508	209	175.51	0	-8.67	-4.98	0.00	0.00
0	1	770	494023	661	123	508	209	175.51	0	-8.68	-4.97	0.00	0.00
0	1	771	494064	660	123	508	209	174.64	0	-8.69	-4.95	0.00	0.00
0	1	772	494104	660	123	508	209	174.64	0	-8.69	-4.94	0.00	0.00
0	1	773	494145	659	122	508	209	174.27	0	-8.70	-4.93	0.00	0.00
0	1	774	494186	659	122	508	209	174.27	0	-8.71	-4.92	0.00	0.00
0	1	775	494227	659	122	508	209	174.27	0	-8.71	-4.91	0.00	0.00
0	1	776	494268	658	122	508	209	173.40	0	-8.72	-4.89	0.00	0.00
0	1	777	494308	658	122	508	209	173.40	0	-8.73	-4.88	0.00	0.00
0	1	778	494349	658	122	508	209	173.40	0	-8.73	-4.87	0.00	0.00
0	1	779	494390	657	121	508	209	173.05	0	-8.74	-4.86	0.00	0.00
0	1	780	494431	657	121	508	209	173.05	0	-8.75	-4.85	0.00	0.00
0	1	781	494472	657	121	508	209	173.05	0	-8.75	-4.83	0.00	0.00
0	1	782	494513	656	121	508	209	172.19	0	-8.76	-4.82	0.00	0.00
0	1	783	494553	656	121	508	209	172.19	0	-8.77	-4.81	0.00	0.00
0	1	784	494594	655	120	508	209	171.84	0	-8.77	-4.80	0.00	0.00
0	1	785	494635	655	120	508	209	171.84	0	-8.78	-4.79	0.00	0.00
0	1	786	494676	655	120	508	209	171.84	0	-8.79	-4.77	0.00	0.00
0	1	787	494717	654	120	508	209	170.99	0	-8.79	-4.76	0.00	0.00
0	1	788	494758	654	120	508	209	170.99	0	-8.80	-4.75	0.00	0.00
0	1	789	494799	654	119	508	209	171.51	0	-8.81	-4.74	0.00	0.00
0	1	790	494840	653	119	508	209	170.66	0	-8.81	-4.73	0.00	0.00
0	1	791	494881	653	119	508	209	170.66	0	-8.82	-4.71	0.00	0.00
0	1	792	494922	653	119	508	209	170.66	0	-8.82	-4.70	0.00	0.00
0	1	793	494963	652	119	508	209	169.81	0	-8.83	-4.69	0.00	0.00
0	1	794	495004	652	118	508	209	170.34	0	-8.84	-4.68	0.00	0.00
0	1	795	495045	651	118	508	209	169.50	0	-8.85	-4.67	0.00	0.00
0	1	796	495086	651	118	508	209	169.50	0	-8.85	-4.66	0.00	0.00
0	1	797	495127	651	118	508	209	169.50	0	-8.86	-4.64	0.00	0.00
0	1	798	495168	650	118	508	209	168.66	0	-8.86	-4.63	0.00	0.00
0	1	799	495209	650	117	508	209	169.20	0	-8.87	-4.62	0.00	0.00
0	1	800	495250	650	117	508	209	169.20	0	-8.88	-4.60	0.00	0.00
0	1	801	495291	649	117	508	209	168.36	0	-8.88	-4.59	0.00	0.00
0	1	802	495332	649	117	508	209	168.36	0	-8.89	-4.58	0.00	0.00
0	1	803	495373	649	117	508	209	168.36	0	-8.89	-4.57	0.00	0.00
0	1	804	495414	648	116	508	209	168.07	0	-8.90	-4.56	0.00	0.00
0	1	805	495455	648	116	508	209	168.07	0	-8.91	-4.54	0.00	0.00
0	1	806	495496	647	116	508	209	167.24	0	-8.91	-4.53	0.00	0.00
0	1	807	495536	647	116	508	209	167.24	0	-8.92	-4.52	0.00	0.00
0	1	808	495576	647	116	508	209	167.24	0	-8.93	-4.51	0.00	0.00
0	1	809	495617	646	116	508	209	166.41	0	-8.93	-4.50	0.00	0.00
0	1	810	495658	646	115	508	209	166.97	0	-8.94	-4.48	0.00	0.00
0	1	811	495699	646	115	508	209	166.97	0	-8.94	-4.47	0.00	0.00
0	1	812	495740	645	115	508	209	166.15	0	-8.95	-4.46	0.00	0.00
0	1	813	495781	645	115	508	209	166.15	0	-8.96	-4.45	0.00	0.00
0	1	814	495821	645	115	508	209	166.15	0	-8.96	-4.44	0.00	0.00
0	1	815	495862	644	114	508	209	165.89	0	-8.97	-4.42	0.00	0.00
0	1	816	495903	644	114	508	209	165.89	0	-8.98	-4.41	0.00	0.00
0	1	817	495944	643	114	508	209	165.08	0	-8.98	-4.40	0.00	0.00
0	1	818	495985	643	114	508	209	165.08	0	-8.99	-4.39	0.00	0.00
0	1	819	496026	643	114	508	209	165.08	0	-8.99	-4.37	0.00	0.00
0	1	820	496067	642	114	508	209	164.26	0	-9.00	-4.36	0.00	0.00
0	1	821	496108	642	113	508	209	164.84	0	-9.00	-4.35	0.00	0.00
0	1	822	496149	642	113	508	209	164.84	0	-9.01	-4.34	0.00	0.00
0	1	823	496190	641	113	508	209	164.03	0	-9.02	-4.32	0.00	0.00
0	1	824	496231	641	113	508	209	164.03	0	-9.02	-4.31	0.00	0.00
0	1	825	496272	640	113	508	209	163.22	0	-9.03	-4.30	0.00	0.00
0	1	826	496313	640	112	508	209	163.81	0	-9.03	-4.29	0.00	0.00
0	1	827	496354	640	112	508	209	163.81	0	-9.04	-4.28	0.00	0.00
0	1	828	496395	639	112	508	209	163.00	0	-9.05	-4.26	0.00	0.00
0	1	829	496435	639	112	508	209	163.00	0	-9.05	-4.25	0.00	0.00
0	1	830	496476	639	112	508	209	163.00	0	-9.06	-4.24	0.00	0.00
0	1	831	496516	638	112	508	209	162.20	0	-9.06	-4.23	0.00	0.00
0	1	832	496557	638	111	508	209	162.80	0	-9.07	-4.21	0.00	0.00
0	1	833	496598	638	111	508	209	162.80	0	-9.07	-4.20	0.00	0.00
0	1	834	496639	637	111	508	209	162.00	0	-9.08	-4.19	0.00	0.00
0	1	835	496679	637	111	508	209	162.00	0	-9.09	-4.18	0.00	0.00
0	1	836	496720	636	111	508	209	161.21	0	-9.09	-4.17	0.00	0.00
0	1	837	496761	636	111	508	209	161.21	0	-9.10	-4.15	0.00	0.00
0	1	838	496802	636	110	508	209	161.82	0	-9.10	-4.14	0.00	0.00
0	1	839	496842	635	110	508	209	161.03	0	-9.11	-4.13	0.00	0.00
0	1	840	496883	635	110	508	209	161.03	0	-9.11	-4.12	0.00	0.00
0	1	841	496924	635	110	508	209	161.03	0	-9.12	-4.10	0.00	0.00
0	1	842	496965	634	110	508	209	160.24	0	-9.13	-4.09	0.00	0.00
0	1	843	497006	634	110	508	209	160.24	0	-9.13	-4.08	0.00	0.00
0	1	844	497047	633	109	508	209	160.08	0	-9.14	-4.06	0.00	0.00
0	1	845	497088	633	109	508	209	160.08	0	-9.14	-4.05	0.00	0.00
0	1	846	497129	633	109	508	209	160.08	0	-9.15	-4.04	0.00	0.00
0	1	847	497170	632	109	508	209	159.30	0	-9.15	-4.03	0.00	0.00
0	1	848	497210	632	109	508	209	159.30	0	-9.16	-4.01	0.00	0.00
0	1	849	497251	632	109	508	209	159.30	0	-9.16	-4.00	0.00	0.00
0	1	850	497291	631	108	508	209	159.15	0	-9.17	-3.99	0.00	0.00
0	1	851	497332	631	108	508	209	159.15	0	-9.18	-3.98	0.00	0.00
0	1	852	497373	630	108	508	209	158.38	0	-9.18	-3.96	0.00	0.00
0	1	853	497414	630	108	508	209	158.38	0	-9.19	-3.95	0.00	0.00
0	1	854	497455	630	108	508	209	158.38	0	-9.19	-3.94	0.00	0.00
0	1	855	497496	629	108	508	209	157.61	0	-9.20	-3.93	0.00	0.00
0	1	856	497536	629	107	508	209	158.26	0	-9.20	-3.91	0.00	0.00
0	1	857	497577	628	107	508	209	157.49	0	-9.21	-3.90	0.00	0.00
0	1	858	497617	628	107	508	209	157.49	0	-9.21	-3.89	0.00	0.00
0	1	859	497658	628	107	508	209	157.49	0	-9.22	-3.88	0.00	0.00
0	1	860	497699	627	107	508	209	156.73	0	-9.22	-3.86	0.00	0.00
0	1	861	497740	627	107	508	209	156.73	0	-9.23	-3.85	0.00	0.00
0	1	862	497781	627	106	508	209	157.38	0	-9.23	-3.84	0.00	0.00
0	1	863	497822	626	106	508	209	156.63	0	-9.24	-3.83	0.00	0.00
0	1	864	497863	626	106	508	209	156.63	0	-9.25	-3.81	0.00	0.00
0	1	865	497904	626	106	508	209	156.63	0	-9.25	-3.80	0.00	0.00
0	1	866	497945	625	106	508	209	155.88	0	-9.25	-3.79	0.00	0.00
0	1	867	497986	625	106	508	209	155.88	0	-9.26	-3.77	0.00	0.00
0	1	868	498027	624	106	508	209	155.13	0	-9.27	-3.76	0.00	0.00
0	1	869	498068	624	105	508	209	155.79	0	-9.27	-3.75	0.00	0.00
0	1	870	498109	624	105	508	209	155.79	0	-9.28	-3.74	0.00	0.00
0	1	871	498150	623	105	508	209	155.05	0	-9.28	-3.72	0.00	0.00
0	1	872	498190	623	105	508	209	155.05	0	-9.29	-3.71	0.00	0.00
0	1	873	498231	622	105	508	209	154.31	0	-9.29	-3.70	0.00	0.00
0	1	874	498272	622	105	508	209	154.31	0	-9.30	-3.69	0.00	0.00
0	1	875	498312	622	104	508	209	154.99	0	-9.30	-3.67	0.00	0.00
0	1	876	498353	621	104	508	209	154.25	0	-9.31	-3.66	0.00	0.00
0	1	877	498394	621	104	508	209	154.25	0	-9.31	-3.65	0.00	0.00
0	1	878	498435	621	104	508	209	154.25	0	-9.32	-3.64	0.00	0.00
0	1	879	498475	620	104	508	209	153.52	0	-9.32	-3.62	0.00	0.00
0	1	880	498516	620	104	508	209	153.52	0	-9.33	-3.61	0.00	0.00
0	1	881	498557	619	104	508	209	152.79	0	-9.33	-3.60	0.00	0.00
0	1	882	498598	619	103	508	209	153.48	0	-9.33	-3.59	0.00	0.00
0	1	883	498639	619	103	508	209	153.48	0	-9.34	-3.57	0.00	0.00
0	1	884	498680	618	103	508	209	152.76	0	-9.35	-3.56	0.00	0.00
0	1	885	498721	618	103	508	209	152.76	0	-9.35	-3.55	0.00	0.00
0	1	886	498762	617	103	508	209	152.04	0	-9.36	-3.53	0.00	0.00
0	1	887	498803	617	103	508	209	152.04	0	-9.36	-3.52	0.00	0.00
0	1	888	498844	617	103	508	209	152.04	0	-9.36	-3.51	0.00	0.00
0	1	889	498885	616	102	508	209	152.03	0	-9.37	-3.49	0.00	0.00
0	1	890	498926	616	102	508	209	152.03	0	-9.37	-3.48	0.00	0.00
0	1	891	498967	616	102	508	209	152.03	0	-9.38	-3.47	0.00	0.00
0	1	892	499008	615	102	508	209	151.32	0	-9.38	-3.46	0.00	0.00
0	1	893	499049	615	102	508	209	151.32	0	-9.39	-3.44	0.00	0.00
0	1	894	499089	614	102	508	209	150.62	0	-9.39	-3.43	0.00	0.00
0	1	895	499130	614	102	508	209	150.62	0	-9.40	-3.42	0.00	0.00
0	1	896	499171	614	101	508	209	151.33	0	-9.40	-3.40	0.00	0.00
0	1	897	499212	613	101	508	209	150.63	0	-9.41	-3.39	0.00	0.00
0	1	898	499253	613	101	508	209	150.63	0	-9.41	-3.38	0.00	0.00
0	1	899	499293	612	101	508	209	149.93	0	-9.42	-3.37	0.00	0.00
0	1	900	499334	612	101	508	209	149.93	0	-9.42	-3.35	0.00	0.00
0	1	901	499375	612	101	508	209	149.93	0	-9.43	-3.34	0.00	0.00
0	1	902	499415	611	101	508	209	149.24	0	-9.43	-3.33	0.00	0.00
0	1	903	499456	611	100	508	209	149.97	0	-9.43	-3.32	0.00	0.00
0	1	904	499497	611	100	508	209	149.97	0	-9.44	-3.30	0.00	0.00
0	1	905	499538	610	100	508	209	149.28	0	-9.44	-3.29	0.00	0.00
0	1	906	499578	610	100	508	209	149.28	0	-9.45	-3.28	0.00	0.00
0	1	907	499619	609	100	508	209	148.60	0	-9.45	-3.26	0.00	0.00
0	1	908	499660	609	100	508	209	148.60	0	-9.46	-3.25	0.00	0.00
0	1	909	499701	609	100	508	209	148.60	0	-9.46	-3.24	0.00	0.00
0	1	910	499741	608	100	508	209	147.92	0	-9.47	-3.22	0.00	0.00
0	1	911	499782	608	99	508	209	148.66	0	-9.47	-3.21	0.00	0.00
0	1	912	499823	607	99	508	209	147.99	0	-9.48	-3.20	0.00	0.00
0	1	913	499864	607	99	508	209	147.99	0	-9.48	-3.19	0.00	0.00
0	1	914	499905	607	99	508	209	147.99	0	-9.48	-3.17	0.00	0.00
0	1	915	499946	606	99	508	209	147.32	0	-9.49	-3.16	0.00	0.00
0	1	916	499987	606	99	508	209	147.32	0	-9.49	-3.15	0.00	0.00
0	1	917	500028	605	99	508	209	146.66	0	-9.50	-3.13	0.00	0.00
0	1	918	500069	605	98	508	209	147.41	0	-9.50	-3.12	0.00	0.00
0	1	919	500110	605	98	508	209	147.41	0	-9.50	-3.11	0.00	0.00
0	1	920	500151	604	98	508	209	146.75	0	-9.51	-3.09	0.00	0.00
0	1	921	500192	604	98	508	209	146.75	0	-9.51	-3.08	0.00	0.00
0	1	922	500233	604	98	508	209	146.75	0	-9.52	-3.07	0.00	0.00
0	1	923	500274	603	98	508	209	146.10	0	-9.52	-3.06	0.00	0.00
0	1	924	500315	603	98	508	209	146.10	0	-9.53	-3.04	0.00	0.00
0	1	925	500356	602	98	508	209	145.45	0	-9.53	-3.03	0.00	0.00
0	1	926	500397	602	97	508	209	146.22	0	-9.53	-3.02	0.00	0.00
0	1	927	500438	602	97	508	209	146.22	0	-9.54	-3.00	0.00	0.00
0	1	928	500480	601	97	508	209	145.58	0	-9.54	-2.99	0.00	0.00
0	1	929	500520	601	97	508	209	145.58	0	-9.55	-2.98	0.00	0.00
0	1	930	500561	600	97	508	209	144.94	0	-9.55	-2.96	0.00	0.00
0	1	931	500601	600	97	508	209	144.94	0	-9.55	-2.95	0.00	0.00
0	1	932	500641	600	97	508	209	144.94	0	-9.56	-2.94	0.00	0.00
0	1	933	500682	599	97	508	209	144.31	0	-9.56	-2.93	0.00	0.00
0	1	934	500722	599	96	508	209	145.09	0	-9.57	-2.91	0.00	0.00
0	1	935	500763	598	96	508	209	144.46	0	-9.57	-2.90	0.00	0.00
0	1	936	500804	598	96	508	209	144.46	0	-9.57	-2.89	0.00	0.00
0	1	937	500845	598	96	508	209	144.46	0	-9.58	-2.87	0.00	0.00
0	1	938	500886	597	96	508	209	143.84	0	-9.58	-2.86	0.00	0.00
0	1	939	500927	597	96	508	209	143.84	0	-9.59	-2.85	0.00	0.00
0	1	940	500968	597	96	508	209	143.84	0	-9.59	-2.83	0.00	0.00
0	1	941	501009	596	96	508	209	143.22	0	-9.59	-2.82	0.00	0.00
0	1	942	501050	596	96	508	209	143.22	0	-9.60	-2.81	0.00	0.00
0	1	943	501091	595	95	508	209	143.41	0	-9.60	-2.79	0.00	0.00
0	1	944	501132	595	95	508	209	143.41	0	-9.61	-2.78	0.00	0.00
0	1	945	501173	595	95	508	209	143.41	0	-9.61	-2.77	0.00	0.00
0	1	946	501214	594	95	508	209	142.80	0	-9.61	-2.75	0.00	0.00
0	1	947	501254	594	95	508	209	142.80	0	-9.62	-2.74	0.00	0.00
0	1	948	501295	593	95	508	209	142.20	0	-9.62	-2.73	0.00	0.00
0	1	949	501336	593	95	508	209	142.20	0	-9.62	-2.72	0.00	0.00
0	1	950	501376	593	95	508	209	142.20	0	-9.63	-2.70	0.00	0.00
0	1	951	501417	592	95	508	209	141.61	0	-9.63	-2.69	0.00	0.00
0	1	952	501458	592	94	508	209	142.41	0	-9.64	-2.68	0.00	0.00
0	1	953	501498	591	94	508	209	141.82	0	-9.64	-2.66	0.00	0.00
0	1	954	501539	591	94	508	209	141.82	0	-9.64	-2.65	0.00	0.00
0	1	955	501580	591	94	508	209	141.82	0	-9.65	-2.64	0.00	0.00
0	1	956	501621	590	94	508	209	141.24	0	-9.65	-2.62	0.00	0.00
0	1	957	501662	590	94	508	209	141.24	0	-9.65	-2.61	0.00	0.00
0	1	958	501703	589	94	508	209	140.66	0	-9.66	-2.60	0.00	0.00
0	1	959	501744	589	94	508	209	140.66	0	-9.66	-2.58	0.00	0.00
0	1	960	501785	589	94	508	209	140.66	0	-9.66	-2.57	0.00	0.00
0	1	961	501826	588	93	508	209	140.91	0	-9.67	-2.56	0.00	0.00
0	1	962	501867	588	93	508	209	140.91	0	-9.67	-2.54	0.00	0.00
0	1	963	501908	587	93	508	209	140.35	0	-9.67	-2.53	0.00	0.00
0	1	964	501949	587	93	508	209	140.35	0	-9.68	-2.52	0.00	0.00
0	1	965	501989	587	93	508	209	140.35	0	-9.68	-2.51	0.00	0.00
0	1	966	502030	586	93	508	209	139.79	0	-9.68	-2.49	0.00	0.00
0	1	967	502071	586	93	508	209	139.79	0	-9.69	-2.48	0.00	0.00
0	1	968	502111	585	93	508	209	139.23	0	-9.69	-2.46	0.00	0.00
0	1	969	502152	585	93	508	209	139.23	0	-9.69	-2.45	0.00	0.00
0	1	970	502192	585	93	508	209	139.23	0	-9.70	-2.44	0.00	0.00
0	1	971	502233	584	92	508	209	139.52	0	-9.70	-2.42	0.00	0.00
0	1	972	502273	584	92	508	209	139.52	0	-9.70	-2.41	0.00	0.00
0	1	973	502314	583	92	508	209	138.97	0	-9.71	-2.40	0.00	0.00
0	1	974	502354	583	92	508	209	138.97	0	-9.71	-2.38	0.00	0.00
0	1	975	502395	583	92	508	209	138.97	0	-9.71	-2.37	0.00	0.00
0	1	976	502436	582	92	508	209	138.44	0	-9.72	-2.36	0.00	0.00
0	1	977	502477	582	92	508	209	138.44	0	-9.72	-2.35	0.00	0.00
0	1	978	502518	581	92	508	209	137.91	0	-9.72	-2.33	0.00	0.00
0	1	979	502559	581	92	508	209	137.91	0	-9.73	-2.32	0.00	0.00
0	1	980	502600	581	92	508	209	137.91	0	-9.73	-2.30	0.00	0.00
0	1	981	502640	580	91	508	209	138.23	0	-9.73	-2.29	0.00	0.00
0	1	982	502681	580	91	508	209	138.23	0	-9.74	-2.28	0.00	0.00
0	1	983	502722	579	91	508	209	137.71	0	-9.74	-2.27	0.00	0.00
0	1	984	502763	579	91	508	209	137.71	0	-9.74	-2.25	0.00	0.00
0	1	985	502804	579	91	508	209	137.71	0	-9.75	-2.24	0.00	0.00
0	1	986	502845	578	91	508	209	137.20	0	-9.75	-2.22	0.00	0.00
0	1	987	502886	578	91	508	209	137.20	0	-9.75	-2.21	0.00	0.00
0	1	988	502927	577	91	508	209	136.69	0	-9.76	-2.20	0.00	0.00
0	1	989	502967	577	91	508	209	136.69	0	-9.76	-2.19	0.00	0.00
0	1	990	503008	577	91	508	209	136.69	0	-9.76	-2.17	0.00	0.00
0	1	991	503049	576	91	508	209	136.19	0	-9.76	-2.16	0.00	0.00
0	1	992	503090	576	90	508	209	137.06	0	-9.77	-2.15	0.00	0.00
0	1	993	503131	575	90	508	209	136.57	0	-9.77	-2.13	0.00	0.00
0	1	994	503172	575	90	508	209	136.57	0	-9.77	-2.12	0.00	0.00
0	1	995	503213	575	90	508	209	136.57	0	-9.78	-2.10	0.00	0.00
0	1	996	503254	574	90	508	209	136.08	0	-9.78	-2.09	0.00	0.00
0	1	997	503295	574	90	508	209	136.08	0	-9.78	-2.08	0.00	0.00
0	1	998	503336	573	90	508	209	135.59	0	-9.78	-2.07	0.00	0.00
0	1	999	503377	573	90	508	209	135.59	0	-9.79	-2.05	0.00	0.00
0	1	1000	503418	573	90	508	209	135.59	0	-9.79	-2.04	0.00	0.00
0	1	1001	503459	572	90	508	209	135.12	0	-9.79	-2.02	0.00	0.00
0	1	1002	503500	572	90	508	209	135.12	0	-9.80	-2.01	0.00	0.00
0	1	1003	503541	571	90	508	209	134.65	0	-9.80	-2.00	0.00	0.00
0	1	1004	503582	571	89	508	209	135.53	0	-9.80	-1.98	0.00	0.00
0	1	1005	503622	571	89	508	209	135.53	0	-9.80	-1.97	0.00	0.00
0	1	1006	503663	570	89	508	209	135.07	0	-9.81	-1.96	0.00	0.00
0	1	1007	503704	570	89	508	209	135.07	0	-9.81	-1.95	0.00	0.00
0	1	1008	503744	569	89	508	209	134.61	0	-9.81	-1.93	0.00	0.00
0	1	1009	503785	569	89	508	209	134.61	0	-9.81	-1.92	0.00	0.00
0	1	1010	503826	569	89	508	209	134.61	0	-9.82	-1.91	0.00	0.00
0	1	1011	503867	568	89	508	209	134.16	0	-9.82	-1.89	0.00	0.00
0	1	1012	503908	568	89	508	209	134.16	0	-9.82	-1.88	0.00	0.00
0	1	1013	503948	567	89	508	209	133.72	0	-9.83	-1.86	0.00	0.00
0	1	1014	503989	567	89	508	209	133.72	0	-9.83	-1.85	0.00	0.00
0	1	1015	504030	567	89	508	209	133.72	0	-9.83	-1.84	0.00	0.00
0	1	1016	504071	566	89	508	209	133.28	0	-9.83	-1.82	0.00	0.00
0	1	1017	504112	566	88	508	209	134.18	0	-9.84	-1.81	0.00	0.00
0	1	1018	504153	565	88	508	209	133.75	0	-9.84	-1.80	0.00	0.00
0	1	1019	504194	565	88	508	209	133.75	0	-9.84	-1.78	0.00	0.00
0	1	1020	504235	565	88	508	209	133.75	0	-9.84	-1.77	0.00	0.00
0	1	1021	504275	564	88	508	209	133.33	0	-9.84	-1.76	0.00	0.00
0	1	1022	504316	564	88	508	209	133.33	0	-9.85	-1.74	0.00	0.00
0	1	1023	504357	563	88	508	209	132.91	0	-9.85	-1.73	0.00	0.00
0	1	1024	504398	563	88	508	209	132.91	0	-9.85	-1.71	0.00	0.00
0	1	1025	504439	563	88	508	209	132.91	0	-9.85	-1.70	0.00	0.00
0	1	1026	504480	562	88	508	209	132.50	0	-9.86	-1.69	0.00	0.00
0	1	1027	504521	562	88	508	209	132.50	0	-9.86	-1.68	0.00	0.00
0	1	1028	504562	561	88	508	209	132.10	0	-9.86	-1.66	0.00	0.00
0	1	1029	504602	561	88	508	209	132.10	0	-9.86	-1.65	0.00	0.00
0	1	1030	504642	561	88	508	209	132.10	0	-9.87	-1.63	0.00	0.00
0	1	1031	504683	560	87	508	209	132.62	0	-9.87	-1.62	0.00	0.00
0	1	1032	504723	560	87	508	209	132.62	0	-9.87	-1.61	0.00	0.00
0	1	1033	504764	559	87	508	209	132.23	0	-9.87	-1.60	0.00	0.00
0	1	1034	504805	559	87	508	209	132.23	0	-9.87	-1.58	0.00	0.00
0	1	1035	504846	559	87	508	209	132.23	0	-9.88	-1.57	0.00	0.00
0	1	1036	504886	558	87	508	209	131.85	0	-9.88	-1.55	0.00	0.00
0	1	1037	504927	558	87	508	209	131.85	0	-9.88	-1.54	0.00	0.00
0	1	1038	504968	557	87	508	209	131.47	0	-9.88	-1.53	0.00	0.00
0	1	1039	505009	557	87	508	209	131.47	0	-9.88	-1.51	0.00	0.00
0	1	1040	505050	556	87	508	209	131.10	0	-9.89	-1.50	0.00	0.00
0	1	1041	505090	556	87	508	209	131.10	0	-9.89	-1.49	0.00	0.00
0	1	1042	505131	556	87	508	209	131.10	0	-9.89	-1.47	0.00	0.00
0	1	1043	505172	555	87	508	209	130.74	0	-9.89	-1.46	0.00	0.00
0	1	1044	505213	555	87	508	209	130.74	0	-9.89	-1.45	0.00	0.00
0	1	1045	505253	554	87	508	209	130.38	0	-9.90	-1.43	0.00	0.00
0	1	1046	505294	554	87	508	209	130.38	0	-9.90	-1.42	0.00	0.00
0	1	1047	505334	554	86	508	209	131.32	0	-9.90	-1.41	0.00	0.00
0	1	1048	505375	553	86	508	209	130.97	0	-9.90	-1.39	0.00	0.00
0	1	1049	505416	553	86	508	209	130.97	0	-9.90	-1.38	0.00	0.00
0	1	1050	505457	552	86	508	209	130.63	0	-9.91	-1.36	0.00	0.00
0	1	1051	505497	552	86	508	209	130.63	0	-9.91	-1.35	0.00	0.00
0	1	1052	505538	552	86	508	209	130.63	0	-9.91	-1.34	0.00	0.00
0	1	1053	505579	551	86	508	209	130.30	0	-9.91	-1.32	0.00	0.00
0	1	1054	505620	551	86	508	209	130.30	0	-9.91	-1.31	0.00	0.00
0	1	1055	505661	550	86	508	209	129.97	0	-9.92	-1.30	0.00	0.00
0	1	1056	505702	550	86	508	209	129.97	0	-9.92	-1.28	0.00	0.00
0	1	1057	505743	550	86	508	209	129.97	0	-9.92	-1.27	0.00	0.00
0	1	1058	505784	549	86	508	209	129.65	0	-9.92	-1.26	0.00	0.00
0	1	1059	505825	549	86	508	209	129.65	0	-9.92	-1.24	0.00	0.00
0	1	1060	505865	548	86	508	209	129.34	0	-9.92	-1.23	0.00	0.00
0	1	1061	505906	548	86	508	209	129.34	0	-9.93	-1.22	0.00	0.00
0	1	1062	505947	548	86	508	209	129.34	0	-9.93	-1.20	0.00	0.00
0	1	1063	505987	547	86	508	209	129.03	0	-9.93	-1.19	0.00	0.00
0	1	1064	506028	547	86	508	209	129.03	0	-9.93	-1.17	0.00	0.00
0	1	1065	506069	546	86	508	209	128.74	0	-9.93	-1.16	0.00	0.00
0	1	1066	506110	546	85	508	209	129.69	0	-9.93	-1.15	0.00	0.00
0	1	1067	506151	545	85	508	209	129.40	0	-9.94	-1.13	0.00	0.00
0	1	1068	506191	545	85	508	209	129.40	0	-9.94	-1.12	0.00	0.00
0	1	1069	506232	545	85	508	209	129.40	0	-9.94	-1.11	0.00	0.00
0	1	1070	506273	544	85	508	209	129.12	0	-9.94	-1.09	0.00	0.00
0	1	1071	506314	544	85	508	209	129.12	0	-9.94	-1.08	0.00	0.00
0	1	1072	506355	544	85	508	209	129.12	0	-9.94	-1.07	0.00	0.00
0	1	1073	506396	543	85	508	209	128.84	0	-9.94	-1.05	0.00	0.00
0	1	1074	506437	543	85	508	209	128.84	0	-9.95	-1.04	0.00	0.00
0	1	1075	506478	542	85	508	209	128.58	0	-9.95	-1.03	0.00	0.00
0	1	1076	506518	542	85	508	209	128.58	0	-9.95	-1.01	0.00	0.00
0	1	1077	506559	541	85	508	209	128.32	0	-9.95	-1.00	0.00	0.00
0	1	1078	506600	541	85	508	209	128.32	0	-9.95	-0.99	0.00	0.00
0	1	1079	506641	541	85	508	209	128.32	0	-9.95	-0.97	0.00	0.00
0	1	1080	506682	540	85	508	209	128.06	0	-9.95	-0.96	0.00	0.00
0	1	1081	506723	540	85	508	209	128.06	0	-9.96	-0.94	0.00	0.00
0	1	1082	506764	539	85	508	209	127.82	0	-9.96	-0.93	0.00	0.00
0	1	1083	506805	539	85	508	209	127.82	0	-9.96	-0.92	0.00	0.00
0	1	1084	506846	539	85	508	209	127.82	0	-9.96	-0.90	0.00	0.00
0	1	1085	506887	538	85	508	209	127.58	0	-9.96	-0.89	0.00	0.00
0	1	1086	506928	538	85	508	209	127.58	0	-9.96	-0.88	0.00	0.00
0	1	1087	506969	537	85	508	209	127.35	0	-9.96	-0.86	0.00	0.00
0	1	1088	507010	537	85	508	209	127.35	0	-9.96	-0.85	0.00	0.00
0	1	1089	507051	537	85	508	209	127.35	0	-9.97	-0.83	0.00	0.00
0	1	1090	507092	536	85	508	209	127.12	0	-9.97	-0.82	0.00	0.00
0	1	1091	507133	536	84	508	209	128.10	0	-9.97	-0.81	0.00	0.00
0	1	1092	507173	535	84	508	209	127.88	0	-9.97	-0.79	0.00	0.00
0	1	1093	507214	535	84	508	209	127.88	0	-9.97	-0.78	0.00	0.00
0	1	1094	507255	534	84	508	209	127.68	0	-9.97	-0.77	0.00	0.00
0	1	1095	507296	534	84	508	209	127.68	0	-9.97	-0.75	0.00	0.00
0	1	1096	507337	534	84	508	209	127.68	0	-9.97	-0.74	0.00	0.00
0	1	1097	507378	533	84	508	209	127.48	0	-9.97	-0.73	0.00	0.00
0	1	1098	507419	533	84	508	209	127.48	0	-9.97	-0.71	0.00	0.00
0	1	1099	507459	532	84	508	209	127.28	0	-9.98	-0.70	0.00	0.00
0	1	1100	507500	532	84	508	209	127.28	0	-9.98	-0.69	0.00	0.00
0	1	1101	507541	532	84	508	209	127.28	0	-9.98	-0.67	0.00	0.00
0	1	1102	507582	531	84	508	209	127.10	0	-9.98	-0.66	0.00	0.00
0	1	1103	507623	531	84	508	209	127.10	0	-9.98	-0.64	0.00	0.00
0	1	1104	507664	530	84	508	209	126.92	0	-9.98	-0.63	0.00	0.00
0	1	1105	507705	530	84	508	209	126.92	0	-9.98	-0.62	0.00	0.00
0	1	1106	507746	530	84	508	209	126.92	0	-9.98	-0.60	0.00	0.00
0	1	1107	507787	529	84	508	209	126.75	0	-9.98	-0.59	0.00	0.00
0	1	1108	507828	529	84	508	209	126.75	0	-9.98	-0.57	0.00	0.00
0	1	1109	507869	528	84	508	209	126.59	0	-9.98	-0.56	0.00	0.00
0	1	1110	507910	528	84	508	209	126.59	0	-9.98	-0.55	0.00	0.00
0	1	1111	507951	528	84	508	209	126.59	0	-9.99	-0.53	0.00	0.00
0	1	1112	507992	527	84	508	209	126.44	0	-9.99	-0.52	0.00	0.00
0	1	1113	508033	527	84	508	209	126.44	0	-9.99	-0.51	0.00	0.00
0	1	1114	508074	526	84	508	209	126.29	0	-9.99	-0.49	0.00	0.00
0	1	1115	508115	526	84	508	209	126.29	0	-9.99	-0.48	0.00	0.00
0	1	1116	508156	526	84	508	209	126.29	0	-9.99	-0.47	0.00	0.00
0	1	1117	508197	525	84	508	209	126.15	0	-9.99	-0.45	0.00	0.00
0	1	1118	508238	525	84	508	209	126.15	0	-9.99	-0.44	0.00	0.00
0	1	1119	508279	524	84	508	209	126.02	0	-9.99	-0.42	0.00	0.00
0	1	1120	508320	524	84	508	209	126.02	0	-9.99	-0.41	0.00	0.00
0	1	1121	508361	523	84	508	209	125.90	0	-9.99	-0.40	0.00	0.00
0	1	1122	508402	523	84	508	209	125.90	0	-9.99	-0.39	0.00	0.00
0	1	1123	508442	523	84	508	209	125.90	0	-9.99	-0.37	0.00	0.00
0	1	1124	508483	522	84	508	209	125.78	0	-9.99	-0.36	0.00	0.00
0	1	1125	508524	522	84	508	209	125.78	0	-9.99	-0.35	0.00	0.00
0	1	1126	508564	521	84	508	209	125.67	0	-9.99	-0.33	0.00	0.00
0	1	1127	508605	521	84	508	209	125.67	0	-9.99	-0.32	0.00	0.00
0	1	1128	508646	521	84	508	209	125.67	0	-10.00	-0.30	0.00	0.00
0	1	1129	508687	520	84	508	209	125.57	0	-10.00	-0.29	0.00	0.00
0	1	1130	508728	520	84	508	209	125.57	0	-10.00	-0.27	0.00	0.00
0	1	1131	508769	519	84	508	209	125.48	0	-10.00	-0.26	0.00	0.00
0	1	1132	508809	519	84	508	209	125.48	0	-10.00	-0.25	0.00	0.00
0	1	1133	508850	518	84	508	209	125.40	0	-10.00	-0.23	0.00	0.00
0	1	1134	508890	518	84	508	209	125.40	0	-10.00	-0.22	0.00	0.00
0	1	1135	508931	518	84	508	209	125.40	0	-10.00	-0.21	0.00	0.00
0	1	1136	508972	517	84	508	209	125.32	0	-10.00	-0.19	0.00	0.00
0	1	1137	509013	517	84	508	209	125.32	0	-10.00	-0.18	0.00	0.00
0	1	1138	509054	516	84	508	209	125.26	0	-10.00	-0.17	0.00	0.00
0	1	1139	509095	516	84	508	209	125.26	0	-10.00	-0.15	0.00	0.00
0	1	1140	509136	516	84	508	209	125.26	0	-10.00	-0.14	0.00	0.00
0	1	1141	509177	515	84	508	209	125.20	0	-10.00	-0.13	0.00	0.00
0	1	1142	509218	515	84	508	209	125.20	0	-10.00	-0.11	0.00	0.00
0	1	1143	509259	514	84	508	209	125.14	0	-10.00	-0.10	0.00	0.00
0	1	1144	509299	514	84	508	209	125.14	0	-10.00	-0.08	0.00	0.00
0	1	1145	509340	514	84	508	209	125.14	0	-10.00	-0.07	0.00	0.00
0	1	1146	509381	513	84	508	209	125.10	0	-10.00	-0.06	0.00	0.00
0	1	1147	509421	513	84	508	209	125.10	0	-10.00	-0.04	0.00	0.00
0	1	1148	509462	512	84	508	209	125.06	0	-10.00	-0.03	0.00	0.00
0	1	1149	509503	512	84	508	209	125.06	0	-10.00	-0.01	0.00	0.00
0	1	1150	509544	512	84	508	209	125.06	0	-10.00	-0.00	0.00	0.00
0	1	1151	509585	511	84	508	209	125.04	0	-10.00	0.01	0.00	0.00
0	1	1152	509626	511	84	508	209	125.04	0	-10.00	0.02	0.00	0.00
0	1	1153	509666	510	84	508	209	125.02	0	-10.00	0.04	0.00	0.00
0	1	1154	509707	510	84	508	209	125.02	0	-10.00	0.05	0.00	0.00
0	1	1155	509747	509	84	508	209	125.00	0	-10.00	0.07	0.00	0.00
0	1	1156	509788	509	84	508	209	125.00	0	-10.00	0.08	0.00	0.00
0	1	1157	509828	509	84	508	209	125.00	0	-10.00	0.09	0.00	0.00
0	1	1158	509869	508	84	508	209	125.00	0	-10.00	0.11	0.00	0.00
0	1	1159	509910	508	84	508	209	125.00	0	-10.00	0.12	0.00	0.00
0	1	1160	509951	507	84	508	209	125.00	0	-10.00	0.14	0.00	0.00
0	1	1161	509992	507	84	508	209	125.00	0	-10.00	0.15	0.00	0.00
0	1	1162	510032	507	84	508	209	125.00	0	-10.00	0.16	0.00	0.00
0	1	1163	510073	506	84	508	209	125.02	0	-10.00	0.18	0.00	0.00
0	1	1164	510114	506	84	508	209	125.02	0	-10.00	0.19	0.00	0.00
0	1	1165	510155	505	84	508	209	125.04	0	-10.00	0.20	0.00	0.00
0	1	1166	510196	505	84	508	209	125.04	0	-10.00	0.22	0.00	0.00
0	1	1167	510237	505	84	508	209	125.04	0	-10.00	0.23	0.00	0.00
0	1	1168	510278	504	84	508	209	125.06	0	-10.00	0.24	0.00	0.00
0	1	1169	510319	504	84	508	209	125.06	0	-10.00	0.26	0.00	0.00
0	1	1170	510360	503	84	508	209	125.10	0	-10.00	0.27	0.00	0.00
0	1	1171	510400	503	84	508	209	125.10	0	-10.00	0.28	0.00	0.00
0	1	1172	510441	503	84	508	209	125.10	0	-10.00	0.30	0.00	0.00
0	1	1173	510481	502	84	508	209	125.14	0	-10.00	0.31	0.00	0.00
0	1	1174	510522	502	84	508	209	125.14	0	-9.99	0.33	0.00	0.00
0	1	1175	510563	501	84	508	209	125.20	0	-9.99	0.34	0.00	0.00
0	1	1176	510604	501	84	508	209	125.20	0	-9.99	0.35	0.00	0.00
0	1	1177	510645	500	84	508	209	125.26	0	-9.99	0.37	0.00	0.00
0	1	1178	510685	500	84	508	209	125.26	0	-9.99	0.38	0.00	0.00
0	1	1179	510726	500	84	508	209	125.26	0	-9.99	0.39	0.00	0.00
0	1	1180	510767	499	84	508	209	125.32	0	-9.99	0.41	0.00	0.00
0	1	1181	510808	499	84	508	209	125.32	0	-9.99	0.42	0.00	0.00
0	1	1182	510849	498	84	508	209	125.40	0	-9.99	0.43	0.00	0.00
0	1	1183	510890	498	84	508	209	125.40	0	-9.99	0.45	0.00	0.00
0	1	1184	510931	498	84	508	209	125.40	0	-9.99	0.46	0.00	0.00
0	1	1185	510972	497	84	508	209	125.48	0	-9.99	0.48	0.00	0.00
0	1	1186	511012	497	84	508	209	125.48	0	-9.99	0.49	0.00	0.00
0	1	1187	511053	496	84	508	209	125.57	0	-9.99	0.50	0.00	0.00
0	1	1188	511094	496	84	508	209	125.57	0	-9.99	0.52	0.00	0.00
0	1	1189	511135	496	84	508	209	125.57	0	-9.99	0.53	0.00	0.00
0	1	1190	511176	495	84	508	209	125.67	0	-9.99	0.55	0.00	0.00
0	1	1191	511216	495	84	508	209	125.67	0	-9.98	0.56	0.00	0.00
0	1	1192	511257	494	84	508	209	125.78	0	-9.98	0.57	0.00	0.00
0	1	1193	511298	494	84	508	209	125.78	0	-9.98	0.59	0.00	0.00
0	1	1194	511338	493	84	508	209	125.90	0	-9.98	0.60	0.00	0.00
0	1	1195	511379	493	84	508	209	125.90	0	-9.98	0.61	0.00	0.00
0	1	1196	511419	493	84	508	209	125.90	0	-9.98	0.63	0.00	0.00
0	1	1197	511460	492	84	508	209	126.02	0	-9.98	0.64	0.00	0.00
0	1	1198	511500	492	84	508	209	126.02	0	-9.98	0.65	0.00	0.00
0	1	1199	511541	491	84	508	209	126.15	0	-9.98	0.67	0.00	0.00
0	1	1200	511582	491	84	508	209	126.15	0	-9.98	0.68	0.00	0.00
0	1	1201	511623	491	84	508	209	126.15	0	-9.98	0.69	0.00	0.00
0	1	1202	511663	490	84	508	209	126.29	0	-9.97	0.71	0.00	0.00
0	1	1203	511704	490	84	508	209	126.29	0	-9.97	0.72	0.00	0.00
0	1	1204	511745	489	84	508	209	126.44	0	-9.97	0.74	0.00	0.00
0	1	1205	511786	489	84	508	209	126.44	0	-9.97	0.75	0.00	0.00
0	1	1206	511827	489	84	508	209	126.44	0	-9.97	0.76	0.00	0.00
0	1	1207	511867	488	84	508	209	126.59	0	-9.97	0.78	0.00	0.00
0	1	1208	511908	488	84	508	209	126.59	0	-9.97	0.79	0.00	0.00
0	1	1209	511949	487	84	508	209	126.75	0	-9.97	0.81	0.00	0.00
0	1	1210	511990	487	85	508	209	125.77	0	-9.97	0.82	0.00	0.00
0	1	1211	512031	487	85	508	209	125.77	0	-9.97	0.83	0.00	0.00
0	1	1212	512072	486	85	508	209	125.94	0	-9.96	0.84	0.00	0.00
0	1	1213	512112	486	85	508	209	125.94	0	-9.96	0.86	0.00	0.00
0	1	1214	512153	485	85	508	209	126.12	0	-9.96	0.87	0.00	0.00
0	1	1215	512194	485	85	508	209	126.12	0	-9.96	0.89	0.00	0.00
0	1	1216	512235	484	85	508	209	126.30	0	-9.96	0.90	0.00	0.00
0	1	1217	512276	484	85	508	209	126.30	0	-9.96	0.91	0.00	0.00
0	1	1218	512317	484	85	508	209	126.30	0	-9.96	0.93	0.00	0.00
0	1	1219	512358	483	85	508	209	126.50	0	-9.96	0.94	0.00	0.00
0	1	1220	512399	483	85	508	209	126.50	0	-9.95	0.95	0.00	0.00
0	1	1221	512440	483	85	508	209	126.50	0	-9.95	0.97	0.00	0.00
0	1	1222	512481	482	85	508	209	126.70	0	-9.95	0.98	0.00	0.00
0	1	1223	512521	482	85	508	209	126.70	0	-9.95	1.00	0.00	0.00
0	1	1224	512561	481	85	508	209	126.91	0	-9.95	1.01	0.00	0.00
0	1	1225	512602	481	85	508	209	126.91	0	-9.95	1.02	0.00	0.00
0	1	1226	512643	480	85	508	209	127.12	0	-9.95	1.04	0.00	0.00
0	1	1227	512684	480	85	508	209	127.12	0	-9.94	1.05	0.00	0.00
0	1	1228	512725	480	85	508	209	127.12	0	-9.94	1.06	0.00	0.00
0	1	1229	512766	479	85	508	209	127.35	0	-9.94	1.07	0.00	0.00
0	1	1230	512807	479	85	508	209	127.35	0	-9.94	1.09	0.00	0.00
0	1	1231	512848	478	85	508	209	127.58	0	-9.94	1.10	0.00	0.00
0	1	1232	512888	478	85	508	209	127.58	0	-9.94	1.12	0.00	0.00
0	1	1233	512929	478	85	508	209	127.58	0	-9.94	1.13	0.00	0.00
0	1	1234	512969	477	85	508	209	127.82	0	-9.93	1.15	0.00	0.00
0	1	1235	513010	477	86	508	209	126.85	0	-9.93	1.16	0.00	0.00
0	1	1236	513051	476	86	508	209	127.09	0	-9.93	1.17	0.00	0.00
0	1	1237	513092	476	86	508	209	127.09	0	-9.93	1.19	0.00	0.00
0	1	1238	513133	476	86	508	209	127.09	0	-9.93	1.20	0.00	0.00
0	1	1239	513174	475	86	508	209	127.35	0	-9.93	1.21	0.00	0.00
0	1	1240	513215	475	86	508	209	127.35	0	-9.92	1.22	0.00	0.00
0	1	1241	513255	474	86	508	209	127.61	0	-9.92	1.24	0.00	0.00
0	1	1242	513296	474	86	508	209	127.61	0	-9.92	1.25	0.00	0.00
0	1	1243	513337	473	86	508	209	127.88	0	-9.92	1.27	0.00	0.00
0	1	1244	513378	473	86	508	209	127.88	0	-9.92	1.28	0.00	0.00
0	1	1245	513418	473	86	508	209	127.88	0	-9.92	1.29	0.00	0.00
0	1	1246	513458	472	86	508	209	128.16	0	-9.91	1.31	0.00	0.00
0	1	1247	513499	472	86	508	209	128.16	0	-9.91	1.32	0.00	0.00
0	1	1248	513540	471	86	508	209	128.44	0	-9.91	1.33	0.00	0.00
0	1	1249	513580	471	86	508	209	128.44	0	-9.91	1.35	0.00	0.00
0	1	1250	513621	471	86	508	209	128.44	0	-9.91	1.36	0.00	0.00
0	1	1251	513662	470	86	508	209	128.74	0	-9.91	1.37	0.00	0.00
0	1	1252	513702	470	86	508	209	128.74	0	-9.90	1.39	0.00	0.00
0	1	1253	513743	469	86	508	209	129.03	0	-9.90	1.40	0.00	0.00
0	1	1254	513784	469	87	508	209	128.08	0	-9.90	1.41	0.00	0.00
0	1	1255	513825	469	87	508	209	128.08	0	-9.90	1.43	0.00	0.00
0	1	1256	513866	468	87	508	209	128.39	0	-9.90	1.44	0.00	0.00
0	1	1257	513907	468	87	508	209	128.39	0	-9.89	1.46	0.00	0.00
0	1	1258	513948	467	87	508	209	128.71	0	-9.89	1.47	0.00	0.00
0	1	1259	513989	467	87	508	209	128.71	0	-9.89	1.48	0.00	0.00
0	1	1260	514030	467	87	508	209	128.71	0	-9.89	1.50	0.00	0.00
0	1	1261	514071	466	87	508	209	129.03	0	-9.89	1.51	0.00	0.00
0	1	1262	514111	466	87	508	209	129.03	0	-9.88	1.52	0.00	0.00
0	1	1263	514152	465	87	508	209	129.36	0	-9.88	1.54	0.00	0.00
0	1	1264	514193	465	87	508	209	129.36	0	-9.88	1.55	0.00	0.00
0	1	1265	514233	465	87	508	209	129.36	0	-9.88	1.56	0.00	0.00
0	1	1266	514274	464	87	508	209	129.69	0	-9.87	1.58	0.00	0.00
0	1	1267	514315	464	87	508	209	129.69	0	-9.87	1.59	0.00	0.00
0	1	1268	514356	463	87	508	209	130.03	0	-9.87	1.60	0.00	0.00
0	1	1269	514397	463	87	508	209	130.03	0	-9.87	1.62	0.00	0.00
0	1	1270	514438	463	88	508	209	129.10	0	-9.87	1.63	0.00	0.00
0	1	1271	514479	462	88	508	209	129.45	0	-9.86	1.64	0.00	0.00
0	1	1272	514520	462	88	508	209	129.45	0	-9.86	1.66	0.00	0.00
0	1	1273	514560	461	88	508	209	129.81	0	-9.86	1.67	0.00	0.00
0	1	1274	514601	461	88	508	209	129.81	0	-9.86	1.68	0.00	0.00
0	1	1275	514642	461	88	508	209	129.81	0	-9.85	1.70	0.00	0.00
0	1	1276	514683	460	88	508	209	130.17	0	-9.85	1.71	0.00	0.00
0	1	1277	514724	460	88	508	209	130.17	0	-9.85	1.72	0.00	0.00
0	1	1278	514765	459	88	508	209	130.55	0	-9.85	1.74	0.00	0.00
0	1	1279	514806	459	88	508	209	130.55	0	-9.85	1.75	0.00	0.00
0	1	1280	514847	458	88	508	209	130.92	0	-9.84	1.77	0.00	0.00
0	1	1281	514887	458	88	508	209	130.92	0	-9.84	1.78	0.00	0.00
0	1	1282	514928	458	88	508	209	130.92	0	-9.84	1.79	0.00	0.00
0	1	1283	514969	457	88	508	209	131.31	0	-9.84	1.81	0.00	0.00
0	1	1284	515010	457	89	508	209	130.39	0	-9.83	1.82	0.00	0.00
0	1	1285	515051	457	89	508	209	130.39	0	-9.83	1.83	0.00	0.00
0	1	1286	515092	456	89	508	209	130.78	0	-9.83	1.85	0.00	0.00
0	1	1287	515133	456	89	508	209	130.78	0	-9.83	1.86	0.00	0.00
0	1	1288	515174	455	89	508	209	131.18	0	-9.82	1.87	0.00	0.00
0	1	1289	515214	455	89	508	209	131.18	0	-9.82	1.89	0.00	0.00
0	1	1290	515255	454	89	508	209	131.59	0	-9.82	1.90	0.00	0.00
0	1	1291	515296	454	89	508	209	131.59	0	-9.82	1.91	0.00	0.00
0	1	1292	515337	454	89	508	209	131.59	0	-9.81	1.93	0.00	0.00
0	1	1293	515378	453	89	508	209	132.00	0	-9.81	1.94	0.00	0.00
0	1	1294	515419	453	89	508	209	132.00	0	-9.81	1.96	0.00	0.00
0	1	1295	515460	453	89	508	209	132.00	0	-9.80	1.97	0.00	0.00
0	1	1296	515501	452	89	508	209	132.42	0	-9.80	1.98	0.00	0.00
0	1	1297	515541	452	90	508	209	131.52	0	-9.80	2.00	0.00	0.00
0	1	1298	515582	451	90	508	209	131.95	0	-9.80	2.01	0.00	0.00
0	1	1299	515623	451	90	508	209	131.95	0	-9.79	2.02	0.00	0.00
0	1	1300	515664	450	90	508	209	132.38	0	-9.79	2.03	0.00	0.00
0	1	1301	515704	450	90	508	209	132.38	0	-9.79	2.05	0.00	0.00
0	1	1302	515745	450	90	508	209	132.38	0	-9.78	2.06	0.00	0.00
0	1	1303	515786	449	90	508	209	132.82	0	-9.78	2.07	0.00	0.00
0	1	1304	515826	449	90	508	209	132.82	0	-9.78	2.09	0.00	0.00
0	1	1305	515867	448	90	508	209	133.27	0	-9.78	2.10	0.00	0.00
0	1	1306	515908	448	90	508	209	133.27	0	-9.77	2.12	0.00	0.00
0	1	1307	515949	448	90	508	209	133.27	0	-9.77	2.13	0.00	0.00
0	1	1308	515990	447	90	508	209	133.72	0	-9.77	2.14	0.00	0.00
0	1	1309	516031	447	91	508	209	132.83	0	-9.76	2.16	0.00	0.00
0	1	1310	516072	446	91	508	209	133.30	0	-9.76	2.17	0.00	0.00
0	1	1311	516113	446	91	508	209	133.30	0	-9.76	2.18	0.00	0.00
0	1	1312	516154	446	91	508	209	133.30	0	-9.76	2.19	0.00	0.00
0	1	1313	516195	445	91	508	209	133.76	0	-9.75	2.21	0.00	0.00
0	1	1314	516236	445	91	508	209	133.76	0	-9.75	2.22	0.00	0.00
0	1	1315	516277	444	91	508	209	134.24	0	-9.75	2.23	0.00	0.00
0	1	1316	516317	444	91	508	209	134.24	0	-9.74	2.25	0.00	0.00
0	1	1317	516358	444	91	508	209	134.24	0	-9.74	2.26	0.00	0.00
0	1	1318	516399	443	91	508	209	134.72	0	-9.74	2.27	0.00	0.00
0	1	1319	516440	443	91	508	209	134.72	0	-9.73	2.29	0.00	0.00
0	1	1320	516481	442	92	508	209	134.33	0	-9.73	2.30	0.00	0.00
0	1	1321	516522	442	92	508	209	134.33	0	-9.73	2.32	0.00	0.00
0	1	1322	516563	442	92	508	209	134.33	0	-9.73	2.33	0.00	0.00
0	1	1323	516604	441	92	508	209	134.83	0	-9.72	2.34	0.00	0.00
0	1	1324	516644	441	92	508	209	134.83	0	-9.72	2.35	0.00	0.00
0	1	1325	516685	440	92	508	209	135.33	0	-9.72	2.37	0.00	0.00
0	1	1326	516726	440	92	508	209	135.33	0	-9.71	2.38	0.00	0.00
0	1	1327	516767	440	92	508	209	135.33	0	-9.71	2.39	0.00	0.00
0	1	1328	516807	439	92	508	209	135.83	0	-9.71	2.41	0.00	0.00
0	1	1329	516848	439	92	508	209	135.83	0	-9.70	2.42	0.00	0.00
0	1	1330	516889	439	93	508	209	134.97	0	-9.70	2.43	0.00	0.00
0	1	1331	516930	438	93	508	209	135.48	0	-9.70	2.45	0.00	0.00
0	1	1332	516971	438	93	508	209	135.48	0	-9.69	2.46	0.00	0.00
0	1	1333	517012	437	93	508	209	136.00	0	-9.69	2.47	0.00	0.00
0	1	1334	517053	437	93	508	209	136.00	0	-9.69	2.49	0.00	0.00
0	1	1335	517094	437	93	508	209	136.00	0	-9.68	2.50	0.00	0.00
0	1	1336	517135	436	93	508	209	136.53	0	-9.68	2.51	0.00	0.00
0	1	1337	517176	436	93	508	209	136.53	0	-9.68	2.53	0.00	0.00
0	1	1338	517216	435	93	508	209	137.06	0	-9.67	2.54	0.00	0.00
0	1	1339	517257	435	93	508	209	137.06	0	-9.67	2.55	0.00	0.00
0	1	1340	517298	435	94	508	209	136.21	0	-9.67	2.57	0.00	0.00
0	1	1341	517339	434	94	508	209	136.75	0	-9.66	2.58	0.00	0.00
0	1	1342	517380	434	94	508	209	136.75	0	-9.66	2.59	0.00	0.00
0	1	1343	517421	433	94	508	209	137.30	0	-9.65	2.61	0.00	0.00
0	1	1344	517461	433	94	508	209	137.30	0	-9.65	2.62	0.00	0.00
0	1	1345	517502	433	94	508	209	137.30	0	-9.65	2.63	0.00	0.00
0	1	1346	517543	432	94	508	209	137.84	0	-9.64	2.65	0.00	0.00
0	1	1347	517584	432	94	508	209	137.84	0	-9.64	2.66	0.00	0.00
0	1	1348	517625	431	94	508	209	138.40	0	-9.64	2.67	0.00	0.00
0	1	1349	517666	431	95	508	209	137.57	0	-9.63	2.69	0.00	0.00
0	1	1350	517707	431	95	508	209	137.57	0	-9.63	2.70	0.00	0.00
0	1	1351	517748	430	95	508	209	138.13	0	-9.63	2.71	0.00	0.00
0	1	1352	517788	430	95	508	209	138.13	0	-9.62	2.73	0.00	0.00
0	1	1353	517828	429	95	508	209	138.70	0	-9.62	2.74	0.00	0.00
0	1	1354	517869	429	95	508	209	138.70	0	-9.61	2.75	0.00	0.00
0	1	1355	517910	429	95	508	209	138.70	0	-9.61	2.77	0.00	0.00
0	1	1356	517951	428	95	508	209	139.27	0	-9.61	2.78	0.00	0.00
0	1	1357	517992	428	95	508	209	139.27	0	-9.60	2.79	0.00	0.00
0	1	1358	518033	427	96	508	209	139.03	0	-9.60	2.80	0.00	0.00
0	1	1359	518073	427	96	508	209	139.03	0	-9.59	2.82	0.00	0.00
0	1	1360	518114	427	96	508	209	139.03	0	-9.59	2.83	0.00	0.00
0	1	1361	518155	426	96	508	209	139.62	0	-9.59	2.84	0.00	0.00
0	1	1362	518196	426	96	508	209	139.62	0	-9.58	2.86	0.00	0.00
0	1	1363	518237	425	96	508	209	140.21	0	-9.58	2.87	0.00	0.00
0	1	1364	518278	425	96	508	209	140.21	0	-9.58	2.88	0.00	0.00
0	1	1365	518319	425	96	508	209	140.21	0	-9.57	2.90	0.00	0.00
0	1	1366	518359	424	96	508	209	140.80	0	-9.57	2.91	0.00	0.00
0	1	1367	518400	424	97	508	209	140.00	0	-9.56	2.92	0.00	0.00
0	1	1368	518440	423	97	508	209	140.60	0	-9.56	2.94	0.00	0.00
0	1	1369	518481	423	97	508	209	140.60	0	-9.56	2.95	0.00	0.00
0	1	1370	518522	423	97	508	209	140.60	0	-9.55	2.96	0.00	0.00
0	1	1371	518562	422	97	508	209	141.21	0	-9.55	2.97	0.00	0.00
0	1	1372	518603	422	97	508	209	141.21	0	-9.54	2.99	0.00	0.00
0	1	1373	518644	421	97	508	209	141.82	0	-9.54	3.00	0.00	0.00
0	1	1374	518685	421	97	508	209	141.82	0	-9.53	3.01	0.00	0.00
0	1	1375	518725	421	98	508	209	141.03	0	-9.53	3.02	0.00	0.00
0	1	1376	518766	420	98	508	209	141.65	0	-9.53	3.04	0.00	0.00
0	1	1377	518807	420	98	508	209	141.65	0	-9.52	3.05	0.00	0.00
0	1	1378	518848	420	98	508	209	141.65	0	-9.52	3.06	0.00	0.00
0	1	1379	518889	419	98	508	209	142.27	0	-9.51	3.08	0.00	0.00
0	1	1380	518930	419	98	508	209	142.27	0	-9.51	3.09	0.00	0.00
0	1	1381	518971	418	98	508	209	142.90	0	-9.51	3.10	0.00	0.00
0	1	1382	519012	418	98	508	209	142.90	0	-9.50	3.12	0.00	0.00
0	1	1383	519052	418	99	508	209	142.13	0	-9.50	3.13	0.00	0.00
0	1	1384	519093	417	99	508	209	142.76	0	-9.49	3.14	0.00	0.00
0	1	1385	519134	417	99	508	209	142.76	0	-9.49	3.16	0.00	0.00
0	1	1386	519175	416	99	508	209	143.40	0	-9.48	3.17	0.00	0.00
0	1	1387	519216	416	99	508	209	143.40	0	-9.48	3.18	0.00	0.00
0	1	1388	519257	416	99	508	209	143.40	0	-9.48	3.20	0.00	0.00
0	1	1389	519298	415	99	508	209	144.05	0	-9.47	3.21	0.00	0.00
0	1	1390	519339	415	99	508	209	144.05	0	-9.47	3.22	0.00	0.00
0	1	1391	519380	414	100	508	209	143.93	0	-9.46	3.24	0.00	0.00
0	1	1392	519421	414	100	508	209	143.93	0	-9.46	3.25	0.00	0.00
0	1	1393	519462	414	100	508	209	143.93	0	-9.45	3.26	0.00	0.00
0	1	1394	519502	413	100	508	209	144.59	0	-9.45	3.27	0.00	0.00
0	1	1395	519543	413	100	508	209	144.59	0	-9.44	3.29	0.00	0.00
0	1	1396	519584	413	100	508	209	144.59	0	-9.44	3.30	0.00	0.00
0	1	1397	519625	412	100	508	209	145.25	0	-9.44	3.31	0.00	0.00
0	1	1398	519666	412	101	508	209	144.50	0	-9.43	3.32	0.00	0.00
0	1	1399	519707	411	101	508	209	145.17	0	-9.43	3.34	0.00	0.00
0	1	1400	519748	411	101	508	209	145.17	0	-9.42	3.35	0.00	0.00
0	1	1401	519789	411	101	508	209	145.17	0	-9.42	3.36	0.00	0.00
0	1	1402	519830	410	101	508	209	145.84	0	-9.41	3.38	0.00	0.00
0	1	1403	519871	410	101	508	209	145.84	0	-9.41	3.39	0.00	0.00
0	1	1404	519911	409	101	508	209	146.51	0	-9.40	3.40	0.00	0.00
0	1	1405	519952	409	102	508	209	145.77	0	-9.40	3.41	0.00	0.00
0	1	1406	519993	409	102	508	209	145.77	0	-9.39	3.43	0.00	0.00
0	1	1407	520033	408	102	508	209	146.45	0	-9.39	3.44	0.00	0.00
0	1	1408	520074	408	102	508	209	146.45	0	-9.38	3.45	0.00	0.00
0	1	1409	520115	407	102	508	209	147.14	0	-9.38	3.47	0.00	0.00
0	1	1410	520156	407	102	508	209	147.14	0	-9.38	3.48	0.00	0.00
0	1	1411	520197	407	102	508	209	147.14	0	-9.37	3.49	0.00	0.00
0	1	1412	520237	406	103	508	209	147.11	0	-9.37	3.50	0.00	0.00
0	1	1413	520278	406	103	508	209	147.11	0	-9.36	3.52	0.00	0.00
0	1	1414	520319	406	103	508	209	147.11	0	-9.36	3.53	0.00	0.00
0	1	1415	520360	405	103	508	209	147.80	0	-9.35	3.54	0.00	0.00
0	1	1416	520401	405	103	508	209	147.80	0	-9.35	3.56	0.00	0.00
0	1	1417	520442	404	103	508	209	148.50	0	-9.34	3.57	0.00	0.00
0	1	1418	520483	404	103	508	209	148.50	0	-9.34	3.58	0.00	0.00
0	1	1419	520524	404	104	508	209	147.79	0	-9.33	3.59	0.00	0.00
0	1	1420	520565	403	104	508	209	148.49	0	-9.33	3.61	0.00	0.00
0	1	1421	520606	403	104	508	209	148.49	0	-9.32	3.62	0.00	0.00
0	1	1422	520646	403	104	508	209	148.49	0	-9.32	3.63	0.00	0.00
0	1	1423	520686	402	104	508	209	149.20	0	-9.31	3.64	0.00	0.00
0	1	1424	520727	402	104	508	209	149.20	0	-9.31	3.66	0.00	0.00
0	1	1425	520768	401	104	508	209	149.91	0	-9.30	3.67	0.00	0.00
0	1	1426	520809	401	105	508	209	149.21	0	-9.30	3.68	0.00	0.00
0	1	1427	520850	401	105	508	209	149.21	0	-9.29	3.70	0.00	0.00
0	1	1428	520891	400	105	508	209	149.93	0	-9.29	3.71	0.00	0.00
0	1	1429	520931	400	105	508	209	149.93	0	-9.28	3.72	0.00	0.00
0	1	1430	520972	399	105	508	209	150.66	0	-9.28	3.73	0.00	0.00
0	1	1431	521012	399	105	508	209	150.66	0	-9.27	3.75	0.00	0.00
0	1	1432	521053	399	106	508	209	149.97	0	-9.27	3.76	0.00	0.00
0	1	1433	521094	398	106	508	209	150.70	0	-9.26	3.77	0.00	0.00
0	1	1434	521135	398	106	508	209	150.70	0	-9.26	3.78	0.00	0.00
0	1	1435	521176	398	106	508	209	150.70	0	-9.25	3.80	0.00	0.00
0	1	1436	521217	397	106	508	209	151.43	0	-9.25	3.81	0.00	0.00
0	1	1437	521258	397	106	508	209	151.43	0	-9.24	3.82	0.00	0.00
0	1	1438	521298	396	106	508	209	152.16	0	-9.24	3.83	0.00	0.00
0	1	1439	521339	396	107	508	209	151.49	0	-9.23	3.85	0.00	0.00
0	1	1440	521380	396	107	508	209	151.49	0	-9.22	3.86	0.00	0.00
0	1	1441	521420	395	107	508	209	152.23	0	-9.22	3.87	0.00	0.00
0	1	1442	521461	395	107	508	209	152.23	0	-9.21	3.89	0.00	0.00
0	1	1443	521502	395	107	508	209	152.23	0	-9.21	3.90	0.00	0.00
0	1	1444	521543	394	107	508	209	152.97	0	-9.20	3.91	0.00	0.00
0	1	1445	521584	394	108	508	209	152.31	0	-9.20	3.92	0.00	0.00
0	1	1446	521625	393	108	508	209	153.06	0	-9.19	3.93	0.00	0.00
0	1	1447	521666	393	108	508	209	153.06	0	-9.19	3.95	0.00	0.00
0	1	1448	521707	393	108	508	209	153.06	0	-9.18	3.96	0.00	0.00
0	1	1449	521748	392	108	508	209	153.81	0	-9.18	3.97	0.00	0.00
0	1	1450	521789	392	108	508	209	153.81	0	-9.17	3.99	0.00	0.00
0	1	1451	521830	392	109	508	209	153.15	0	-9.17	4.00	0.00	0.00
0	1	1452	521870	391	109	508	209	153.91	0	-9.16	4.01	0.00	0.00
0	1	1453	521911	391	109	508	209	153.91	0	-9.15	4.02	0.00	0.00
0	1	1454	521952	390	109	508	209	154.67	0	-9.15	4.04	0.00	0.00
0	1	1455	521993	390	109	508	209	154.67	0	-9.14	4.05	0.00	0.00
0	1	1456	522034	390	109	508	209	154.67	0	-9.14	4.06	0.00	0.00
0	1	1457	522075	389	110	508	209	154.80	0	-9.13	4.07	0.00	0.00
0	1	1458	522116	389	110	508	209	154.80	0	-9.13	4.09	0.00	0.00
0	1	1459	522157	389	110	508	209	154.80	0	-9.12	4.10	0.00	0.00
0	1	1460	522198	388	110	508	209	155.57	0	-9.12	4.11	0.00	0.00
0	1	1461	522239	388	110	508	209	155.57	0	-9.11	4.12	0.00	0.00
0	1	1462	522279	387	110	508	209	156.34	0	-9.10	4.14	0.00	0.00
0	1	1463	522319	387	111	508	209	155.71	0	-9.10	4.15	0.00	0.00
