Pra_Test	PointNum	PointTime	ObjPointX	ObjPointY	PostPointX	PostPointY	Distance	Hit	ObjSpeedX	ObjSpeedY	PostSpeedX	PostSpeedY
1	1	254188	1259	597	960	600	299.02	0	-0.04	-5.00	0.00	-200.00
1	2	254228	1259	597	960	594	299.02	0	-0.05	-5.00	0.00	-200.00
1	3	254269	1259	597	960	585	299.24	0	-0.05	-5.00	0.00	-200.00
1	4	254310	1259	596	960	575	299.74	0	-0.05	-5.00	0.00	-200.00
1	5	254351	1259	596	960	567	300.40	0	-0.06	-5.00	0.00	-200.00
1	6	254392	1259	596	960	561	301.04	0	-0.06	-5.00	0.00	-200.00
1	7	254433	1259	596	960	552	302.22	0	-0.06	-5.00	0.00	-200.00
1	8	254474	1259	595	960	543	303.49	0	-0.07	-5.00	0.00	-200.00
1	9	254515	1259	595	960	535	304.96	0	-0.07	-5.00	0.00	-200.00
1	10	254556	1259	595	960	528	306.41	0	-0.07	-5.00	0.00	-200.00
1	11	254597	1259	595	960	518	308.76	0	-0.08	-5.00	0.00	-200.00
1	12	254638	1259	595	960	510	310.85	0	-0.08	-5.00	0.00	-200.00
1	13	254679	1259	594	960	504	312.25	0	-0.08	-5.00	0.00	-200.00
1	14	254720	1259	594	960	495	314.96	0	-0.09	-5.00	0.00	-200.00
1	15	254761	1259	594	960	486	317.91	0	-0.09	-5.00	0.00	-200.00
1	16	254802	1259	594	960	478	320.71	0	-0.09	-5.00	0.00	-200.00
1	17	254843	1259	594	960	469	324.08	0	-0.10	-5.00	0.00	-200.00
1	18	254883	1259	593	960	462	326.44	0	-0.10	-5.00	0.00	-200.00
1	19	254924	1259	593	960	453	330.15	0	-0.10	-5.00	0.00	-200.00
1	20	254965	1259	593	960	444	334.07	0	-0.11	-5.00	0.00	-200.00
1	21	255006	1259	593	960	438	336.79	0	-0.11	-5.00	0.00	-200.00
1	22	255047	1259	593	960	429	341.02	0	-0.11	-5.00	0.00	-200.00
1	23	255088	1259	592	960	420	344.94	0	-0.12	-5.00	200.00	0.00
1	24	255129	1259	592	967	420	338.89	0	-0.12	-5.00	200.00	0.00
1	25	255169	1259	592	975	420	332.02	0	-0.12	-5.00	200.00	0.00
1	26	255210	1259	592	984	420	324.36	0	-0.13	-5.00	200.00	200.00
1	27	255251	1259	592	992	429	312.82	0	-0.13	-5.00	200.00	200.00
1	28	255292	1259	591	1001	437	300.47	0	-0.14	-5.00	200.00	200.00
1	29	255333	1259	591	1007	443	292.25	0	-0.14	-5.00	200.00	200.00
1	30	255374	1259	591	1016	452	279.95	0	-0.14	-5.00	200.00	200.00
1	31	255415	1259	591	1025	461	267.69	0	-0.15	-5.00	200.00	200.00
1	32	255455	1259	591	1032	468	258.18	0	-0.15	-5.00	200.00	200.00
1	33	255496	1259	590	1041	477	245.55	0	-0.15	-5.00	200.00	200.00
1	34	255537	1259	590	1049	486	234.34	0	-0.16	-5.00	200.00	200.00
1	35	255578	1259	590	1058	494	222.75	0	-0.16	-5.00	200.00	200.00
1	36	255618	1259	590	1065	501	213.44	0	-0.16	-5.00	200.00	200.00
1	37	255659	1259	590	1074	510	201.56	0	-0.17	-5.00	200.00	200.00
1	38	255700	1259	589	1082	518	190.71	0	-0.17	-5.00	200.00	200.00
1	39	255740	1259	589	1091	527	179.08	0	-0.17	-5.00	200.00	200.00
1	40	255781	1259	589	1099	536	168.55	0	-0.18	-5.00	200.00	200.00
1	41	255822	1259	589	1106	542	160.06	0	-0.18	-5.00	200.00	200.00
1	42	255863	1259	589	1115	551	148.93	0	-0.18	-5.00	200.00	200.00
1	43	255904	1259	588	1123	559	139.06	0	-0.19	-5.00	200.00	200.00
1	44	255945	1259	588	1131	568	129.55	0	-0.19	-5.00	200.00	200.00
1	45	255986	1259	588	1140	576	119.60	0	-0.19	-5.00	200.00	200.00
1	46	256027	1259	588	1149	585	110.04	0	-0.20	-5.00	200.00	200.00
1	47	256068	1259	588	1155	591	104.04	0	-0.20	-5.00	200.00	200.00
1	48	256109	1259	587	1164	600	95.89	0	-0.20	-5.00	200.00	200.00
1	49	256150	1259	587	1172	609	89.74	0	-0.21	-5.00	200.00	200.00
1	50	256220	1259	587	1172	609	89.74	0	-0.21	-5.00	200.00	200.00
1	51	256260	1259	587	1194	631	78.49	0	-0.22	-5.00	200.00	200.00
1	52	256301	1259	586	1202	639	77.83	0	-0.22	-5.00	200.00	0.00
1	53	256342	1259	586	1211	639	71.51	0	-0.22	-5.00	0.00	0.00
1	54	256383	1259	586	1211	639	71.51	0	-0.23	-4.99	0.00	0.00
1	55	256424	1259	586	1211	639	71.51	0	-0.23	-4.99	0.00	0.00
1	56	256465	1259	585	1211	639	72.25	0	-0.23	-4.99	0.00	-200.00
1	57	256506	1259	585	1211	630	65.80	0	-0.24	-4.99	0.00	-200.00
1	58	256547	1259	585	1211	624	61.85	0	-0.24	-4.99	0.00	-200.00
1	59	256587	1259	585	1211	615	56.60	0	-0.24	-4.99	0.00	-200.00
1	60	256628	1259	585	1211	606	52.39	0	-0.25	-4.99	0.00	-200.00
1	61	256669	1259	584	1211	598	50.00	0	-0.25	-4.99	0.00	-200.00
1	62	256709	1259	584	1211	590	48.37	0	-0.25	-4.99	0.00	-200.00
1	63	256750	1259	584	1211	583	48.01	0	-0.26	-4.99	0.00	0.00
1	64	256791	1259	584	1211	583	48.01	0	-0.26	-4.99	0.00	0.00
1	65	256831	1259	584	1211	583	48.01	0	-0.26	-4.99	0.00	0.00
1	66	256872	1259	583	1211	583	48.00	0	-0.27	-4.99	0.00	0.00
1	67	256913	1259	583	1211	583	48.00	0	-0.27	-4.99	0.00	0.00
1	68	256954	1259	583	1211	583	48.00	0	-0.27	-4.99	0.00	0.00
1	69	256995	1259	583	1211	583	48.00	0	-0.28	-4.99	0.00	0.00
1	70	257036	1259	583	1211	583	48.00	0	-0.28	-4.99	0.00	0.00
1	71	257077	1259	582	1211	583	48.01	0	-0.28	-4.99	0.00	0.00
1	72	257118	1259	582	1211	583	48.01	0	-0.29	-4.99	0.00	0.00
1	73	257158	1259	582	1211	583	48.01	0	-0.29	-4.99	0.00	0.00
1	74	257199	1259	582	1211	583	48.01	0	-0.29	-4.99	0.00	0.00
1	75	257240	1259	582	1211	583	48.01	0	-0.30	-4.99	0.00	0.00
1	76	257281	1259	581	1211	583	48.04	0	-0.30	-4.99	0.00	0.00
1	77	257322	1259	581	1211	583	48.04	0	-0.30	-4.99	0.00	0.00
1	78	257363	1259	581	1211	583	48.04	0	-0.31	-4.99	0.00	0.00
1	79	257404	1259	581	1211	583	48.04	0	-0.31	-4.99	0.00	0.00
1	80	257445	1259	581	1211	583	48.04	0	-0.31	-4.99	0.00	0.00
1	81	257486	1259	580	1211	583	48.09	0	-0.32	-4.99	0.00	0.00
1	82	257527	1259	580	1211	583	48.09	0	-0.32	-4.99	0.00	-200.00
1	83	257568	1259	580	1211	576	48.17	0	-0.33	-4.99	0.00	-200.00
1	84	257609	1259	580	1211	568	49.48	0	-0.33	-4.99	0.00	-200.00
1	85	257650	1259	580	1211	559	52.39	0	-0.33	-4.99	0.00	-200.00
1	86	257691	1259	579	1211	552	55.07	0	-0.34	-4.99	0.00	-200.00
1	87	257732	1259	579	1211	543	60.00	0	-0.34	-4.99	0.00	-200.00
1	88	257773	1259	579	1211	536	64.44	0	-0.34	-4.99	0.00	-200.00
1	89	257814	1259	579	1211	526	71.51	0	-0.35	-4.99	-200.00	-200.00
1	90	257855	1259	579	1202	518	83.49	0	-0.35	-4.99	-200.00	-200.00
1	91	257896	1259	578	1194	509	94.79	0	-0.35	-4.99	-200.00	-200.00
1	92	257937	1259	578	1188	503	103.28	0	-0.36	-4.99	-200.00	-200.00
1	93	257977	1259	578	1179	494	116.00	0	-0.36	-4.99	-200.00	-200.00
1	94	258018	1259	578	1170	485	128.72	0	-0.36	-4.99	-200.00	0.00
1	95	258059	1259	578	1163	485	133.66	0	-0.37	-4.99	-200.00	0.00
1	96	258100	1259	577	1154	485	139.60	0	-0.37	-4.99	-200.00	200.00
1	97	258141	1259	577	1145	494	141.01	0	-0.37	-4.99	-200.00	200.00
1	98	258182	1259	577	1138	500	143.42	0	-0.38	-4.99	-200.00	200.00
1	99	258222	1259	577	1130	509	145.83	0	-0.38	-4.99	-200.00	200.00
1	100	258263	1259	577	1121	518	150.08	0	-0.38	-4.99	-200.00	200.00
1	101	258304	1259	576	1113	526	154.32	0	-0.39	-4.99	-200.00	200.00
1	102	258345	1259	576	1104	535	160.33	0	-0.39	-4.98	0.00	200.00
1	103	258386	1259	576	1104	543	158.47	0	-0.39	-4.98	200.00	200.00
1	104	258427	1259	576	1111	550	150.27	0	-0.40	-4.98	200.00	200.00
1	105	258468	1259	575	1119	559	140.91	0	-0.40	-4.98	200.00	200.00
1	106	258509	1259	575	1128	567	131.24	0	-0.40	-4.98	200.00	200.00
1	107	258550	1259	575	1137	576	122.00	0	-0.41	-4.98	200.00	200.00
1	108	258591	1258	575	1145	584	113.36	0	-0.41	-4.98	200.00	200.00
1	109	258632	1258	575	1152	591	107.20	0	-0.41	-4.98	200.00	200.00
1	110	258673	1258	574	1160	600	101.39	0	-0.42	-4.98	200.00	0.00
1	111	258714	1258	574	1169	600	92.72	0	-0.42	-4.98	200.00	0.00
1	112	258755	1258	574	1177	600	85.07	0	-0.42	-4.98	200.00	0.00
1	113	258796	1258	574	1186	600	76.55	0	-0.43	-4.98	200.00	0.00
1	114	258837	1258	574	1192	600	70.94	0	-0.43	-4.98	200.00	0.00
1	115	258878	1258	573	1201	600	63.07	0	-0.43	-4.98	200.00	0.00
1	116	258919	1258	573	1210	600	55.07	0	-0.44	-4.98	0.00	0.00
1	117	258960	1258	573	1210	600	55.07	0	-0.44	-4.98	0.00	0.00
1	118	259001	1258	573	1210	600	55.07	0	-0.45	-4.98	-200.00	0.00
1	119	259042	1258	573	1204	600	60.37	0	-0.45	-4.98	-200.00	0.00
1	120	259083	1258	572	1195	600	68.94	0	-0.45	-4.98	-200.00	0.00
1	121	259124	1258	572	1186	600	77.25	0	-0.45	-4.98	-200.00	0.00
1	122	259165	1258	572	1177	600	85.70	0	-0.46	-4.98	-200.00	0.00
1	123	259206	1258	572	1171	600	91.39	0	-0.46	-4.98	-200.00	0.00
1	124	259247	1258	572	1162	600	100.00	0	-0.46	-4.98	-200.00	0.00
1	125	259288	1258	571	1153	600	108.93	0	-0.47	-4.98	-200.00	0.00
1	126	259329	1258	571	1146	600	115.69	0	-0.47	-4.98	0.00	0.00
1	127	259370	1258	571	1146	600	115.69	0	-0.48	-4.98	0.00	0.00
1	128	259411	1258	571	1146	600	115.69	0	-0.48	-4.98	0.00	0.00
1	129	259452	1258	571	1146	600	115.69	0	-0.48	-4.98	0.00	0.00
1	130	259493	1258	570	1146	600	115.95	0	-0.49	-4.98	0.00	0.00
1	131	259534	1258	570	1146	600	115.95	0	-0.49	-4.98	200.00	0.00
1	132	259575	1258	570	1155	600	107.28	0	-0.49	-4.98	200.00	0.00
1	133	259616	1258	570	1164	600	98.67	0	-0.50	-4.98	200.00	0.00
1	134	259657	1258	570	1170	600	92.97	0	-0.50	-4.98	200.00	0.00
1	135	259698	1258	569	1179	600	84.86	0	-0.50	-4.97	200.00	-200.00
1	136	259739	1258	569	1188	591	73.38	0	-0.51	-4.97	0.00	0.00
1	137	259780	1258	569	1188	591	73.38	0	-0.51	-4.97	0.00	0.00
1	138	259822	1258	569	1188	591	73.38	0	-0.51	-4.97	0.00	0.00
1	139	259862	1258	569	1188	591	73.38	0	-0.52	-4.97	0.00	0.00
1	140	259903	1258	568	1188	591	73.68	0	-0.52	-4.97	0.00	0.00
1	141	259944	1258	568	1188	591	73.68	0	-0.52	-4.97	0.00	0.00
1	142	259985	1258	568	1188	591	73.68	0	-0.53	-4.97	0.00	0.00
1	143	260026	1258	568	1188	591	73.68	0	-0.53	-4.97	0.00	-200.00
1	144	260067	1258	568	1188	584	71.81	0	-0.53	-4.97	0.00	-200.00
1	145	260108	1258	567	1188	576	70.58	0	-0.54	-4.97	0.00	-200.00
1	146	260149	1258	567	1188	567	70.00	0	-0.54	-4.97	0.00	-200.00
1	147	260190	1258	567	1188	559	70.46	0	-0.54	-4.97	0.00	-200.00
1	148	260231	1258	567	1188	550	72.03	0	-0.55	-4.97	0.00	0.00
1	149	260272	1258	566	1188	550	71.81	0	-0.55	-4.97	0.00	0.00
1	150	260312	1258	566	1188	550	71.81	0	-0.55	-4.97	0.00	0.00
1	151	260353	1258	566	1188	550	71.81	0	-0.56	-4.97	0.00	0.00
1	152	260394	1258	566	1188	550	71.81	0	-0.56	-4.97	0.00	0.00
1	153	260435	1258	566	1188	550	71.81	0	-0.56	-4.97	200.00	0.00
1	154	260475	1258	565	1197	550	62.82	0	-0.57	-4.97	200.00	200.00
1	155	260516	1258	565	1204	557	54.59	0	-0.57	-4.97	200.00	200.00
1	156	260557	1258	565	1214	566	44.01	0	-0.57	-4.97	200.00	0.00
1	157	260598	1257	565	1221	566	36.01	0	-0.58	-4.97	0.00	0.00
1	158	260638	1257	565	1221	566	36.01	0	-0.58	-4.97	0.00	0.00
1	159	260678	1257	564	1221	566	36.06	0	-0.58	-4.97	0.00	0.00
1	160	260719	1257	564	1221	566	36.06	0	-0.59	-4.97	0.00	0.00
1	161	260760	1257	564	1221	566	36.06	0	-0.59	-4.96	0.00	0.00
1	162	260801	1257	564	1221	566	36.06	0	-0.59	-4.96	0.00	0.00
1	163	260841	1257	564	1221	566	36.06	0	-0.60	-4.96	200.00	0.00
1	164	260881	1257	563	1229	566	28.16	0	-0.60	-4.96	200.00	0.00
1	165	260921	1257	563	1238	566	19.24	0	-0.60	-4.96	200.00	0.00
1	166	260962	1257	563	1247	566	10.44	0	-0.61	-4.96	200.00	0.00
1	167	261003	1257	563	1254	566	4.24	1	-0.61	-4.96	0.00	0.00
1	168	261044	1257	563	1254	566	4.24	1	-0.62	-4.96	0.00	0.00
1	169	261085	1257	562	1254	566	5.00	1	-0.62	-4.96	0.00	0.00
1	170	261125	1257	562	1254	566	5.00	1	-0.62	-4.96	0.00	0.00
1	171	261166	1257	562	1254	566	5.00	1	-0.62	-4.96	0.00	0.00
1	172	261207	1257	562	1254	566	5.00	1	-0.63	-4.96	0.00	0.00
1	173	261248	1257	562	1254	566	5.00	1	-0.63	-4.96	0.00	0.00
1	174	261289	1257	561	1254	566	5.83	1	-0.64	-4.96	0.00	0.00
1	175	261329	1257	561	1254	566	5.83	1	-0.64	-4.96	0.00	0.00
1	176	261370	1257	561	1254	566	5.83	1	-0.64	-4.96	0.00	0.00
1	177	261411	1257	561	1254	566	5.83	1	-0.65	-4.96	0.00	0.00
1	178	261451	1257	561	1254	566	5.83	1	-0.65	-4.96	0.00	0.00
1	179	261492	1257	560	1254	566	6.71	1	-0.65	-4.96	0.00	0.00
1	180	261533	1257	560	1254	566	6.71	1	-0.66	-4.96	0.00	0.00
1	181	261574	1257	560	1254	566	6.71	1	-0.66	-4.96	-200.00	-200.00
1	182	261615	1257	560	1247	559	10.05	0	-0.66	-4.96	-200.00	-200.00
1	183	261656	1257	560	1238	550	21.47	0	-0.67	-4.96	-200.00	-200.00
1	184	261697	1257	559	1231	543	30.53	0	-0.67	-4.96	-200.00	-200.00
1	185	261738	1257	559	1222	534	43.01	0	-0.67	-4.95	0.00	0.00
1	186	261779	1257	559	1222	534	43.01	0	-0.68	-4.95	0.00	0.00
1	187	261820	1257	559	1222	534	43.01	0	-0.68	-4.95	0.00	0.00
1	188	261861	1257	559	1222	534	43.01	0	-0.68	-4.95	0.00	0.00
1	189	261902	1257	558	1222	534	42.44	0	-0.69	-4.95	0.00	0.00
1	190	261943	1257	558	1222	534	42.44	0	-0.69	-4.95	200.00	200.00
1	191	261983	1257	558	1229	541	32.76	0	-0.69	-4.95	200.00	200.00
1	192	262024	1257	558	1238	550	20.62	0	-0.70	-4.95	200.00	200.00
1	193	262064	1257	558	1246	558	11.00	0	-0.70	-4.95	200.00	200.00
1	194	262105	1257	557	1255	567	10.20	0	-0.70	-4.95	200.00	200.00
1	195	262146	1256	557	1263	575	19.31	0	-0.71	-4.95	0.00	0.00
1	196	262187	1256	557	1263	575	19.31	0	-0.71	-4.95	0.00	0.00
1	197	262228	1256	557	1263	575	19.31	0	-0.71	-4.95	0.00	0.00
1	198	262269	1256	557	1263	575	19.31	0	-0.72	-4.95	0.00	0.00
1	199	262310	1256	556	1263	575	20.25	0	-0.72	-4.95	0.00	0.00
1	200	262351	1256	556	1263	575	20.25	0	-0.72	-4.95	0.00	0.00
1	201	262392	1256	556	1263	575	20.25	0	-0.73	-4.95	0.00	-200.00
1	202	262432	1256	556	1263	567	13.04	0	-0.73	-4.95	0.00	-200.00
1	203	262473	1256	555	1263	558	7.62	1	-0.73	-4.95	0.00	0.00
1	204	262514	1256	555	1263	558	7.62	1	-0.74	-4.95	0.00	0.00
1	205	262555	1256	555	1263	558	7.62	1	-0.74	-4.94	0.00	0.00
1	206	262596	1256	555	1263	558	7.62	1	-0.74	-4.94	0.00	0.00
1	207	262637	1256	555	1263	558	7.62	1	-0.75	-4.94	0.00	0.00
1	208	262678	1256	554	1263	558	8.06	1	-0.75	-4.94	0.00	0.00
1	209	262719	1256	554	1263	558	8.06	1	-0.75	-4.94	0.00	0.00
1	210	262760	1256	554	1263	558	8.06	1	-0.76	-4.94	0.00	0.00
1	211	262801	1256	554	1263	558	8.06	1	-0.76	-4.94	0.00	0.00
1	212	262842	1256	554	1263	558	8.06	1	-0.76	-4.94	0.00	0.00
1	213	262883	1256	553	1263	558	8.60	1	-0.77	-4.94	0.00	0.00
1	214	262924	1256	553	1263	558	8.60	1	-0.77	-4.94	0.00	0.00
1	215	262965	1256	553	1263	558	8.60	1	-0.77	-4.94	0.00	0.00
1	216	263006	1256	553	1263	558	8.60	1	-0.78	-4.94	0.00	0.00
1	217	263046	1256	553	1263	558	8.60	1	-0.78	-4.94	0.00	0.00
1	218	263087	1256	552	1263	558	9.22	1	-0.78	-4.94	0.00	0.00
1	219	263127	1256	552	1263	558	9.22	1	-0.79	-4.94	0.00	0.00
1	220	263168	1256	552	1263	558	9.22	1	-0.79	-4.94	0.00	0.00
1	221	263209	1256	552	1263	558	9.22	1	-0.79	-4.94	0.00	0.00
1	222	263250	1256	552	1263	558	9.22	1	-0.80	-4.94	0.00	0.00
1	223	263291	1256	551	1263	558	9.90	1	-0.80	-4.94	-200.00	-200.00
1	224	263332	1256	551	1257	552	1.41	1	-0.80	-4.93	-200.00	-200.00
1	225	263372	1256	551	1248	543	11.31	0	-0.81	-4.93	-200.00	-200.00
1	226	263413	1256	551	1238	533	25.46	0	-0.81	-4.93	-200.00	-200.00
1	227	263454	1255	551	1231	526	34.66	0	-0.81	-4.93	-200.00	-200.00
1	228	263495	1255	550	1222	517	46.67	0	-0.82	-4.93	0.00	0.00
1	229	263536	1255	550	1222	517	46.67	0	-0.82	-4.93	0.00	0.00
1	230	263577	1255	550	1222	517	46.67	0	-0.82	-4.93	0.00	0.00
1	231	263618	1255	550	1222	517	46.67	0	-0.83	-4.93	0.00	0.00
1	232	263659	1255	550	1222	517	46.67	0	-0.83	-4.93	0.00	0.00
1	233	263699	1255	549	1222	517	45.97	0	-0.83	-4.93	200.00	200.00
1	234	263740	1255	549	1231	525	33.94	0	-0.84	-4.93	200.00	200.00
1	235	263781	1255	549	1237	532	24.76	0	-0.84	-4.93	200.00	200.00
1	236	263822	1255	549	1246	541	12.04	0	-0.84	-4.93	200.00	200.00
1	237	263863	1255	549	1254	549	1.00	1	-0.85	-4.93	0.00	0.00
1	238	263904	1255	548	1254	549	1.41	1	-0.85	-4.93	0.00	0.00
1	239	263945	1255	548	1254	549	1.41	1	-0.85	-4.93	0.00	0.00
1	240	263986	1255	548	1254	549	1.41	1	-0.86	-4.93	0.00	0.00
1	241	264026	1255	548	1254	549	1.41	1	-0.86	-4.93	0.00	0.00
1	242	264067	1255	548	1254	549	1.41	1	-0.87	-4.92	0.00	0.00
1	243	264108	1255	547	1254	549	2.24	1	-0.87	-4.92	0.00	0.00
1	244	264149	1255	547	1254	549	2.24	1	-0.87	-4.92	0.00	0.00
1	245	264190	1255	547	1254	549	2.24	1	-0.87	-4.92	0.00	0.00
1	246	264231	1255	547	1254	549	2.24	1	-0.88	-4.92	0.00	0.00
1	247	264272	1255	547	1254	549	2.24	1	-0.88	-4.92	0.00	0.00
1	248	264313	1255	546	1254	549	3.16	1	-0.88	-4.92	0.00	0.00
1	249	264354	1255	546	1254	549	3.16	1	-0.89	-4.92	-200.00	-200.00
1	250	264395	1255	546	1245	540	11.66	0	-0.89	-4.92	-200.00	-200.00
1	251	264436	1255	546	1238	533	21.40	0	-0.89	-4.92	200.00	0.00
1	252	264477	1255	546	1247	533	15.26	0	-0.90	-4.92	0.00	0.00
1	253	264518	1255	545	1247	533	14.42	0	-0.90	-4.92	0.00	0.00
1	254	264559	1255	545	1247	533	14.42	0	-0.91	-4.92	0.00	0.00
1	255	264600	1255	545	1247	533	14.42	0	-0.91	-4.92	0.00	0.00
1	256	264640	1254	545	1247	533	13.89	0	-0.91	-4.92	0.00	0.00
1	257	264681	1254	545	1247	533	13.89	0	-0.92	-4.92	0.00	0.00
1	258	264722	1254	544	1247	533	13.04	0	-0.92	-4.91	200.00	0.00
1	259	264763	1254	544	1256	533	11.18	0	-0.92	-4.91	200.00	200.00
1	260	264803	1254	544	1264	542	10.20	0	-0.93	-4.91	200.00	200.00
1	261	264844	1254	544	1274	551	21.19	0	-0.93	-4.91	0.00	0.00
1	262	264885	1254	544	1274	551	21.19	0	-0.93	-4.91	0.00	0.00
1	263	264926	1254	543	1274	551	21.54	0	-0.94	-4.91	0.00	0.00
1	264	264966	1254	543	1274	551	21.54	0	-0.94	-4.91	0.00	0.00
1	265	265006	1254	543	1274	551	21.54	0	-0.94	-4.91	0.00	0.00
1	266	265047	1254	543	1274	551	21.54	0	-0.95	-4.91	0.00	0.00
1	267	265087	1254	543	1274	551	21.54	0	-0.95	-4.91	0.00	0.00
1	268	265128	1254	542	1274	551	21.93	0	-0.95	-4.91	-200.00	0.00
1	269	265169	1254	542	1265	551	14.21	0	-0.96	-4.91	-200.00	-200.00
1	270	265210	1254	542	1256	543	2.24	1	-0.96	-4.91	200.00	0.00
1	271	265251	1254	542	1265	543	11.05	0	-0.96	-4.91	0.00	0.00
1	272	265291	1254	542	1265	543	11.05	0	-0.97	-4.91	0.00	0.00
1	273	265332	1254	541	1265	543	11.18	0	-0.97	-4.91	0.00	0.00
1	274	265373	1254	541	1265	543	11.18	0	-0.97	-4.90	0.00	0.00
1	275	265414	1254	541	1265	543	11.18	0	-0.98	-4.90	0.00	0.00
1	276	265455	1254	541	1265	543	11.18	0	-0.98	-4.90	0.00	0.00
1	277	265495	1254	541	1265	543	11.18	0	-0.98	-4.90	0.00	0.00
1	278	265536	1254	540	1265	543	11.40	0	-0.99	-4.90	0.00	0.00
1	279	265577	1254	540	1265	543	11.40	0	-0.99	-4.90	0.00	0.00
1	280	265618	1254	540	1265	543	11.40	0	-0.99	-4.90	0.00	0.00
1	281	265659	1253	540	1265	543	12.37	0	-1.00	-4.90	0.00	0.00
1	282	265700	1253	540	1265	543	12.37	0	-1.00	-4.90	0.00	0.00
1	283	265741	1253	539	1265	543	12.65	0	-1.00	-4.90	0.00	0.00
1	284	265782	1253	539	1265	543	12.65	0	-1.01	-4.90	0.00	0.00
1	285	265823	1253	539	1265	543	12.65	0	-1.01	-4.90	0.00	0.00
1	286	265863	1253	539	1265	543	12.65	0	-1.01	-4.90	0.00	0.00
1	287	265904	1253	539	1265	543	12.65	0	-1.02	-4.90	0.00	-200.00
1	288	265945	1253	538	1265	536	12.17	0	-1.02	-4.90	0.00	-200.00
1	289	265985	1253	538	1265	527	16.28	0	-1.02	-4.89	0.00	-200.00
1	290	266026	1253	538	1265	518	23.32	0	-1.03	-4.89	0.00	-200.00
1	291	266067	1253	538	1265	512	28.64	0	-1.03	-4.89	0.00	0.00
1	292	266108	1253	538	1265	512	28.64	0	-1.03	-4.89	0.00	0.00
1	293	266149	1253	537	1265	512	27.73	0	-1.04	-4.89	0.00	0.00
1	294	266189	1253	537	1265	512	27.73	0	-1.04	-4.89	0.00	0.00
1	295	266230	1253	537	1265	512	27.73	0	-1.04	-4.89	0.00	0.00
1	296	266270	1253	537	1265	512	27.73	0	-1.05	-4.89	0.00	200.00
1	297	266311	1253	537	1265	518	22.47	0	-1.05	-4.89	0.00	200.00
1	298	266352	1253	536	1265	527	15.00	0	-1.05	-4.89	0.00	200.00
1	299	266392	1253	536	1265	536	12.00	0	-1.06	-4.89	0.00	200.00
1	300	266433	1253	536	1265	544	14.42	0	-1.06	-4.89	0.00	0.00
1	301	266474	1253	536	1265	544	14.42	0	-1.06	-4.89	0.00	0.00
1	302	266515	1253	536	1265	544	14.42	0	-1.07	-4.89	0.00	0.00
1	303	266556	1253	535	1265	544	15.00	0	-1.07	-4.88	0.00	0.00
1	304	266596	1253	535	1265	544	15.00	0	-1.07	-4.88	0.00	0.00
1	305	266636	1252	535	1265	544	15.81	0	-1.08	-4.88	0.00	0.00
1	306	266677	1252	535	1265	544	15.81	0	-1.08	-4.88	-200.00	-200.00
1	307	266718	1252	535	1258	537	6.32	1	-1.08	-4.88	-200.00	-200.00
1	308	266759	1252	534	1248	528	7.21	1	-1.09	-4.88	-200.00	-200.00
1	309	266800	1252	534	1242	521	16.40	0	-1.09	-4.88	0.00	0.00
1	310	266841	1252	534	1242	521	16.40	0	-1.09	-4.88	0.00	0.00
1	311	266882	1252	534	1242	521	16.40	0	-1.10	-4.88	0.00	0.00
1	312	266922	1252	534	1242	521	16.40	0	-1.10	-4.88	0.00	0.00
1	313	266963	1252	533	1242	521	15.62	0	-1.10	-4.88	0.00	0.00
1	314	267004	1252	533	1242	521	15.62	0	-1.11	-4.88	0.00	0.00
1	315	267045	1252	533	1242	521	15.62	0	-1.11	-4.88	0.00	0.00
1	316	267086	1252	533	1242	521	15.62	0	-1.11	-4.87	0.00	0.00
1	317	267127	1252	533	1242	521	15.62	0	-1.12	-4.87	200.00	200.00
1	318	267168	1252	532	1250	530	2.83	1	-1.12	-4.87	200.00	200.00
1	319	267208	1252	532	1259	538	9.22	1	-1.12	-4.87	0.00	0.00
1	320	267249	1252	532	1259	538	9.22	1	-1.13	-4.87	0.00	0.00
1	321	267290	1252	532	1259	538	9.22	1	-1.13	-4.87	0.00	0.00
1	322	267331	1252	532	1259	538	9.22	1	-1.13	-4.87	0.00	0.00
1	323	267372	1252	531	1259	538	9.90	1	-1.14	-4.87	0.00	0.00
1	324	267413	1252	531	1259	538	9.90	1	-1.14	-4.87	0.00	0.00
1	325	267454	1252	531	1259	538	9.90	1	-1.14	-4.87	0.00	0.00
1	326	267495	1252	531	1259	538	9.90	1	-1.15	-4.87	-200.00	0.00
1	327	267536	1251	531	1253	538	7.28	1	-1.15	-4.87	-200.00	0.00
1	328	267576	1251	530	1244	538	10.63	0	-1.15	-4.87	0.00	0.00
1	329	267617	1251	530	1244	538	10.63	0	-1.16	-4.86	0.00	0.00
1	330	267658	1251	530	1244	538	10.63	0	-1.16	-4.86	0.00	0.00
1	331	267699	1251	530	1244	538	10.63	0	-1.16	-4.86	0.00	0.00
1	332	267740	1251	530	1244	538	10.63	0	-1.17	-4.86	0.00	0.00
1	333	267781	1251	529	1244	538	11.40	0	-1.17	-4.86	0.00	0.00
1	334	267822	1251	529	1244	538	11.40	0	-1.17	-4.86	0.00	0.00
1	335	267862	1251	529	1244	538	11.40	0	-1.18	-4.86	0.00	0.00
1	336	267903	1251	529	1244	538	11.40	0	-1.18	-4.86	0.00	0.00
1	337	267943	1251	529	1244	538	11.40	0	-1.18	-4.86	0.00	0.00
1	338	267984	1251	528	1244	538	12.21	0	-1.19	-4.86	0.00	-200.00
1	339	268024	1251	528	1244	530	7.28	1	-1.19	-4.86	0.00	0.00
1	340	268065	1251	528	1244	530	7.28	1	-1.19	-4.86	0.00	0.00
1	341	268106	1251	528	1244	530	7.28	1	-1.20	-4.85	0.00	0.00
1	342	268146	1251	528	1244	530	7.28	1	-1.20	-4.85	0.00	0.00
1	343	268186	1251	527	1244	530	7.62	1	-1.20	-4.85	0.00	0.00
1	344	268227	1251	527	1244	530	7.62	1	-1.21	-4.85	0.00	0.00
1	345	268268	1251	527	1244	530	7.62	1	-1.21	-4.85	0.00	0.00
1	346	268309	1251	527	1244	530	7.62	1	-1.21	-4.85	0.00	0.00
1	347	268349	1250	527	1244	530	6.71	1	-1.22	-4.85	0.00	0.00
1	348	268389	1250	526	1244	530	7.21	1	-1.22	-4.85	0.00	0.00
1	349	268430	1250	526	1244	530	7.21	1	-1.22	-4.85	0.00	0.00
1	350	268471	1250	526	1244	530	7.21	1	-1.23	-4.85	0.00	0.00
1	351	268512	1250	526	1244	530	7.21	1	-1.23	-4.85	0.00	0.00
1	352	268553	1250	526	1244	530	7.21	1	-1.23	-4.85	0.00	0.00
1	353	268594	1250	525	1244	530	7.81	1	-1.24	-4.84	0.00	0.00
1	354	268634	1250	525	1244	530	7.81	1	-1.24	-4.84	0.00	0.00
1	355	268675	1250	525	1244	530	7.81	1	-1.24	-4.84	0.00	0.00
1	356	268715	1250	525	1244	530	7.81	1	-1.25	-4.84	0.00	0.00
1	357	268756	1250	525	1244	530	7.81	1	-1.25	-4.84	0.00	0.00
1	358	268797	1250	524	1244	530	8.49	1	-1.25	-4.84	0.00	0.00
1	359	268837	1250	524	1244	530	8.49	1	-1.26	-4.84	0.00	0.00
1	360	268878	1250	524	1244	530	8.49	1	-1.26	-4.84	200.00	0.00
1	361	268919	1250	524	1250	530	6.00	1	-1.26	-4.84	200.00	0.00
1	362	268960	1250	524	1259	530	10.82	0	-1.27	-4.84	200.00	-200.00
1	363	269001	1250	523	1268	521	18.11	0	-1.27	-4.84	200.00	-200.00
1	364	269042	1250	523	1277	512	29.15	0	-1.27	-4.84	0.00	0.00
1	365	269083	1250	523	1277	512	29.15	0	-1.28	-4.83	0.00	0.00
1	366	269124	1250	523	1277	512	29.15	0	-1.28	-4.83	0.00	0.00
1	367	269164	1249	523	1277	512	30.08	0	-1.28	-4.83	0.00	0.00
1	368	269205	1249	522	1277	512	29.73	0	-1.29	-4.83	0.00	0.00
1	369	269246	1249	522	1277	512	29.73	0	-1.29	-4.83	0.00	0.00
1	370	269287	1249	522	1277	512	29.73	0	-1.29	-4.83	-200.00	0.00
1	371	269328	1249	522	1268	512	21.47	0	-1.30	-4.83	-200.00	0.00
1	372	269369	1249	522	1262	512	16.40	0	-1.30	-4.83	0.00	0.00
1	373	269410	1249	521	1262	512	15.81	0	-1.30	-4.83	0.00	0.00
1	374	269451	1249	521	1262	512	15.81	0	-1.31	-4.83	0.00	0.00
1	375	269491	1249	521	1262	512	15.81	0	-1.31	-4.83	0.00	0.00
1	376	269532	1249	521	1262	512	15.81	0	-1.31	-4.82	0.00	0.00
1	377	269573	1249	521	1262	512	15.81	0	-1.32	-4.82	0.00	0.00
1	378	269614	1249	520	1262	512	15.26	0	-1.32	-4.82	0.00	0.00
1	379	269655	1249	520	1262	512	15.26	0	-1.32	-4.82	0.00	0.00
1	380	269696	1249	520	1262	512	15.26	0	-1.32	-4.82	0.00	0.00
1	381	269736	1249	520	1262	512	15.26	0	-1.33	-4.82	0.00	0.00
1	382	269777	1249	520	1262	512	15.26	0	-1.33	-4.82	0.00	0.00
1	383	269817	1249	519	1262	512	14.76	0	-1.33	-4.82	0.00	0.00
1	384	269858	1249	519	1262	512	14.76	0	-1.34	-4.82	0.00	0.00
1	385	269899	1249	519	1262	512	14.76	0	-1.34	-4.82	0.00	0.00
1	386	269940	1248	519	1262	512	15.65	0	-1.34	-4.82	-200.00	0.00
1	387	269981	1248	519	1253	512	8.60	1	-1.35	-4.81	-200.00	0.00
1	388	270022	1248	518	1247	512	6.08	1	-1.35	-4.81	0.00	0.00
1	389	270063	1248	518	1247	512	6.08	1	-1.35	-4.81	0.00	0.00
1	390	270104	1248	518	1247	512	6.08	1	-1.36	-4.81	0.00	0.00
1	391	270145	1248	518	1247	512	6.08	1	-1.36	-4.81	0.00	0.00
1	392	270185	1248	518	1247	512	6.08	1	-1.36	-4.81	0.00	0.00
1	393	270226	1248	517	1247	512	5.10	1	-1.37	-4.81	0.00	0.00
1	394	270266	1248	517	1247	512	5.10	1	-1.37	-4.81	0.00	0.00
1	395	270307	1248	517	1247	512	5.10	1	-1.37	-4.81	0.00	0.00
1	396	270348	1248	517	1247	512	5.10	1	-1.38	-4.81	0.00	0.00
1	397	270389	1248	517	1247	512	5.10	1	-1.38	-4.81	0.00	0.00
1	398	270429	1248	516	1247	512	4.12	1	-1.38	-4.80	0.00	0.00
1	399	270470	1248	516	1247	512	4.12	1	-1.39	-4.80	0.00	0.00
1	400	270511	1248	516	1247	512	4.12	1	-1.39	-4.80	0.00	0.00
1	401	270552	1248	516	1247	512	4.12	1	-1.39	-4.80	0.00	0.00
1	402	270593	1248	516	1247	512	4.12	1	-1.40	-4.80	0.00	0.00
1	403	270634	1247	515	1247	512	3.00	1	-1.40	-4.80	0.00	0.00
1	404	270675	1247	515	1247	512	3.00	1	-1.40	-4.80	0.00	0.00
1	405	270716	1247	515	1247	512	3.00	1	-1.41	-4.80	0.00	0.00
1	406	270757	1247	515	1247	512	3.00	1	-1.41	-4.80	0.00	0.00
1	407	270798	1247	515	1247	512	3.00	1	-1.41	-4.80	0.00	0.00
1	408	270839	1247	514	1247	512	2.00	1	-1.42	-4.79	0.00	0.00
1	409	270880	1247	514	1247	512	2.00	1	-1.42	-4.79	0.00	0.00
1	410	270921	1247	514	1247	512	2.00	1	-1.42	-4.79	0.00	0.00
1	411	270962	1247	514	1247	512	2.00	1	-1.43	-4.79	0.00	0.00
1	412	271003	1247	514	1247	512	2.00	1	-1.43	-4.79	0.00	0.00
1	413	271044	1247	514	1247	512	2.00	1	-1.43	-4.79	0.00	0.00
1	414	271085	1247	513	1247	512	1.00	1	-1.44	-4.79	0.00	0.00
1	415	271126	1247	513	1247	512	1.00	1	-1.44	-4.79	0.00	0.00
1	416	271167	1247	513	1247	512	1.00	1	-1.44	-4.79	0.00	0.00
1	417	271208	1247	513	1247	512	1.00	1	-1.45	-4.79	0.00	0.00
1	418	271249	1247	512	1247	512	0.00	1	-1.45	-4.79	0.00	0.00
1	419	271289	1247	512	1247	512	0.00	1	-1.45	-4.78	0.00	0.00
1	420	271330	1246	512	1247	512	1.00	1	-1.46	-4.78	0.00	0.00
1	421	271371	1246	512	1247	512	1.00	1	-1.46	-4.78	0.00	0.00
1	422	271411	1246	512	1247	512	1.00	1	-1.46	-4.78	0.00	0.00
1	423	271452	1246	512	1247	512	1.00	1	-1.47	-4.78	0.00	0.00
1	424	271493	1246	511	1247	512	1.41	1	-1.47	-4.78	0.00	0.00
1	425	271534	1246	511	1247	512	1.41	1	-1.47	-4.78	0.00	0.00
1	426	271575	1246	511	1247	512	1.41	1	-1.48	-4.78	0.00	0.00
1	427	271616	1246	511	1247	512	1.41	1	-1.48	-4.78	0.00	0.00
1	428	271657	1246	511	1247	512	1.41	1	-1.48	-4.78	0.00	0.00
1	429	271698	1246	510	1247	512	2.24	1	-1.49	-4.77	0.00	0.00
1	430	271738	1246	510	1247	512	2.24	1	-1.49	-4.77	0.00	0.00
1	431	271779	1246	510	1247	512	2.24	1	-1.49	-4.77	0.00	0.00
1	432	271820	1246	510	1247	512	2.24	1	-1.50	-4.77	0.00	0.00
1	433	271860	1246	510	1247	512	2.24	1	-1.50	-4.77	0.00	0.00
1	434	271901	1246	509	1247	512	3.16	1	-1.50	-4.77	0.00	0.00
1	435	271942	1246	509	1247	512	3.16	1	-1.51	-4.77	0.00	0.00
1	436	271983	1246	509	1247	512	3.16	1	-1.51	-4.77	0.00	0.00
1	437	272024	1245	509	1247	512	3.61	1	-1.51	-4.77	0.00	0.00
1	438	272064	1245	509	1247	512	3.61	1	-1.51	-4.77	0.00	0.00
1	439	272105	1245	508	1247	512	4.47	1	-1.52	-4.76	0.00	0.00
1	440	272146	1245	508	1247	512	4.47	1	-1.52	-4.76	0.00	0.00
1	441	272187	1245	508	1247	512	4.47	1	-1.52	-4.76	0.00	0.00
1	442	272228	1245	508	1247	512	4.47	1	-1.53	-4.76	0.00	0.00
1	443	272269	1245	508	1247	512	4.47	1	-1.53	-4.76	0.00	0.00
1	444	272310	1245	507	1247	512	5.39	1	-1.53	-4.76	0.00	0.00
1	445	272351	1245	507	1247	512	5.39	1	-1.54	-4.76	0.00	0.00
1	446	272391	1245	507	1247	512	5.39	1	-1.54	-4.76	0.00	0.00
1	447	272432	1245	507	1247	512	5.39	1	-1.54	-4.76	0.00	0.00
1	448	272473	1245	507	1247	512	5.39	1	-1.55	-4.75	0.00	0.00
1	449	272514	1245	506	1247	512	6.32	1	-1.55	-4.75	0.00	0.00
1	450	272555	1245	506	1247	512	6.32	1	-1.55	-4.75	0.00	0.00
1	451	272596	1245	506	1247	512	6.32	1	-1.56	-4.75	0.00	0.00
1	452	272637	1245	506	1247	512	6.32	1	-1.56	-4.75	0.00	0.00
1	453	272677	1244	506	1247	512	6.71	1	-1.56	-4.75	-200.00	-200.00
1	454	272718	1244	505	1238	504	6.08	1	-1.57	-4.75	-200.00	-200.00
1	455	272759	1244	505	1230	495	17.20	0	-1.57	-4.75	-200.00	0.00
1	456	272800	1244	505	1221	495	25.08	0	-1.57	-4.75	0.00	0.00
1	457	272841	1244	505	1221	495	25.08	0	-1.58	-4.74	0.00	0.00
1	458	272882	1244	505	1221	495	25.08	0	-1.58	-4.74	0.00	0.00
1	459	272923	1244	504	1221	495	24.70	0	-1.58	-4.74	0.00	0.00
1	460	272964	1244	504	1221	495	24.70	0	-1.59	-4.74	0.00	0.00
1	461	273004	1244	504	1221	495	24.70	0	-1.59	-4.74	0.00	0.00
1	462	273045	1244	504	1221	495	24.70	0	-1.59	-4.74	0.00	0.00
1	463	273086	1244	504	1221	495	24.70	0	-1.60	-4.74	200.00	0.00
1	464	273126	1244	504	1228	495	18.36	0	-1.60	-4.74	200.00	0.00
1	465	273167	1244	503	1236	495	11.31	0	-1.60	-4.74	200.00	0.00
1	466	273208	1244	503	1245	495	8.06	1	-1.61	-4.74	0.00	0.00
1	467	273249	1244	503	1245	495	8.06	1	-1.61	-4.73	0.00	0.00
1	468	273290	1243	503	1245	495	8.25	1	-1.61	-4.73	0.00	0.00
1	469	273330	1243	503	1245	495	8.25	1	-1.62	-4.73	0.00	0.00
1	470	273371	1243	502	1245	495	7.28	1	-1.62	-4.73	0.00	0.00
1	471	273412	1243	502	1245	495	7.28	1	-1.62	-4.73	0.00	0.00
1	472	273453	1243	502	1245	495	7.28	1	-1.63	-4.73	0.00	0.00
1	473	273494	1243	502	1245	495	7.28	1	-1.63	-4.73	0.00	200.00
1	474	273535	1243	502	1245	502	2.00	1	-1.63	-4.73	0.00	0.00
1	475	273576	1243	501	1245	502	2.24	1	-1.64	-4.72	0.00	0.00
1	476	273617	1243	501	1245	502	2.24	1	-1.64	-4.72	0.00	0.00
1	477	273658	1243	501	1245	502	2.24	1	-1.64	-4.72	0.00	0.00
1	478	273699	1243	501	1245	502	2.24	1	-1.64	-4.72	0.00	0.00
1	479	273740	1243	501	1245	502	2.24	1	-1.65	-4.72	0.00	0.00
1	480	273781	1243	500	1245	502	2.83	1	-1.65	-4.72	0.00	200.00
1	481	273821	1243	500	1245	511	11.18	0	-1.65	-4.72	0.00	200.00
1	482	273862	1243	500	1245	520	20.10	0	-1.66	-4.72	0.00	0.00
1	483	273903	1242	500	1245	520	20.22	0	-1.66	-4.72	0.00	0.00
1	484	273944	1242	500	1245	520	20.22	0	-1.66	-4.72	0.00	0.00
1	485	273984	1242	499	1245	520	21.21	0	-1.67	-4.71	0.00	0.00
1	486	274025	1242	499	1245	520	21.21	0	-1.67	-4.71	0.00	0.00
1	487	274066	1242	499	1245	520	21.21	0	-1.67	-4.71	0.00	0.00
1	488	274107	1242	499	1245	520	21.21	0	-1.68	-4.71	0.00	0.00
1	489	274148	1242	499	1245	520	21.21	0	-1.68	-4.71	0.00	-200.00
1	490	274189	1242	499	1245	511	12.37	0	-1.68	-4.71	0.00	-200.00
1	491	274229	1242	498	1245	503	5.83	1	-1.69	-4.71	0.00	-200.00
1	492	274270	1242	498	1245	494	5.00	1	-1.69	-4.71	0.00	0.00
1	493	274311	1242	498	1245	494	5.00	1	-1.69	-4.70	0.00	0.00
1	494	274351	1242	498	1245	494	5.00	1	-1.70	-4.70	0.00	0.00
1	495	274392	1242	498	1245	494	5.00	1	-1.70	-4.70	0.00	0.00
1	496	274433	1242	497	1245	494	4.24	1	-1.70	-4.70	0.00	0.00
1	497	274474	1242	497	1245	494	4.24	1	-1.71	-4.70	0.00	0.00
1	498	274515	1241	497	1245	494	5.00	1	-1.71	-4.70	0.00	0.00
1	499	274556	1241	497	1245	494	5.00	1	-1.71	-4.70	0.00	0.00
1	500	274597	1241	497	1245	494	5.00	1	-1.72	-4.70	0.00	0.00
1	501	274637	1241	496	1245	494	4.47	1	-1.72	-4.70	0.00	0.00
1	502	274678	1241	496	1245	494	4.47	1	-1.72	-4.69	0.00	0.00
1	503	274719	1241	496	1245	494	4.47	1	-1.72	-4.69	0.00	0.00
1	504	274760	1241	496	1245	494	4.47	1	-1.73	-4.69	0.00	0.00
1	505	274801	1241	496	1245	494	4.47	1	-1.73	-4.69	0.00	0.00
1	506	274842	1241	495	1245	494	4.12	1	-1.74	-4.69	0.00	0.00
1	507	274883	1241	495	1245	494	4.12	1	-1.74	-4.69	0.00	0.00
1	508	274924	1241	495	1245	494	4.12	1	-1.74	-4.69	0.00	0.00
1	509	274965	1241	495	1245	494	4.12	1	-1.74	-4.69	0.00	0.00
1	510	275006	1241	495	1245	494	4.12	1	-1.75	-4.68	0.00	0.00
1	511	275047	1241	494	1245	494	4.00	1	-1.75	-4.68	0.00	0.00
1	512	275088	1240	494	1245	494	5.00	1	-1.75	-4.68	0.00	0.00
1	513	275128	1240	494	1245	494	5.00	1	-1.76	-4.68	0.00	200.00
1	514	275169	1240	494	1245	502	9.43	1	-1.76	-4.68	0.00	200.00
1	515	275210	1240	494	1245	509	15.81	0	-1.76	-4.68	-200.00	200.00
1	516	275251	1240	494	1236	518	24.33	0	-1.77	-4.68	-200.00	200.00
1	517	275291	1240	493	1228	526	35.11	0	-1.77	-4.68	200.00	0.00
1	518	275332	1240	493	1237	526	33.14	0	-1.77	-4.67	0.00	0.00
1	519	275373	1240	493	1237	526	33.14	0	-1.78	-4.67	0.00	0.00
1	520	275414	1240	493	1237	526	33.14	0	-1.78	-4.67	0.00	0.00
1	521	275456	1240	493	1237	526	33.14	0	-1.78	-4.67	0.00	0.00
1	522	275496	1240	492	1237	526	34.13	0	-1.79	-4.67	0.00	0.00
1	523	275536	1240	492	1237	526	34.13	0	-1.79	-4.67	0.00	-200.00
1	524	275577	1240	492	1237	517	25.18	0	-1.79	-4.67	0.00	-200.00
1	525	275618	1239	492	1237	510	18.11	0	-1.80	-4.67	0.00	-200.00
1	526	275659	1239	492	1237	502	10.20	0	-1.80	-4.67	0.00	0.00
1	527	275700	1239	491	1237	502	11.18	0	-1.80	-4.66	0.00	0.00
1	528	275741	1239	491	1237	502	11.18	0	-1.81	-4.66	0.00	0.00
1	529	275781	1239	491	1237	502	11.18	0	-1.81	-4.66	0.00	0.00
1	530	275821	1239	491	1237	502	11.18	0	-1.81	-4.66	0.00	0.00
1	531	275862	1239	491	1237	502	11.18	0	-1.81	-4.66	0.00	0.00
1	532	275902	1239	490	1237	502	12.17	0	-1.82	-4.66	0.00	0.00
1	533	275942	1239	490	1237	502	12.17	0	-1.82	-4.66	0.00	0.00
1	534	275983	1239	490	1237	502	12.17	0	-1.82	-4.66	0.00	0.00
1	535	276024	1239	490	1237	502	12.17	0	-1.83	-4.65	0.00	0.00
1	536	276065	1239	490	1237	502	12.17	0	-1.83	-4.65	0.00	0.00
1	537	276106	1239	489	1237	502	13.15	0	-1.83	-4.65	0.00	0.00
1	538	276147	1239	489	1237	502	13.15	0	-1.84	-4.65	0.00	0.00
1	539	276188	1238	489	1237	502	13.04	0	-1.84	-4.65	0.00	0.00
1	540	276228	1238	489	1237	502	13.04	0	-1.84	-4.65	0.00	0.00
1	541	276269	1238	489	1237	502	13.04	0	-1.85	-4.65	0.00	-200.00
1	542	276310	1238	489	1237	495	6.08	1	-1.85	-4.65	0.00	-200.00
1	543	276351	1238	488	1237	486	2.24	1	-1.85	-4.64	0.00	0.00
1	544	276392	1238	488	1237	486	2.24	1	-1.86	-4.64	0.00	0.00
1	545	276432	1238	488	1237	486	2.24	1	-1.86	-4.64	0.00	0.00
1	546	276473	1238	488	1237	486	2.24	1	-1.86	-4.64	0.00	0.00
1	547	276514	1238	488	1237	486	2.24	1	-1.87	-4.64	0.00	0.00
1	548	276554	1238	487	1237	486	1.41	1	-1.87	-4.64	0.00	0.00
1	549	276595	1238	487	1237	486	1.41	1	-1.87	-4.64	0.00	0.00
1	550	276636	1238	487	1237	486	1.41	1	-1.88	-4.63	0.00	0.00
1	551	276677	1238	487	1237	486	1.41	1	-1.88	-4.63	0.00	0.00
1	552	276718	1237	487	1237	486	1.00	1	-1.88	-4.63	0.00	0.00
1	553	276760	1237	486	1237	486	0.00	1	-1.88	-4.63	0.00	0.00
1	554	276800	1237	486	1237	486	0.00	1	-1.89	-4.63	0.00	0.00
1	555	276841	1237	486	1237	486	0.00	1	-1.89	-4.63	0.00	0.00
1	556	276882	1237	486	1237	486	0.00	1	-1.89	-4.63	0.00	0.00
1	557	276922	1237	486	1237	486	0.00	1	-1.90	-4.63	0.00	0.00
1	558	276963	1237	486	1237	486	0.00	1	-1.90	-4.62	0.00	0.00
1	559	277004	1237	485	1237	486	1.00	1	-1.90	-4.62	0.00	0.00
1	560	277045	1237	485	1237	486	1.00	1	-1.91	-4.62	0.00	0.00
1	561	277085	1237	485	1237	486	1.00	1	-1.91	-4.62	0.00	0.00
1	562	277126	1237	485	1237	486	1.00	1	-1.91	-4.62	0.00	0.00
1	563	277167	1237	485	1237	486	1.00	1	-1.92	-4.62	0.00	0.00
1	564	277207	1237	484	1237	486	2.00	1	-1.92	-4.62	0.00	0.00
1	565	277248	1236	484	1237	486	2.24	1	-1.92	-4.62	0.00	0.00
1	566	277289	1236	484	1237	486	2.24	1	-1.93	-4.61	0.00	0.00
1	567	277329	1236	484	1237	486	2.24	1	-1.93	-4.61	0.00	0.00
1	568	277370	1236	484	1237	486	2.24	1	-1.93	-4.61	0.00	0.00
1	569	277411	1236	483	1237	486	3.16	1	-1.94	-4.61	0.00	0.00
1	570	277452	1236	483	1237	486	3.16	1	-1.94	-4.61	0.00	0.00
1	571	277493	1236	483	1237	486	3.16	1	-1.94	-4.61	0.00	0.00
1	572	277533	1236	483	1237	486	3.16	1	-1.94	-4.61	0.00	0.00
1	573	277574	1236	483	1237	486	3.16	1	-1.95	-4.61	0.00	0.00
1	574	277615	1236	482	1237	486	4.12	1	-1.95	-4.60	0.00	0.00
1	575	277655	1236	482	1237	486	4.12	1	-1.95	-4.60	0.00	0.00
1	576	277696	1236	482	1237	486	4.12	1	-1.96	-4.60	0.00	0.00
1	577	277737	1235	482	1237	486	4.47	1	-1.96	-4.60	0.00	0.00
1	578	277778	1235	482	1237	486	4.47	1	-1.96	-4.60	0.00	0.00
1	579	277818	1235	481	1237	486	5.39	1	-1.97	-4.60	0.00	0.00
1	580	277859	1235	481	1237	486	5.39	1	-1.97	-4.60	0.00	0.00
1	581	277899	1235	481	1237	486	5.39	1	-1.97	-4.59	0.00	0.00
1	582	277940	1235	481	1237	486	5.39	1	-1.98	-4.59	0.00	0.00
1	583	277980	1235	481	1237	486	5.39	1	-1.98	-4.59	0.00	0.00
1	584	278021	1235	481	1237	486	5.39	1	-1.98	-4.59	0.00	0.00
1	585	278062	1235	480	1237	486	6.32	1	-1.99	-4.59	0.00	0.00
1	586	278103	1235	480	1237	486	6.32	1	-1.99	-4.59	0.00	0.00
1	587	278143	1235	480	1237	486	6.32	1	-1.99	-4.59	0.00	0.00
1	588	278184	1235	480	1237	486	6.32	1	-1.99	-4.58	0.00	0.00
1	589	278225	1235	480	1237	486	6.32	1	-2.00	-4.58	0.00	0.00
1	590	278266	1234	479	1237	486	7.62	1	-2.00	-4.58	0.00	0.00
1	591	278307	1234	479	1237	486	7.62	1	-2.00	-4.58	0.00	0.00
1	592	278348	1234	479	1237	486	7.62	1	-2.01	-4.58	0.00	-200.00
1	593	278388	1234	479	1237	479	3.00	1	-2.01	-4.58	-200.00	-200.00
1	594	278429	1234	479	1228	470	10.82	0	-2.01	-4.58	0.00	-200.00
1	595	278469	1234	478	1228	462	17.09	0	-2.02	-4.58	0.00	0.00
1	596	278510	1234	478	1228	462	17.09	0	-2.02	-4.57	0.00	0.00
1	597	278551	1234	478	1228	462	17.09	0	-2.02	-4.57	0.00	0.00
1	598	278592	1234	478	1228	462	17.09	0	-2.03	-4.57	0.00	0.00
1	599	278633	1234	478	1228	462	17.09	0	-2.03	-4.57	0.00	0.00
1	600	278674	1234	478	1228	462	17.09	0	-2.03	-4.57	0.00	0.00
1	601	278715	1234	477	1228	462	16.16	0	-2.04	-4.57	0.00	200.00
1	602	278756	1233	477	1228	468	10.30	0	-2.04	-4.57	0.00	200.00
1	603	278797	1233	477	1228	477	5.00	1	-2.04	-4.56	0.00	200.00
1	604	278838	1233	477	1228	486	10.30	0	-2.04	-4.56	0.00	200.00
1	605	278879	1233	477	1228	494	17.72	0	-2.05	-4.56	0.00	200.00
1	606	278920	1233	476	1228	501	25.50	0	-2.05	-4.56	0.00	0.00
1	607	278961	1233	476	1228	501	25.50	0	-2.05	-4.56	0.00	0.00
1	608	279002	1233	476	1228	501	25.50	0	-2.06	-4.56	0.00	0.00
1	609	279043	1233	476	1228	501	25.50	0	-2.06	-4.56	0.00	0.00
1	610	279084	1233	476	1228	501	25.50	0	-2.06	-4.55	0.00	0.00
1	611	279124	1233	475	1228	501	26.48	0	-2.07	-4.55	0.00	-200.00
1	612	279165	1233	475	1228	494	19.65	0	-2.07	-4.55	0.00	-200.00
1	613	279206	1233	475	1228	486	12.08	0	-2.07	-4.55	0.00	-200.00
1	614	279247	1232	475	1228	477	4.47	1	-2.08	-4.55	0.00	0.00
1	615	279288	1232	475	1228	477	4.47	1	-2.08	-4.55	0.00	0.00
1	616	279329	1232	475	1228	477	4.47	1	-2.08	-4.55	0.00	0.00
1	617	279370	1232	474	1228	477	5.00	1	-2.08	-4.54	0.00	0.00
1	618	279411	1232	474	1228	477	5.00	1	-2.09	-4.54	0.00	0.00
1	619	279452	1232	474	1228	477	5.00	1	-2.09	-4.54	0.00	0.00
1	620	279493	1232	474	1228	477	5.00	1	-2.09	-4.54	0.00	0.00
1	621	279534	1232	474	1228	477	5.00	1	-2.10	-4.54	0.00	0.00
1	622	279575	1232	473	1228	477	5.66	1	-2.10	-4.54	0.00	0.00
1	623	279616	1232	473	1228	477	5.66	1	-2.10	-4.54	0.00	0.00
1	624	279657	1232	473	1228	477	5.66	1	-2.11	-4.53	0.00	0.00
1	625	279698	1231	473	1228	477	5.00	1	-2.11	-4.53	0.00	0.00
1	626	279739	1231	473	1228	477	5.00	1	-2.11	-4.53	0.00	0.00
1	627	279779	1231	473	1228	477	5.00	1	-2.12	-4.53	0.00	0.00
1	628	279820	1231	472	1228	477	5.83	1	-2.12	-4.53	0.00	0.00
1	629	279861	1231	472	1228	477	5.83	1	-2.12	-4.53	0.00	0.00
1	630	279902	1231	472	1228	477	5.83	1	-2.13	-4.53	0.00	0.00
1	631	279943	1231	472	1228	477	5.83	1	-2.13	-4.52	0.00	0.00
1	632	279983	1231	472	1228	477	5.83	1	-2.13	-4.52	0.00	0.00
1	633	280024	1231	471	1228	477	6.71	1	-2.13	-4.52	0.00	0.00
1	634	280065	1231	471	1228	477	6.71	1	-2.14	-4.52	0.00	0.00
1	635	280105	1231	471	1228	477	6.71	1	-2.14	-4.52	0.00	0.00
1	636	280146	1231	471	1228	477	6.71	1	-2.14	-4.52	0.00	0.00
1	637	280187	1230	471	1228	477	6.32	1	-2.15	-4.52	0.00	0.00
1	638	280228	1230	470	1228	477	7.28	1	-2.15	-4.51	0.00	0.00
1	639	280269	1230	470	1228	477	7.28	1	-2.15	-4.51	0.00	0.00
1	640	280310	1230	470	1228	477	7.28	1	-2.16	-4.51	0.00	0.00
1	641	280351	1230	470	1228	477	7.28	1	-2.16	-4.51	0.00	0.00
1	642	280392	1230	470	1228	477	7.28	1	-2.16	-4.51	0.00	0.00
1	643	280432	1230	470	1228	477	7.28	1	-2.17	-4.51	0.00	0.00
1	644	280473	1230	469	1228	477	8.25	1	-2.17	-4.51	0.00	0.00
1	645	280514	1230	469	1228	477	8.25	1	-2.17	-4.50	0.00	0.00
1	646	280555	1230	469	1228	477	8.25	1	-2.17	-4.50	0.00	0.00
1	647	280596	1230	469	1228	477	8.25	1	-2.18	-4.50	0.00	0.00
1	648	280637	1229	469	1228	477	8.06	1	-2.18	-4.50	0.00	0.00
1	649	280678	1229	468	1228	477	9.06	1	-2.18	-4.50	0.00	0.00
1	650	280718	1229	468	1228	477	9.06	1	-2.19	-4.50	0.00	0.00
1	651	280759	1229	468	1228	477	9.06	1	-2.19	-4.49	0.00	0.00
1	652	280800	1229	468	1228	477	9.06	1	-2.19	-4.49	0.00	0.00
1	653	280841	1229	468	1228	477	9.06	1	-2.20	-4.49	0.00	0.00
1	654	280882	1229	468	1228	477	9.06	1	-2.20	-4.49	0.00	0.00
1	655	280923	1229	467	1228	477	10.05	0	-2.20	-4.49	0.00	0.00
1	656	280964	1229	467	1228	477	10.05	0	-2.21	-4.49	0.00	0.00
1	657	281005	1229	467	1228	477	10.05	0	-2.21	-4.49	0.00	0.00
1	658	281045	1229	467	1228	477	10.05	0	-2.21	-4.48	0.00	0.00
1	659	281086	1228	467	1228	477	10.00	0	-2.21	-4.48	0.00	0.00
1	660	281127	1228	466	1228	477	11.00	0	-2.22	-4.48	0.00	-200.00
1	661	281168	1228	466	1228	468	2.00	1	-2.22	-4.48	0.00	-200.00
1	662	281209	1228	466	1228	460	6.00	1	-2.22	-4.48	0.00	-200.00
1	663	281250	1228	466	1228	451	15.00	0	-2.23	-4.48	0.00	0.00
1	664	281291	1228	466	1228	451	15.00	0	-2.23	-4.47	0.00	0.00
1	665	281332	1228	466	1228	451	15.00	0	-2.23	-4.47	0.00	0.00
1	666	281372	1228	465	1228	451	14.00	0	-2.24	-4.47	0.00	0.00
1	667	281413	1228	465	1228	451	14.00	0	-2.24	-4.47	0.00	0.00
1	668	281454	1228	465	1228	451	14.00	0	-2.24	-4.47	0.00	0.00
1	669	281495	1228	465	1228	451	14.00	0	-2.25	-4.47	0.00	0.00
1	670	281536	1227	465	1228	451	14.04	0	-2.25	-4.47	0.00	200.00
1	671	281577	1227	464	1228	460	4.12	1	-2.25	-4.46	0.00	200.00
1	672	281618	1227	464	1228	467	3.16	1	-2.25	-4.46	0.00	200.00
1	673	281659	1227	464	1228	476	12.04	0	-2.26	-4.46	0.00	0.00
1	674	281699	1227	464	1228	476	12.04	0	-2.26	-4.46	0.00	0.00
1	675	281740	1227	464	1228	476	12.04	0	-2.26	-4.46	0.00	0.00
1	676	281780	1227	463	1228	476	13.04	0	-2.27	-4.46	0.00	0.00
1	677	281821	1227	463	1228	476	13.04	0	-2.27	-4.46	0.00	0.00
1	678	281862	1227	463	1228	476	13.04	0	-2.27	-4.45	0.00	0.00
1	679	281903	1227	463	1228	476	13.04	0	-2.28	-4.45	0.00	0.00
1	680	281944	1227	463	1228	476	13.04	0	-2.28	-4.45	0.00	-200.00
1	681	281985	1226	463	1228	467	4.47	1	-2.28	-4.45	0.00	-200.00
1	682	282025	1226	462	1228	460	2.83	1	-2.28	-4.45	0.00	-200.00
1	683	282066	1226	462	1228	452	10.20	0	-2.29	-4.45	0.00	0.00
1	684	282107	1226	462	1228	452	10.20	0	-2.29	-4.44	0.00	0.00
1	685	282148	1226	462	1228	452	10.20	0	-2.29	-4.44	0.00	0.00
1	686	282189	1226	462	1228	452	10.20	0	-2.30	-4.44	0.00	0.00
1	687	282229	1226	462	1228	452	10.20	0	-2.30	-4.44	0.00	0.00
1	688	282270	1226	461	1228	452	9.22	1	-2.30	-4.44	0.00	0.00
1	689	282311	1226	461	1228	452	9.22	1	-2.31	-4.44	0.00	200.00
1	690	282351	1226	461	1228	459	2.83	1	-2.31	-4.43	0.00	200.00
1	691	282392	1225	461	1228	468	7.62	1	-2.31	-4.43	0.00	200.00
1	692	282433	1225	461	1228	475	14.32	0	-2.32	-4.43	0.00	200.00
1	693	282474	1225	460	1228	485	25.18	0	-2.32	-4.43	0.00	0.00
1	694	282515	1225	460	1228	485	25.18	0	-2.32	-4.43	0.00	0.00
1	695	282556	1225	460	1228	485	25.18	0	-2.32	-4.43	0.00	0.00
1	696	282597	1225	460	1228	485	25.18	0	-2.33	-4.43	0.00	0.00
1	697	282638	1225	460	1228	485	25.18	0	-2.33	-4.42	0.00	0.00
1	698	282678	1225	459	1228	485	26.17	0	-2.33	-4.42	0.00	0.00
1	699	282719	1225	459	1228	485	26.17	0	-2.34	-4.42	0.00	0.00
1	700	282760	1225	459	1228	485	26.17	0	-2.34	-4.42	0.00	-200.00
1	701	282800	1225	459	1228	476	17.26	0	-2.34	-4.42	0.00	-200.00
1	702	282841	1224	459	1228	467	8.94	1	-2.35	-4.42	0.00	0.00
1	703	282882	1224	459	1228	467	8.94	1	-2.35	-4.41	0.00	0.00
1	704	282923	1224	458	1228	467	9.85	1	-2.35	-4.41	0.00	0.00
1	705	282964	1224	458	1228	467	9.85	1	-2.35	-4.41	0.00	0.00
1	706	283004	1224	458	1228	467	9.85	1	-2.36	-4.41	0.00	0.00
1	707	283045	1224	458	1228	467	9.85	1	-2.36	-4.41	0.00	0.00
1	708	283086	1224	458	1228	467	9.85	1	-2.36	-4.41	0.00	0.00
1	709	283126	1224	458	1228	467	9.85	1	-2.37	-4.40	0.00	0.00
1	710	283167	1224	457	1228	467	10.77	0	-2.37	-4.40	0.00	0.00
1	711	283208	1224	457	1228	467	10.77	0	-2.37	-4.40	0.00	0.00
1	712	283249	1223	457	1228	467	11.18	0	-2.38	-4.40	0.00	0.00
1	713	283289	1223	457	1228	467	11.18	0	-2.38	-4.40	0.00	0.00
1	714	283330	1223	457	1228	467	11.18	0	-2.38	-4.40	0.00	0.00
1	715	283371	1223	456	1228	467	12.08	0	-2.38	-4.39	0.00	0.00
1	716	283411	1223	456	1228	467	12.08	0	-2.39	-4.39	0.00	0.00
1	717	283452	1223	456	1228	467	12.08	0	-2.39	-4.39	0.00	0.00
1	718	283492	1223	456	1228	467	12.08	0	-2.39	-4.39	0.00	0.00
1	719	283532	1223	456	1228	467	12.08	0	-2.40	-4.39	0.00	0.00
1	720	283573	1223	456	1228	467	12.08	0	-2.40	-4.39	0.00	0.00
1	721	283614	1223	455	1228	467	13.00	0	-2.40	-4.38	0.00	0.00
1	722	283654	1222	455	1228	467	13.42	0	-2.41	-4.38	0.00	0.00
1	723	283695	1222	455	1228	467	13.42	0	-2.41	-4.38	0.00	0.00
1	724	283736	1222	455	1228	467	13.42	0	-2.41	-4.38	0.00	0.00
1	725	283777	1222	455	1228	467	13.42	0	-2.41	-4.38	0.00	0.00
1	726	283818	1222	454	1228	467	14.32	0	-2.42	-4.38	0.00	0.00
1	727	283859	1222	454	1228	467	14.32	0	-2.42	-4.37	0.00	0.00
1	728	283900	1222	454	1228	467	14.32	0	-2.42	-4.37	0.00	-200.00
1	729	283941	1222	454	1228	459	7.81	1	-2.43	-4.37	0.00	-200.00
1	730	283981	1222	454	1228	452	6.32	1	-2.43	-4.37	0.00	-200.00
1	731	284022	1222	454	1228	443	12.53	0	-2.43	-4.37	0.00	0.00
1	732	284063	1222	453	1228	443	11.66	0	-2.44	-4.37	0.00	0.00
1	733	284104	1221	453	1228	443	12.21	0	-2.44	-4.36	0.00	0.00
1	734	284145	1221	453	1228	443	12.21	0	-2.44	-4.36	0.00	0.00
1	735	284186	1221	453	1228	443	12.21	0	-2.44	-4.36	0.00	0.00
1	736	284227	1221	453	1228	443	12.21	0	-2.45	-4.36	0.00	0.00
1	737	284268	1221	452	1228	443	11.40	0	-2.45	-4.36	0.00	0.00
1	738	284309	1221	452	1228	443	11.40	0	-2.45	-4.36	0.00	0.00
1	739	284350	1221	452	1228	443	11.40	0	-2.46	-4.35	0.00	0.00
1	740	284391	1221	452	1228	443	11.40	0	-2.46	-4.35	0.00	0.00
1	741	284432	1221	452	1228	443	11.40	0	-2.46	-4.35	0.00	0.00
1	742	284473	1221	452	1228	443	11.40	0	-2.47	-4.35	0.00	0.00
1	743	284514	1220	451	1228	443	11.31	0	-2.47	-4.35	0.00	0.00
1	744	284555	1220	451	1228	443	11.31	0	-2.47	-4.35	0.00	0.00
1	745	284596	1220	451	1228	443	11.31	0	-2.47	-4.34	0.00	0.00
1	746	284637	1220	451	1228	443	11.31	0	-2.48	-4.34	-200.00	0.00
1	747	284678	1220	451	1219	443	8.06	1	-2.48	-4.34	0.00	0.00
1	748	284719	1220	451	1219	443	8.06	1	-2.48	-4.34	0.00	0.00
1	749	284759	1220	450	1219	443	7.07	1	-2.49	-4.34	0.00	0.00
1	750	284800	1220	450	1219	443	7.07	1	-2.49	-4.34	0.00	0.00
1	751	284841	1220	450	1219	443	7.07	1	-2.49	-4.33	0.00	0.00
1	752	284882	1219	450	1219	443	7.00	1	-2.49	-4.33	-200.00	0.00
1	753	284923	1219	450	1211	443	10.63	0	-2.50	-4.33	0.00	0.00
1	754	284964	1219	449	1211	443	10.00	0	-2.50	-4.33	0.00	0.00
1	755	285005	1219	449	1211	443	10.00	0	-2.50	-4.33	0.00	0.00
1	756	285046	1219	449	1211	443	10.00	0	-2.51	-4.33	0.00	0.00
1	757	285087	1219	449	1211	443	10.00	0	-2.51	-4.32	0.00	0.00
1	758	285128	1219	449	1211	443	10.00	0	-2.51	-4.32	0.00	0.00
1	759	285169	1219	449	1211	443	10.00	0	-2.52	-4.32	0.00	0.00
1	760	285210	1219	448	1211	443	9.43	1	-2.52	-4.32	0.00	0.00
1	761	285250	1219	448	1211	443	9.43	1	-2.52	-4.32	0.00	0.00
1	762	285291	1218	448	1211	443	8.60	1	-2.52	-4.32	200.00	0.00
1	763	285332	1218	448	1219	443	5.10	1	-2.53	-4.31	200.00	0.00
1	764	285373	1218	448	1228	443	11.18	0	-2.53	-4.31	200.00	0.00
1	765	285414	1218	448	1234	443	16.76	0	-2.53	-4.31	0.00	0.00
1	766	285455	1218	447	1234	443	16.49	0	-2.54	-4.31	0.00	0.00
1	767	285496	1218	447	1234	443	16.49	0	-2.54	-4.31	0.00	0.00
1	768	285537	1218	447	1234	443	16.49	0	-2.54	-4.31	0.00	0.00
1	769	285578	1218	447	1234	443	16.49	0	-2.55	-4.30	0.00	0.00
1	770	285619	1218	447	1234	443	16.49	0	-2.55	-4.30	0.00	0.00
1	771	285660	1218	446	1234	443	16.28	0	-2.55	-4.30	0.00	0.00
1	772	285701	1217	446	1234	443	17.26	0	-2.55	-4.30	-200.00	0.00
1	773	285742	1217	446	1226	443	9.49	1	-2.56	-4.30	-200.00	0.00
1	774	285783	1217	446	1219	443	3.61	1	-2.56	-4.30	0.00	0.00
1	775	285824	1217	446	1219	443	3.61	1	-2.56	-4.29	0.00	0.00
1	776	285865	1217	446	1219	443	3.61	1	-2.57	-4.29	0.00	0.00
1	777	285906	1217	445	1219	443	2.83	1	-2.57	-4.29	0.00	0.00
1	778	285947	1217	445	1219	443	2.83	1	-2.57	-4.29	0.00	0.00
1	779	285988	1217	445	1219	443	2.83	1	-2.57	-4.29	0.00	0.00
1	780	286029	1217	445	1219	443	2.83	1	-2.58	-4.28	0.00	0.00
1	781	286070	1216	445	1219	443	3.61	1	-2.58	-4.28	0.00	0.00
1	782	286111	1216	444	1219	443	3.16	1	-2.58	-4.28	0.00	0.00
1	783	286152	1216	444	1219	443	3.16	1	-2.59	-4.28	0.00	0.00
1	784	286193	1216	444	1219	443	3.16	1	-2.59	-4.28	0.00	0.00
1	785	286234	1216	444	1219	443	3.16	1	-2.59	-4.28	0.00	0.00
1	786	286275	1216	444	1219	443	3.16	1	-2.60	-4.27	0.00	0.00
1	787	286316	1216	444	1219	443	3.16	1	-2.60	-4.27	0.00	0.00
1	788	286357	1216	443	1219	443	3.00	1	-2.60	-4.27	0.00	0.00
1	789	286398	1216	443	1219	443	3.00	1	-2.60	-4.27	0.00	0.00
1	790	286439	1216	443	1219	443	3.00	1	-2.61	-4.27	0.00	0.00
1	791	286480	1215	443	1219	443	4.00	1	-2.61	-4.27	0.00	0.00
1	792	286520	1215	443	1219	443	4.00	1	-2.61	-4.26	0.00	0.00
1	793	286561	1215	443	1219	443	4.00	1	-2.62	-4.26	0.00	0.00
1	794	286602	1215	442	1219	443	4.12	1	-2.62	-4.26	0.00	0.00
1	795	286643	1215	442	1219	443	4.12	1	-2.62	-4.26	0.00	0.00
1	796	286684	1215	442	1219	443	4.12	1	-2.62	-4.26	0.00	0.00
1	797	286725	1215	442	1219	443	4.12	1	-2.63	-4.25	0.00	0.00
1	798	286766	1215	442	1219	443	4.12	1	-2.63	-4.25	0.00	0.00
1	799	286807	1215	442	1219	443	4.12	1	-2.63	-4.25	0.00	0.00
1	800	286848	1214	441	1219	443	5.39	1	-2.64	-4.25	0.00	0.00
1	801	286889	1214	441	1219	443	5.39	1	-2.64	-4.25	0.00	0.00
1	802	286930	1214	441	1219	443	5.39	1	-2.64	-4.25	0.00	0.00
1	803	286971	1214	441	1219	443	5.39	1	-2.64	-4.24	0.00	0.00
1	804	287012	1214	441	1219	443	5.39	1	-2.65	-4.24	0.00	0.00
1	805	287053	1214	440	1219	443	5.83	1	-2.65	-4.24	0.00	0.00
1	806	287094	1214	440	1219	443	5.83	1	-2.65	-4.24	0.00	0.00
1	807	287135	1214	440	1219	443	5.83	1	-2.66	-4.24	0.00	0.00
1	808	287176	1214	440	1219	443	5.83	1	-2.66	-4.23	0.00	0.00
1	809	287217	1213	440	1219	443	6.71	1	-2.66	-4.23	0.00	0.00
1	810	287257	1213	440	1219	443	6.71	1	-2.66	-4.23	0.00	0.00
1	811	287298	1213	439	1219	443	7.21	1	-2.67	-4.23	0.00	0.00
1	812	287339	1213	439	1219	443	7.21	1	-2.67	-4.23	0.00	0.00
1	813	287380	1213	439	1219	443	7.21	1	-2.67	-4.23	0.00	0.00
1	814	287421	1213	439	1219	443	7.21	1	-2.68	-4.22	0.00	0.00
1	815	287462	1213	439	1219	443	7.21	1	-2.68	-4.22	0.00	0.00
1	816	287503	1213	439	1219	443	7.21	1	-2.68	-4.22	0.00	-200.00
1	817	287544	1213	438	1219	435	6.71	1	-2.69	-4.22	0.00	-200.00
1	818	287585	1212	438	1219	426	13.89	0	-2.69	-4.22	0.00	-200.00
1	819	287626	1212	438	1219	420	19.31	0	-2.69	-4.21	0.00	0.00
1	820	287667	1212	438	1219	420	19.31	0	-2.69	-4.21	0.00	0.00
1	821	287708	1212	438	1219	420	19.31	0	-2.70	-4.21	0.00	0.00
1	822	287749	1212	438	1219	420	19.31	0	-2.70	-4.21	0.00	0.00
1	823	287790	1212	437	1219	420	18.38	0	-2.70	-4.21	0.00	0.00
1	824	287831	1212	437	1219	420	18.38	0	-2.71	-4.20	0.00	200.00
1	825	287872	1212	437	1219	429	10.63	0	-2.71	-4.20	0.00	200.00
1	826	287913	1212	437	1219	435	7.28	1	-2.71	-4.20	0.00	200.00
1	827	287954	1211	437	1219	444	10.63	0	-2.71	-4.20	0.00	0.00
1	828	287995	1211	437	1219	444	10.63	0	-2.72	-4.20	0.00	0.00
1	829	288036	1211	436	1219	444	11.31	0	-2.72	-4.20	0.00	0.00
1	830	288077	1211	436	1219	444	11.31	0	-2.72	-4.19	0.00	0.00
1	831	288118	1211	436	1219	444	11.31	0	-2.73	-4.19	0.00	0.00
1	832	288159	1211	436	1219	444	11.31	0	-2.73	-4.19	0.00	0.00
1	833	288200	1211	436	1219	444	11.31	0	-2.73	-4.19	0.00	0.00
1	834	288241	1211	435	1219	444	12.04	0	-2.73	-4.19	0.00	0.00
1	835	288282	1211	435	1219	444	12.04	0	-2.74	-4.18	-200.00	-200.00
1	836	288322	1210	435	1213	437	3.61	1	-2.74	-4.18	-200.00	-200.00
1	837	288363	1210	435	1204	429	8.49	1	-2.74	-4.18	0.00	0.00
1	838	288404	1210	435	1204	429	8.49	1	-2.75	-4.18	0.00	0.00
1	839	288445	1210	435	1204	429	8.49	1	-2.75	-4.18	0.00	0.00
1	840	288486	1210	434	1204	429	7.81	1	-2.75	-4.18	0.00	0.00
1	841	288527	1210	434	1204	429	7.81	1	-2.75	-4.17	0.00	0.00
1	842	288568	1210	434	1204	429	7.81	1	-2.76	-4.17	0.00	0.00
1	843	288609	1210	434	1204	429	7.81	1	-2.76	-4.17	0.00	0.00
1	844	288650	1210	434	1204	429	7.81	1	-2.76	-4.17	0.00	0.00
1	845	288691	1209	434	1204	429	7.07	1	-2.77	-4.17	0.00	0.00
1	846	288732	1209	433	1204	429	6.40	1	-2.77	-4.16	0.00	200.00
1	847	288773	1209	433	1204	435	5.39	1	-2.77	-4.16	0.00	0.00
1	848	288814	1209	433	1204	435	5.39	1	-2.77	-4.16	0.00	0.00
1	849	288854	1209	433	1204	435	5.39	1	-2.78	-4.16	0.00	0.00
1	850	288895	1209	433	1204	435	5.39	1	-2.78	-4.16	0.00	0.00
1	851	288936	1209	433	1204	435	5.39	1	-2.78	-4.15	0.00	0.00
1	852	288977	1209	432	1204	435	5.83	1	-2.78	-4.15	0.00	0.00
1	853	289018	1209	432	1204	435	5.83	1	-2.79	-4.15	0.00	0.00
1	854	289059	1208	432	1204	435	5.00	1	-2.79	-4.15	0.00	0.00
1	855	289100	1208	432	1204	435	5.00	1	-2.79	-4.15	0.00	0.00
1	856	289140	1208	432	1204	435	5.00	1	-2.80	-4.15	0.00	0.00
1	857	289181	1208	432	1204	435	5.00	1	-2.80	-4.14	0.00	0.00
1	858	289222	1208	431	1204	435	5.66	1	-2.80	-4.14	0.00	0.00
1	859	289263	1208	431	1204	435	5.66	1	-2.80	-4.14	0.00	0.00
1	860	289304	1208	431	1204	435	5.66	1	-2.81	-4.14	0.00	0.00
1	861	289345	1208	431	1204	435	5.66	1	-2.81	-4.14	0.00	0.00
1	862	289386	1208	431	1204	435	5.66	1	-2.81	-4.13	0.00	-200.00
1	863	289426	1207	431	1204	426	5.83	1	-2.82	-4.13	0.00	-200.00
1	864	289467	1207	430	1204	417	13.34	0	-2.82	-4.13	0.00	0.00
1	865	289508	1207	430	1204	417	13.34	0	-2.82	-4.13	0.00	0.00
1	866	289549	1207	430	1204	417	13.34	0	-2.82	-4.13	0.00	0.00
1	867	289590	1207	430	1204	417	13.34	0	-2.83	-4.12	0.00	0.00
1	868	289631	1207	430	1204	417	13.34	0	-2.83	-4.12	0.00	0.00
1	869	289672	1207	429	1204	417	12.37	0	-2.83	-4.12	0.00	0.00
1	870	289713	1207	429	1204	417	12.37	0	-2.84	-4.12	0.00	0.00
1	871	289753	1206	429	1204	417	12.17	0	-2.84	-4.12	0.00	0.00
1	872	289794	1206	429	1204	417	12.17	0	-2.84	-4.11	0.00	0.00
1	873	289835	1206	429	1204	417	12.17	0	-2.84	-4.11	0.00	0.00
1	874	289876	1206	429	1204	417	12.17	0	-2.85	-4.11	0.00	0.00
1	875	289917	1206	429	1204	417	12.17	0	-2.85	-4.11	0.00	0.00
1	876	289958	1206	428	1204	417	11.18	0	-2.85	-4.11	0.00	0.00
1	877	289999	1206	428	1204	417	11.18	0	-2.86	-4.10	0.00	0.00
1	878	290039	1206	428	1204	417	11.18	0	-2.86	-4.10	0.00	0.00
1	879	290079	1206	428	1204	417	11.18	0	-2.86	-4.10	0.00	0.00
1	880	290120	1205	428	1204	417	11.05	0	-2.86	-4.10	0.00	0.00
1	881	290161	1205	427	1204	417	10.05	0	-2.87	-4.10	0.00	-200.00
1	882	290202	1205	427	1204	409	18.03	0	-2.87	-4.09	0.00	-200.00
1	883	290243	1205	427	1204	400	27.02	0	-2.87	-4.09	0.00	0.00
1	884	290284	1205	427	1204	400	27.02	0	-2.87	-4.09	0.00	0.00
1	885	290325	1205	427	1204	400	27.02	0	-2.88	-4.09	0.00	0.00
1	886	290366	1205	427	1204	400	27.02	0	-2.88	-4.09	0.00	0.00
1	887	290407	1205	426	1204	400	26.02	0	-2.88	-4.08	0.00	0.00
1	888	290448	1204	426	1204	400	26.00	0	-2.89	-4.08	0.00	0.00
1	889	290489	1204	426	1204	400	26.00	0	-2.89	-4.08	0.00	200.00
1	890	290530	1204	426	1204	407	19.00	0	-2.89	-4.08	0.00	200.00
1	891	290571	1204	426	1204	416	10.00	0	-2.89	-4.08	0.00	200.00
1	892	290612	1204	426	1204	424	2.00	1	-2.90	-4.07	0.00	0.00
1	893	290653	1204	425	1204	424	1.00	1	-2.90	-4.07	0.00	0.00
1	894	290694	1204	425	1204	424	1.00	1	-2.90	-4.07	0.00	0.00
1	895	290735	1204	425	1204	424	1.00	1	-2.91	-4.07	0.00	0.00
1	896	290776	1204	425	1204	424	1.00	1	-2.91	-4.07	0.00	0.00
1	897	290817	1203	425	1204	424	1.41	1	-2.91	-4.06	0.00	0.00
1	898	290858	1203	425	1204	424	1.41	1	-2.91	-4.06	0.00	0.00
1	899	290899	1203	424	1204	424	1.00	1	-2.92	-4.06	0.00	0.00
1	900	290940	1203	424	1204	424	1.00	1	-2.92	-4.06	0.00	0.00
1	901	290981	1203	424	1204	424	1.00	1	-2.92	-4.06	0.00	0.00
1	902	291022	1203	424	1204	424	1.00	1	-2.93	-4.06	0.00	0.00
1	903	291063	1203	424	1204	424	1.00	1	-2.93	-4.05	0.00	0.00
1	904	291104	1203	424	1204	424	1.00	1	-2.93	-4.05	0.00	0.00
1	905	291145	1202	423	1204	424	2.24	1	-2.93	-4.05	0.00	0.00
1	906	291186	1202	423	1204	424	2.24	1	-2.94	-4.05	0.00	0.00
1	907	291227	1202	423	1204	424	2.24	1	-2.94	-4.05	0.00	0.00
1	908	291268	1202	423	1204	424	2.24	1	-2.94	-4.04	0.00	0.00
1	909	291309	1202	423	1204	424	2.24	1	-2.94	-4.04	0.00	0.00
1	910	291349	1202	423	1204	424	2.24	1	-2.95	-4.04	0.00	0.00
1	911	291390	1202	423	1204	424	2.24	1	-2.95	-4.04	0.00	0.00
1	912	291430	1202	422	1204	424	2.83	1	-2.95	-4.03	0.00	0.00
1	913	291471	1201	422	1204	424	3.61	1	-2.96	-4.03	0.00	0.00
1	914	291512	1201	422	1204	424	3.61	1	-2.96	-4.03	0.00	0.00
1	915	291553	1201	422	1204	424	3.61	1	-2.96	-4.03	-200.00	-200.00
1	916	291594	1201	422	1198	417	5.83	1	-2.96	-4.03	-200.00	-200.00
1	917	291635	1201	421	1189	409	16.97	0	-2.97	-4.02	0.00	-200.00
1	918	291676	1201	421	1189	400	24.19	0	-2.97	-4.02	0.00	0.00
1	919	291716	1201	421	1189	400	24.19	0	-2.97	-4.02	0.00	0.00
1	920	291757	1201	421	1189	400	24.19	0	-2.98	-4.02	0.00	0.00
1	921	291798	1200	421	1189	400	23.71	0	-2.98	-4.02	0.00	0.00
1	922	291838	1200	421	1189	400	23.71	0	-2.98	-4.01	0.00	0.00
1	923	291879	1200	421	1189	400	23.71	0	-2.98	-4.01	0.00	0.00
1	924	291920	1200	420	1189	400	22.83	0	-2.99	-4.01	0.00	0.00
1	925	291961	1200	420	1189	400	22.83	0	-2.99	-4.01	0.00	200.00
1	926	292002	1200	420	1189	409	15.56	0	-2.99	-4.01	0.00	200.00
1	927	292043	1200	420	1189	417	11.40	0	-2.99	-4.00	0.00	200.00
1	928	292084	1200	420	1189	424	11.70	0	-3.00	-4.00	0.00	200.00
1	929	292124	1200	420	1189	433	17.03	0	-3.00	-4.00	0.00	0.00
1	930	292165	1199	419	1189	433	17.20	0	-3.00	-4.00	0.00	0.00
1	931	292206	1199	419	1189	433	17.20	0	-3.00	-4.00	0.00	0.00
1	932	292247	1199	419	1189	433	17.20	0	-3.01	-3.99	0.00	0.00
1	933	292288	1199	419	1189	433	17.20	0	-3.01	-3.99	0.00	0.00
1	934	292329	1199	419	1189	433	17.20	0	-3.01	-3.99	0.00	0.00
1	935	292370	1199	419	1189	433	17.20	0	-3.02	-3.99	0.00	0.00
1	936	292411	1199	418	1189	433	18.03	0	-3.02	-3.99	0.00	0.00
1	937	292452	1199	418	1189	433	18.03	0	-3.02	-3.98	0.00	0.00
1	938	292493	1198	418	1189	433	17.49	0	-3.02	-3.98	0.00	0.00
1	939	292534	1198	418	1189	433	17.49	0	-3.03	-3.98	0.00	0.00
1	940	292575	1198	418	1189	433	17.49	0	-3.03	-3.98	0.00	0.00
1	941	292616	1198	418	1189	433	17.49	0	-3.03	-3.98	0.00	0.00
1	942	292657	1198	417	1189	433	18.36	0	-3.04	-3.97	0.00	0.00
1	943	292698	1198	417	1189	433	18.36	0	-3.04	-3.97	0.00	0.00
1	944	292739	1198	417	1189	433	18.36	0	-3.04	-3.97	0.00	0.00
1	945	292780	1198	417	1189	433	18.36	0	-3.04	-3.97	0.00	0.00
1	946	292821	1197	417	1189	433	17.89	0	-3.05	-3.97	0.00	0.00
1	947	292862	1197	417	1189	433	17.89	0	-3.05	-3.96	0.00	0.00
1	948	292903	1197	416	1189	433	18.79	0	-3.05	-3.96	0.00	0.00
1	949	292944	1197	416	1189	433	18.79	0	-3.05	-3.96	0.00	0.00
1	950	292985	1197	416	1189	433	18.79	0	-3.06	-3.96	0.00	0.00
1	951	293026	1197	416	1189	433	18.79	0	-3.06	-3.95	0.00	0.00
1	952	293067	1197	416	1189	433	18.79	0	-3.06	-3.95	0.00	-200.00
1	953	293108	1197	416	1189	424	11.31	0	-3.07	-3.95	0.00	-200.00
1	954	293149	1196	415	1189	418	7.62	1	-3.07	-3.95	0.00	-200.00
1	955	293190	1196	415	1189	409	9.22	1	-3.07	-3.95	0.00	0.00
1	956	293231	1196	415	1189	409	9.22	1	-3.07	-3.94	0.00	0.00
1	957	293272	1196	415	1189	409	9.22	1	-3.08	-3.94	0.00	0.00
1	958	293313	1196	415	1189	409	9.22	1	-3.08	-3.94	0.00	0.00
1	959	293354	1196	415	1189	409	9.22	1	-3.08	-3.94	0.00	0.00
1	960	293395	1196	414	1189	409	8.60	1	-3.08	-3.94	0.00	0.00
1	961	293436	1196	414	1189	409	8.60	1	-3.09	-3.93	0.00	0.00
1	962	293477	1195	414	1189	409	7.81	1	-3.09	-3.93	0.00	0.00
1	963	293518	1195	414	1189	409	7.81	1	-3.09	-3.93	0.00	0.00
1	964	293559	1195	414	1189	409	7.81	1	-3.09	-3.93	0.00	0.00
1	965	293600	1195	414	1189	409	7.81	1	-3.10	-3.93	0.00	200.00
1	966	293641	1195	414	1189	416	6.32	1	-3.10	-3.92	0.00	200.00
1	967	293682	1195	413	1189	426	14.32	0	-3.10	-3.92	0.00	0.00
1	968	293723	1195	413	1189	426	14.32	0	-3.11	-3.92	0.00	0.00
1	969	293764	1195	413	1189	426	14.32	0	-3.11	-3.92	0.00	0.00
1	970	293805	1194	413	1189	426	13.93	0	-3.11	-3.91	0.00	0.00
1	971	293846	1194	413	1189	426	13.93	0	-3.11	-3.91	200.00	0.00
1	972	293887	1194	413	1198	426	13.60	0	-3.12	-3.91	200.00	-200.00
1	973	293928	1194	412	1206	417	13.00	0	-3.12	-3.91	200.00	-200.00
1	974	293969	1194	412	1215	408	21.38	0	-3.12	-3.91	200.00	-200.00
1	975	294010	1194	412	1224	400	32.31	0	-3.12	-3.90	200.00	-200.00
1	976	294051	1194	412	1230	394	40.25	0	-3.13	-3.90	0.00	0.00
1	977	294091	1193	412	1230	394	41.15	0	-3.13	-3.90	0.00	0.00
1	978	294132	1193	412	1230	394	41.15	0	-3.13	-3.90	0.00	0.00
1	979	294173	1193	411	1230	394	40.72	0	-3.13	-3.90	0.00	0.00
1	980	294214	1193	411	1230	394	40.72	0	-3.14	-3.89	-200.00	0.00
1	981	294255	1193	411	1223	394	34.48	0	-3.14	-3.89	-200.00	0.00
1	982	294296	1193	411	1213	394	26.25	0	-3.14	-3.89	-200.00	0.00
1	983	294337	1193	411	1206	394	21.40	0	-3.15	-3.89	0.00	0.00
1	984	294378	1193	411	1206	394	21.40	0	-3.15	-3.88	0.00	0.00
1	985	294419	1192	410	1206	394	21.26	0	-3.15	-3.88	0.00	0.00
1	986	294460	1192	410	1206	394	21.26	0	-3.15	-3.88	0.00	0.00
1	987	294501	1192	410	1206	394	21.26	0	-3.16	-3.88	0.00	0.00
1	988	294542	1192	410	1206	394	21.26	0	-3.16	-3.88	0.00	0.00
1	989	294583	1192	410	1206	394	21.26	0	-3.16	-3.87	-200.00	200.00
1	990	294624	1192	410	1198	402	10.00	0	-3.16	-3.87	-200.00	200.00
1	991	294664	1192	409	1189	411	3.61	1	-3.17	-3.87	0.00	0.00
1	992	294705	1192	409	1189	411	3.61	1	-3.17	-3.87	0.00	0.00
1	993	294745	1191	409	1189	411	2.83	1	-3.17	-3.87	0.00	0.00
1	994	294786	1191	409	1189	411	2.83	1	-3.17	-3.86	0.00	0.00
1	995	294827	1191	409	1189	411	2.83	1	-3.18	-3.86	0.00	0.00
1	996	294868	1191	409	1189	411	2.83	1	-3.18	-3.86	0.00	0.00
1	997	294909	1191	409	1189	411	2.83	1	-3.18	-3.86	0.00	0.00
1	998	294950	1191	408	1189	411	3.61	1	-3.18	-3.85	0.00	0.00
1	999	294991	1191	408	1189	411	3.61	1	-3.19	-3.85	0.00	0.00
1	1000	295032	1190	408	1189	411	3.16	1	-3.19	-3.85	0.00	0.00
1	1001	295073	1190	408	1189	411	3.16	1	-3.19	-3.85	0.00	0.00
1	1002	295114	1190	408	1189	411	3.16	1	-3.20	-3.85	0.00	0.00
1	1003	295155	1190	408	1189	411	3.16	1	-3.20	-3.84	0.00	-200.00
1	1004	295196	1190	407	1189	403	4.12	1	-3.20	-3.84	0.00	-200.00
1	1005	295237	1190	407	1189	394	13.04	0	-3.20	-3.84	0.00	-200.00
1	1006	295278	1190	407	1189	385	22.02	0	-3.21	-3.84	0.00	0.00
1	1007	295319	1190	407	1189	385	22.02	0	-3.21	-3.83	0.00	0.00
1	1008	295360	1189	407	1189	385	22.00	0	-3.21	-3.83	0.00	0.00
1	1009	295401	1189	407	1189	385	22.00	0	-3.21	-3.83	0.00	0.00
1	1010	295442	1189	407	1189	385	22.00	0	-3.22	-3.83	0.00	0.00
1	1011	295483	1189	406	1189	385	21.00	0	-3.22	-3.83	0.00	0.00
1	1012	295524	1189	406	1189	385	21.00	0	-3.22	-3.82	0.00	0.00
1	1013	295565	1189	406	1189	385	21.00	0	-3.22	-3.82	0.00	0.00
1	1014	295606	1189	406	1189	385	21.00	0	-3.23	-3.82	0.00	0.00
1	1015	295647	1189	406	1189	385	21.00	0	-3.23	-3.82	0.00	0.00
1	1016	295688	1188	406	1189	385	21.02	0	-3.23	-3.82	0.00	0.00
1	1017	295729	1188	405	1189	385	20.02	0	-3.23	-3.81	0.00	0.00
1	1018	295770	1188	405	1189	385	20.02	0	-3.24	-3.81	0.00	0.00
1	1019	295811	1188	405	1189	385	20.02	0	-3.24	-3.81	0.00	0.00
1	1020	295851	1188	405	1189	385	20.02	0	-3.24	-3.81	0.00	0.00
1	1021	295892	1188	405	1189	385	20.02	0	-3.25	-3.80	0.00	0.00
1	1022	295933	1188	405	1189	385	20.02	0	-3.25	-3.80	0.00	0.00
1	1023	295974	1187	404	1189	385	19.10	0	-3.25	-3.80	0.00	-200.00
1	1024	296015	1187	404	1189	379	25.08	0	-3.25	-3.80	0.00	-200.00
1	1025	296056	1187	404	1189	370	34.06	0	-3.26	-3.80	0.00	-200.00
1	1026	296097	1187	404	1189	362	42.05	0	-3.26	-3.79	0.00	-200.00
1	1027	296138	1187	404	1189	353	51.04	0	-3.26	-3.79	0.00	0.00
1	1028	296179	1187	404	1189	353	51.04	0	-3.26	-3.79	0.00	0.00
1	1029	296220	1187	404	1189	353	51.04	0	-3.27	-3.79	0.00	0.00
1	1030	296261	1187	403	1189	353	50.04	0	-3.27	-3.78	0.00	0.00
1	1031	296302	1186	403	1189	353	50.09	0	-3.27	-3.78	0.00	200.00
1	1032	296343	1186	403	1189	362	41.11	0	-3.27	-3.78	0.00	200.00
1	1033	296384	1186	403	1189	370	33.14	0	-3.28	-3.78	0.00	200.00
1	1034	296425	1186	403	1189	376	27.17	0	-3.28	-3.78	0.00	200.00
1	1035	296466	1186	403	1189	385	18.25	0	-3.28	-3.77	0.00	200.00
1	1036	296507	1186	402	1189	394	8.54	1	-3.28	-3.77	0.00	0.00
1	1037	296548	1186	402	1189	394	8.54	1	-3.29	-3.77	0.00	0.00
1	1038	296589	1185	402	1189	394	8.94	1	-3.29	-3.77	0.00	0.00
1	1039	296630	1185	402	1189	394	8.94	1	-3.29	-3.76	0.00	0.00
1	1040	296670	1185	402	1189	394	8.94	1	-3.29	-3.76	0.00	0.00
1	1041	296711	1185	402	1189	394	8.94	1	-3.30	-3.76	0.00	0.00
1	1042	296752	1185	402	1189	394	8.94	1	-3.30	-3.76	-200.00	0.00
1	1043	296793	1185	401	1180	394	8.60	1	-3.30	-3.75	-200.00	0.00
1	1044	296834	1185	401	1172	394	14.76	0	-3.30	-3.75	-200.00	0.00
1	1045	296875	1185	401	1165	394	21.19	0	-3.31	-3.75	0.00	0.00
1	1046	296916	1184	401	1165	394	20.25	0	-3.31	-3.75	0.00	0.00
1	1047	296956	1184	401	1165	394	20.25	0	-3.31	-3.75	0.00	0.00
1	1048	296997	1184	401	1165	394	20.25	0	-3.31	-3.74	0.00	0.00
1	1049	297038	1184	400	1165	394	19.92	0	-3.32	-3.74	0.00	0.00
1	1050	297079	1184	400	1165	394	19.92	0	-3.32	-3.74	0.00	0.00
1	1051	297120	1184	400	1165	394	19.92	0	-3.32	-3.74	0.00	0.00
1	1052	297161	1184	400	1165	394	19.92	0	-3.32	-3.73	0.00	0.00
1	1053	297202	1183	400	1165	394	18.97	0	-3.33	-3.73	0.00	0.00
1	1054	297243	1183	400	1165	394	18.97	0	-3.33	-3.73	200.00	0.00
1	1055	297284	1183	400	1174	394	10.82	0	-3.33	-3.73	200.00	0.00
1	1056	297325	1183	399	1180	394	5.83	1	-3.33	-3.73	0.00	0.00
1	1057	297366	1183	399	1180	394	5.83	1	-3.34	-3.72	0.00	0.00
1	1058	297407	1183	399	1180	394	5.83	1	-3.34	-3.72	0.00	0.00
1	1059	297448	1183	399	1180	394	5.83	1	-3.34	-3.72	0.00	0.00
1	1060	297489	1182	399	1180	394	5.39	1	-3.35	-3.72	0.00	0.00
1	1061	297530	1182	399	1180	394	5.39	1	-3.35	-3.71	0.00	0.00
1	1062	297571	1182	398	1180	394	4.47	1	-3.35	-3.71	0.00	0.00
1	1063	297612	1182	398	1180	394	4.47	1	-3.35	-3.71	0.00	0.00
1	1064	297653	1182	398	1180	394	4.47	1	-3.36	-3.71	0.00	200.00
1	1065	297694	1182	398	1180	402	4.47	1	-3.36	-3.70	0.00	200.00
1	1066	297734	1182	398	1180	411	13.15	0	-3.36	-3.70	0.00	0.00
1	1067	297775	1182	398	1180	411	13.15	0	-3.36	-3.70	0.00	0.00
1	1068	297816	1181	398	1180	411	13.04	0	-3.37	-3.70	0.00	0.00
1	1069	297857	1181	397	1180	411	14.04	0	-3.37	-3.70	0.00	0.00
1	1070	297898	1181	397	1180	411	14.04	0	-3.37	-3.69	0.00	0.00
1	1071	297939	1181	397	1180	411	14.04	0	-3.37	-3.69	0.00	0.00
1	1072	297980	1181	397	1180	411	14.04	0	-3.38	-3.69	0.00	0.00
1	1073	298021	1181	397	1180	411	14.04	0	-3.38	-3.69	0.00	-200.00
1	1074	298062	1181	397	1180	403	6.08	1	-3.38	-3.68	0.00	-200.00
1	1075	298103	1180	397	1180	396	1.00	1	-3.38	-3.68	0.00	0.00
1	1076	298144	1180	396	1180	396	0.00	1	-3.39	-3.68	0.00	0.00
1	1077	298185	1180	396	1180	396	0.00	1	-3.39	-3.68	0.00	0.00
1	1078	298225	1180	396	1180	396	0.00	1	-3.39	-3.67	0.00	0.00
1	1079	298266	1180	396	1180	396	0.00	1	-3.39	-3.67	0.00	0.00
1	1080	298307	1180	396	1180	396	0.00	1	-3.40	-3.67	0.00	0.00
1	1081	298348	1180	396	1180	396	0.00	1	-3.40	-3.67	0.00	0.00
1	1082	298389	1179	395	1180	396	1.41	1	-3.40	-3.67	0.00	0.00
1	1083	298430	1179	395	1180	396	1.41	1	-3.40	-3.66	0.00	200.00
1	1084	298471	1179	395	1180	404	9.06	1	-3.41	-3.66	0.00	200.00
1	1085	298512	1179	395	1180	413	18.03	0	-3.41	-3.66	0.00	200.00
1	1086	298552	1179	395	1180	420	25.02	0	-3.41	-3.66	0.00	200.00
1	1087	298593	1179	395	1180	430	35.01	0	-3.41	-3.65	0.00	0.00
1	1088	298633	1179	395	1180	430	35.01	0	-3.42	-3.65	0.00	0.00
1	1089	298674	1178	394	1180	430	36.06	0	-3.42	-3.65	0.00	0.00
1	1090	298714	1178	394	1180	430	36.06	0	-3.42	-3.65	0.00	0.00
1	1091	298755	1178	394	1180	430	36.06	0	-3.42	-3.64	0.00	0.00
1	1092	298796	1178	394	1180	430	36.06	0	-3.43	-3.64	0.00	0.00
1	1093	298837	1178	394	1180	430	36.06	0	-3.43	-3.64	0.00	0.00
1	1094	298878	1178	394	1180	430	36.06	0	-3.43	-3.64	0.00	-200.00
1	1095	298919	1178	394	1180	423	29.07	0	-3.43	-3.64	0.00	-200.00
1	1096	298960	1177	393	1180	414	21.21	0	-3.44	-3.63	0.00	-200.00
1	1097	299001	1177	393	1180	406	13.34	0	-3.44	-3.63	0.00	0.00
1	1098	299041	1177	393	1180	406	13.34	0	-3.44	-3.63	0.00	0.00
1	1099	299082	1177	393	1180	406	13.34	0	-3.44	-3.63	0.00	0.00
1	1100	299123	1177	393	1180	406	13.34	0	-3.45	-3.62	0.00	0.00
1	1101	299164	1177	393	1180	406	13.34	0	-3.45	-3.62	0.00	0.00
1	1102	299205	1177	392	1180	406	14.32	0	-3.45	-3.62	-200.00	-200.00
1	1103	299246	1176	392	1172	397	6.40	1	-3.45	-3.62	-200.00	-200.00
1	1104	299287	1176	392	1163	389	13.34	0	-3.46	-3.61	200.00	0.00
1	1105	299328	1176	392	1172	389	5.00	1	-3.46	-3.61	0.00	0.00
1	1106	299368	1176	392	1172	389	5.00	1	-3.46	-3.61	0.00	0.00
1	1107	299409	1176	392	1172	389	5.00	1	-3.46	-3.61	0.00	0.00
1	1108	299450	1176	392	1172	389	5.00	1	-3.47	-3.60	0.00	0.00
1	1109	299491	1176	391	1172	389	4.47	1	-3.47	-3.60	0.00	0.00
1	1110	299532	1175	391	1172	389	3.61	1	-3.47	-3.60	0.00	0.00
1	1111	299573	1175	391	1172	389	3.61	1	-3.47	-3.60	0.00	0.00
1	1112	299614	1175	391	1172	389	3.61	1	-3.48	-3.59	0.00	0.00
1	1113	299655	1175	391	1172	389	3.61	1	-3.48	-3.59	0.00	0.00
1	1114	299695	1175	391	1172	389	3.61	1	-3.48	-3.59	200.00	0.00
1	1115	299736	1175	391	1181	389	6.32	1	-3.48	-3.59	200.00	0.00
1	1116	299777	1175	390	1190	389	15.03	0	-3.49	-3.59	200.00	0.00
1	1117	299818	1174	390	1197	389	23.02	0	-3.49	-3.58	200.00	0.00
1	1118	299859	1174	390	1206	389	32.02	0	-3.49	-3.58	0.00	0.00
1	1119	299900	1174	390	1206	389	32.02	0	-3.49	-3.58	0.00	0.00
1	1120	299941	1174	390	1206	389	32.02	0	-3.49	-3.58	0.00	0.00
1	1121	299981	1174	390	1206	389	32.02	0	-3.50	-3.57	0.00	0.00
1	1122	300022	1174	390	1206	389	32.02	0	-3.50	-3.57	0.00	0.00
1	1123	300063	1174	389	1206	389	32.00	0	-3.50	-3.57	0.00	0.00
1	1124	300104	1173	389	1206	389	33.00	0	-3.50	-3.57	-200.00	0.00
1	1125	300145	1173	389	1197	389	24.00	0	-3.51	-3.56	-200.00	0.00
1	1126	300185	1173	389	1191	389	18.00	0	-3.51	-3.56	-200.00	0.00
1	1127	300226	1173	389	1182	389	9.00	1	-3.51	-3.56	0.00	0.00
1	1128	300267	1173	389	1182	389	9.00	1	-3.51	-3.56	0.00	0.00
1	1129	300308	1173	388	1182	389	9.06	1	-3.52	-3.55	0.00	0.00
1	1130	300349	1173	388	1182	389	9.06	1	-3.52	-3.55	0.00	0.00
1	1131	300390	1172	388	1182	389	10.05	0	-3.52	-3.55	0.00	0.00
1	1132	300431	1172	388	1182	389	10.05	0	-3.52	-3.55	0.00	0.00
1	1133	300472	1172	388	1182	389	10.05	0	-3.53	-3.54	0.00	0.00
1	1134	300513	1172	388	1182	389	10.05	0	-3.53	-3.54	0.00	0.00
1	1135	300553	1172	388	1182	389	10.05	0	-3.53	-3.54	0.00	0.00
1	1136	300594	1172	388	1182	389	10.05	0	-3.53	-3.54	0.00	0.00
1	1137	300634	1172	387	1182	389	10.20	0	-3.54	-3.54	0.00	0.00
1	1138	300675	1171	387	1182	389	11.18	0	-3.54	-3.53	0.00	0.00
1	1139	300716	1171	387	1182	389	11.18	0	-3.54	-3.53	0.00	0.00
1	1140	300757	1171	387	1182	389	11.18	0	-3.54	-3.53	0.00	0.00
1	1141	300798	1171	387	1182	389	11.18	0	-3.55	-3.52	0.00	0.00
1	1142	300839	1171	387	1182	389	11.18	0	-3.55	-3.52	0.00	0.00
1	1143	300880	1171	386	1182	389	11.40	0	-3.55	-3.52	0.00	0.00
1	1144	300921	1171	386	1182	389	11.40	0	-3.55	-3.52	0.00	0.00
1	1145	300962	1170	386	1182	389	12.37	0	-3.56	-3.52	0.00	0.00
1	1146	301003	1170	386	1182	389	12.37	0	-3.56	-3.51	-200.00	0.00
1	1147	301044	1170	386	1174	389	5.00	1	-3.56	-3.51	-200.00	0.00
1	1148	301085	1170	386	1165	389	5.83	1	-3.56	-3.51	0.00	0.00
1	1149	301126	1170	386	1165	389	5.83	1	-3.57	-3.51	0.00	0.00
1	1150	301167	1170	385	1165	389	6.40	1	-3.57	-3.50	0.00	0.00
1	1151	301208	1170	385	1165	389	6.40	1	-3.57	-3.50	0.00	0.00
1	1152	301249	1169	385	1165	389	5.66	1	-3.57	-3.50	0.00	0.00
1	1153	301290	1169	385	1165	389	5.66	1	-3.57	-3.50	0.00	0.00
1	1154	301331	1169	385	1165	389	5.66	1	-3.58	-3.49	0.00	0.00
1	1155	301372	1169	385	1165	389	5.66	1	-3.58	-3.49	0.00	0.00
1	1156	301413	1169	385	1165	389	5.66	1	-3.58	-3.49	0.00	0.00
1	1157	301454	1169	384	1165	389	6.40	1	-3.58	-3.49	0.00	0.00
1	1158	301495	1169	384	1165	389	6.40	1	-3.59	-3.48	0.00	0.00
1	1159	301536	1168	384	1165	389	5.83	1	-3.59	-3.48	0.00	0.00
1	1160	301577	1168	384	1165	389	5.83	1	-3.59	-3.48	0.00	0.00
1	1161	301618	1168	384	1165	389	5.83	1	-3.59	-3.48	0.00	0.00
1	1162	301659	1168	384	1165	389	5.83	1	-3.60	-3.47	0.00	0.00
1	1163	301700	1168	384	1165	389	5.83	1	-3.60	-3.47	0.00	0.00
1	1164	301741	1168	383	1165	389	6.71	1	-3.60	-3.47	0.00	0.00
1	1165	301782	1167	383	1165	389	6.32	1	-3.60	-3.47	0.00	0.00
1	1166	301823	1167	383	1165	389	6.32	1	-3.61	-3.46	0.00	0.00
1	1167	301863	1167	383	1165	389	6.32	1	-3.61	-3.46	0.00	-200.00
1	1168	301904	1167	383	1165	380	3.61	1	-3.61	-3.46	0.00	-200.00
1	1169	301945	1167	383	1165	374	9.22	1	-3.61	-3.46	0.00	-200.00
1	1170	301986	1167	383	1165	365	18.11	0	-3.61	-3.45	0.00	0.00
1	1171	302027	1167	382	1165	365	17.12	0	-3.62	-3.45	0.00	0.00
1	1172	302068	1166	382	1165	365	17.03	0	-3.62	-3.45	0.00	0.00
1	1173	302109	1166	382	1165	365	17.03	0	-3.62	-3.45	0.00	0.00
1	1174	302149	1166	382	1165	365	17.03	0	-3.62	-3.44	0.00	0.00
1	1175	302190	1166	382	1165	365	17.03	0	-3.63	-3.44	0.00	200.00
1	1176	302231	1166	382	1165	373	9.06	1	-3.63	-3.44	0.00	200.00
1	1177	302272	1166	382	1165	382	1.00	1	-3.63	-3.44	0.00	200.00
1	1178	302313	1166	381	1165	391	10.05	0	-3.63	-3.43	0.00	200.00
1	1179	302354	1165	381	1165	399	18.00	0	-3.64	-3.43	0.00	0.00
1	1180	302395	1165	381	1165	399	18.00	0	-3.64	-3.43	0.00	0.00
1	1181	302436	1165	381	1165	399	18.00	0	-3.64	-3.43	0.00	0.00
1	1182	302477	1165	381	1165	399	18.00	0	-3.64	-3.42	0.00	0.00
1	1183	302518	1165	381	1165	399	18.00	0	-3.65	-3.42	0.00	0.00
1	1184	302559	1165	381	1165	399	18.00	0	-3.65	-3.42	0.00	0.00
1	1185	302600	1165	381	1165	399	18.00	0	-3.65	-3.42	0.00	-200.00
1	1186	302641	1164	380	1165	390	10.05	0	-3.65	-3.41	0.00	-200.00
1	1187	302682	1164	380	1165	382	2.24	1	-3.65	-3.41	0.00	-200.00
1	1188	302723	1164	380	1165	373	7.07	1	-3.66	-3.41	0.00	0.00
1	1189	302764	1164	380	1165	373	7.07	1	-3.66	-3.41	0.00	0.00
1	1190	302805	1164	380	1165	373	7.07	1	-3.66	-3.40	0.00	0.00
1	1191	302845	1164	380	1165	373	7.07	1	-3.66	-3.40	0.00	0.00
1	1192	302885	1163	380	1165	373	7.28	1	-3.67	-3.40	0.00	0.00
1	1193	302926	1163	379	1165	373	6.32	1	-3.67	-3.40	0.00	0.00
1	1194	302967	1163	379	1165	373	6.32	1	-3.67	-3.39	0.00	200.00
1	1195	303008	1163	379	1165	382	3.61	1	-3.67	-3.39	-200.00	200.00
1	1196	303049	1163	379	1158	389	11.18	0	-3.68	-3.39	-200.00	200.00
1	1197	303090	1163	379	1149	397	22.80	0	-3.68	-3.39	-200.00	200.00
1	1198	303131	1163	379	1141	406	34.83	0	-3.68	-3.38	0.00	0.00
1	1199	303172	1162	379	1141	406	34.21	0	-3.68	-3.38	0.00	0.00
1	1200	303213	1162	378	1141	406	35.00	0	-3.69	-3.38	0.00	0.00
1	1201	303254	1162	378	1141	406	35.00	0	-3.69	-3.38	0.00	0.00
1	1202	303295	1162	378	1141	406	35.00	0	-3.69	-3.37	0.00	0.00
1	1203	303336	1162	378	1141	406	35.00	0	-3.69	-3.37	0.00	0.00
1	1204	303377	1162	378	1141	406	35.00	0	-3.69	-3.37	0.00	-200.00
1	1205	303417	1161	378	1141	397	27.59	0	-3.70	-3.37	0.00	-200.00
1	1206	303458	1161	378	1141	389	22.83	0	-3.70	-3.36	0.00	0.00
1	1207	303499	1161	377	1141	389	23.32	0	-3.70	-3.36	0.00	0.00
1	1208	303540	1161	377	1141	389	23.32	0	-3.70	-3.36	0.00	0.00
1	1209	303581	1161	377	1141	389	23.32	0	-3.71	-3.36	0.00	0.00
1	1210	303622	1161	377	1141	389	23.32	0	-3.71	-3.35	0.00	0.00
1	1211	303663	1161	377	1141	389	23.32	0	-3.71	-3.35	0.00	0.00
1	1212	303704	1160	377	1141	389	22.47	0	-3.71	-3.35	0.00	-200.00
1	1213	303745	1160	377	1141	380	19.24	0	-3.72	-3.35	0.00	-200.00
1	1214	303786	1160	376	1141	372	19.42	0	-3.72	-3.34	0.00	0.00
1	1215	303827	1160	376	1141	372	19.42	0	-3.72	-3.34	0.00	0.00
1	1216	303868	1160	376	1141	372	19.42	0	-3.72	-3.34	0.00	0.00
1	1217	303909	1160	376	1141	372	19.42	0	-3.72	-3.34	0.00	0.00
1	1218	303950	1160	376	1141	372	19.42	0	-3.73	-3.33	0.00	0.00
1	1219	303991	1159	376	1141	372	18.44	0	-3.73	-3.33	0.00	0.00
1	1220	304032	1159	376	1141	372	18.44	0	-3.73	-3.33	200.00	0.00
1	1221	304072	1159	376	1147	372	12.65	0	-3.73	-3.33	200.00	200.00
1	1222	304113	1159	375	1156	380	5.83	1	-3.74	-3.32	200.00	200.00
1	1223	304154	1159	375	1164	389	14.87	0	-3.74	-3.32	200.00	0.00
1	1224	304194	1159	375	1173	389	19.80	0	-3.74	-3.32	0.00	0.00
1	1225	304234	1158	375	1173	389	20.52	0	-3.74	-3.32	0.00	0.00
1	1226	304275	1158	375	1173	389	20.52	0	-3.74	-3.31	0.00	0.00
1	1227	304316	1158	375	1173	389	20.52	0	-3.75	-3.31	0.00	0.00
1	1228	304357	1158	375	1173	389	20.52	0	-3.75	-3.31	0.00	0.00
1	1229	304398	1158	374	1173	389	21.21	0	-3.75	-3.31	0.00	0.00
1	1230	304439	1158	374	1173	389	21.21	0	-3.75	-3.30	-200.00	0.00
1	1231	304480	1158	374	1165	389	16.55	0	-3.76	-3.30	0.00	0.00
1	1232	304520	1157	374	1165	389	17.00	0	-3.76	-3.30	0.00	0.00
1	1233	304561	1157	374	1165	389	17.00	0	-3.76	-3.30	0.00	0.00
1	1234	304602	1157	374	1165	389	17.00	0	-3.76	-3.29	0.00	0.00
1	1235	304643	1157	374	1165	389	17.00	0	-3.77	-3.29	0.00	0.00
1	1236	304684	1157	373	1165	389	17.89	0	-3.77	-3.29	0.00	0.00
1	1237	304724	1157	373	1165	389	17.89	0	-3.77	-3.29	0.00	0.00
1	1238	304765	1156	373	1165	389	18.36	0	-3.77	-3.28	0.00	0.00
1	1239	304806	1156	373	1165	389	18.36	0	-3.77	-3.28	0.00	0.00
1	1240	304847	1156	373	1165	389	18.36	0	-3.78	-3.28	-200.00	0.00
1	1241	304888	1156	373	1156	389	16.00	0	-3.78	-3.27	-200.00	-200.00
1	1242	304929	1156	373	1149	382	11.40	0	-3.78	-3.27	0.00	0.00
1	1243	304969	1156	373	1149	382	11.40	0	-3.78	-3.27	0.00	0.00
1	1244	305010	1156	372	1149	382	12.21	0	-3.79	-3.27	0.00	0.00
1	1245	305051	1155	372	1149	382	11.66	0	-3.79	-3.26	0.00	0.00
1	1246	305092	1155	372	1149	382	11.66	0	-3.79	-3.26	0.00	0.00
1	1247	305132	1155	372	1149	382	11.66	0	-3.79	-3.26	0.00	0.00
1	1248	305173	1155	372	1149	382	11.66	0	-3.79	-3.26	0.00	0.00
1	1249	305213	1155	372	1149	382	11.66	0	-3.80	-3.25	200.00	0.00
1	1250	305254	1155	372	1158	382	10.44	0	-3.80	-3.25	200.00	0.00
1	1251	305295	1154	371	1167	382	17.03	0	-3.80	-3.25	0.00	0.00
1	1252	305336	1154	371	1167	382	17.03	0	-3.80	-3.25	0.00	0.00
1	1253	305377	1154	371	1167	382	17.03	0	-3.80	-3.24	0.00	0.00
1	1254	305418	1154	371	1167	382	17.03	0	-3.81	-3.24	0.00	0.00
1	1255	305458	1154	371	1167	382	17.03	0	-3.81	-3.24	0.00	0.00
1	1256	305499	1154	371	1167	382	17.03	0	-3.81	-3.24	0.00	0.00
1	1257	305540	1153	371	1167	382	17.80	0	-3.81	-3.23	0.00	-200.00
1	1258	305581	1153	371	1167	375	14.56	0	-3.82	-3.23	0.00	-200.00
1	1259	305621	1153	370	1167	367	14.32	0	-3.82	-3.23	0.00	0.00
1	1260	305662	1153	370	1167	367	14.32	0	-3.82	-3.23	0.00	0.00
1	1261	305703	1153	370	1167	367	14.32	0	-3.82	-3.22	0.00	0.00
1	1262	305744	1153	370	1167	367	14.32	0	-3.82	-3.22	0.00	0.00
1	1263	305784	1153	370	1167	367	14.32	0	-3.83	-3.22	0.00	0.00
1	1264	305825	1152	370	1167	367	15.30	0	-3.83	-3.21	-200.00	0.00
1	1265	305866	1152	370	1160	367	8.54	1	-3.83	-3.21	-200.00	0.00
1	1266	305907	1152	369	1152	367	2.00	1	-3.83	-3.21	0.00	0.00
1	1267	305948	1152	369	1152	367	2.00	1	-3.84	-3.21	0.00	0.00
1	1268	305989	1152	369	1152	367	2.00	1	-3.84	-3.20	0.00	0.00
1	1269	306030	1152	369	1152	367	2.00	1	-3.84	-3.20	0.00	0.00
1	1270	306071	1151	369	1152	367	2.24	1	-3.84	-3.20	0.00	0.00
1	1271	306111	1151	369	1152	367	2.24	1	-3.84	-3.20	0.00	0.00
1	1272	306152	1151	369	1152	367	2.24	1	-3.85	-3.19	0.00	0.00
1	1273	306193	1151	369	1152	367	2.24	1	-3.85	-3.19	0.00	0.00
1	1274	306233	1151	368	1152	367	1.41	1	-3.85	-3.19	0.00	0.00
1	1275	306274	1151	368	1152	367	1.41	1	-3.85	-3.19	0.00	0.00
1	1276	306315	1150	368	1152	367	2.24	1	-3.86	-3.18	0.00	0.00
1	1277	306356	1150	368	1152	367	2.24	1	-3.86	-3.18	0.00	0.00
1	1278	306397	1150	368	1152	367	2.24	1	-3.86	-3.18	0.00	0.00
1	1279	306437	1150	368	1152	367	2.24	1	-3.86	-3.18	0.00	0.00
1	1280	306478	1150	368	1152	367	2.24	1	-3.86	-3.17	0.00	0.00
1	1281	306518	1150	368	1152	367	2.24	1	-3.87	-3.17	0.00	0.00
1	1282	306559	1150	367	1152	367	2.00	1	-3.87	-3.17	0.00	0.00
1	1283	306599	1149	367	1152	367	3.00	1	-3.87	-3.16	0.00	0.00
1	1284	306640	1149	367	1152	367	3.00	1	-3.87	-3.16	0.00	0.00
1	1285	306681	1149	367	1152	367	3.00	1	-3.87	-3.16	0.00	0.00
1	1286	306722	1149	367	1152	367	3.00	1	-3.88	-3.16	0.00	0.00
1	1287	306763	1149	367	1152	367	3.00	1	-3.88	-3.15	0.00	0.00
1	1288	306804	1149	367	1152	367	3.00	1	-3.88	-3.15	0.00	0.00
1	1289	306845	1148	366	1152	367	4.12	1	-3.88	-3.15	0.00	0.00
1	1290	306886	1148	366	1152	367	4.12	1	-3.89	-3.15	0.00	0.00
1	1291	306927	1148	366	1152	367	4.12	1	-3.89	-3.14	0.00	0.00
1	1292	306968	1148	366	1152	367	4.12	1	-3.89	-3.14	0.00	0.00
1	1293	307009	1148	366	1152	367	4.12	1	-3.89	-3.14	0.00	0.00
1	1294	307050	1148	366	1152	367	4.12	1	-3.89	-3.14	0.00	0.00
1	1295	307091	1147	366	1152	367	5.10	1	-3.90	-3.13	0.00	0.00
1	1296	307132	1147	366	1152	367	5.10	1	-3.90	-3.13	0.00	0.00
1	1297	307173	1147	365	1152	367	5.39	1	-3.90	-3.13	0.00	0.00
1	1298	307214	1147	365	1152	367	5.39	1	-3.90	-3.13	0.00	0.00
1	1299	307255	1147	365	1152	367	5.39	1	-3.91	-3.12	0.00	0.00
1	1300	307296	1147	365	1152	367	5.39	1	-3.91	-3.12	0.00	0.00
1	1301	307336	1147	365	1152	367	5.39	1	-3.91	-3.12	0.00	0.00
1	1302	307376	1146	365	1152	367	6.32	1	-3.91	-3.11	0.00	0.00
1	1303	307416	1146	365	1152	367	6.32	1	-3.91	-3.11	0.00	0.00
1	1304	307457	1146	365	1152	367	6.32	1	-3.92	-3.11	0.00	0.00
1	1305	307498	1146	364	1152	367	6.71	1	-3.92	-3.11	0.00	0.00
1	1306	307539	1146	364	1152	367	6.71	1	-3.92	-3.10	0.00	0.00
1	1307	307580	1146	364	1152	367	6.71	1	-3.92	-3.10	0.00	0.00
1	1308	307621	1145	364	1152	367	7.62	1	-3.92	-3.10	0.00	0.00
1	1309	307662	1145	364	1152	367	7.62	1	-3.93	-3.10	0.00	0.00
1	1310	307702	1145	364	1152	367	7.62	1	-3.93	-3.09	0.00	0.00
1	1311	307743	1145	364	1152	367	7.62	1	-3.93	-3.09	0.00	0.00
1	1312	307783	1145	364	1152	367	7.62	1	-3.93	-3.09	0.00	0.00
1	1313	307824	1145	363	1152	367	8.06	1	-3.93	-3.08	0.00	0.00
1	1314	307865	1144	363	1152	367	8.94	1	-3.94	-3.08	0.00	0.00
1	1315	307906	1144	363	1152	367	8.94	1	-3.94	-3.08	0.00	0.00
1	1316	307947	1144	363	1152	367	8.94	1	-3.94	-3.08	0.00	0.00
1	1317	307988	1144	363	1152	367	8.94	1	-3.94	-3.07	0.00	0.00
1	1318	308028	1144	363	1152	367	8.94	1	-3.95	-3.07	0.00	0.00
1	1319	308069	1144	363	1152	367	8.94	1	-3.95	-3.07	0.00	-200.00
1	1320	308109	1143	363	1152	358	10.30	0	-3.95	-3.07	-200.00	-200.00
1	1321	308150	1143	362	1146	352	10.44	0	-3.95	-3.06	-200.00	-200.00
1	1322	308191	1143	362	1137	343	19.92	0	-3.95	-3.06	-200.00	-200.00
1	1323	308232	1143	362	1128	335	30.89	0	-3.96	-3.06	0.00	-200.00
1	1324	308273	1143	362	1128	326	39.00	0	-3.96	-3.06	0.00	0.00
1	1325	308314	1143	362	1128	326	39.00	0	-3.96	-3.05	0.00	0.00
1	1326	308354	1143	362	1128	326	39.00	0	-3.96	-3.05	0.00	0.00
1	1327	308395	1142	362	1128	326	38.63	0	-3.96	-3.05	0.00	0.00
1	1328	308436	1142	362	1128	326	38.63	0	-3.97	-3.04	0.00	0.00
1	1329	308477	1142	361	1128	326	37.70	0	-3.97	-3.04	0.00	200.00
1	1330	308518	1142	361	1128	335	29.53	0	-3.97	-3.04	0.00	200.00
1	1331	308558	1142	361	1128	343	22.80	0	-3.97	-3.04	-200.00	200.00
1	1332	308599	1141	361	1119	352	23.77	0	-3.97	-3.03	-200.00	200.00
1	1333	308640	1141	361	1112	359	29.07	0	-3.98	-3.03	-200.00	200.00
1	1334	308680	1141	361	1103	368	38.64	0	-3.98	-3.03	-200.00	200.00
1	1335	308721	1141	361	1095	377	48.70	0	-3.98	-3.03	0.00	0.00
1	1336	308762	1141	361	1095	377	48.70	0	-3.98	-3.02	0.00	0.00
1	1337	308803	1141	360	1095	377	49.04	0	-3.98	-3.02	0.00	0.00
1	1338	308844	1141	360	1095	377	49.04	0	-3.99	-3.02	0.00	0.00
1	1339	308885	1140	360	1095	377	48.10	0	-3.99	-3.01	0.00	0.00
1	1340	308925	1140	360	1095	377	48.10	0	-3.99	-3.01	0.00	0.00
1	1341	308966	1140	360	1095	377	48.10	0	-3.99	-3.01	0.00	0.00
1	1342	309006	1140	360	1095	377	48.10	0	-4.00	-3.01	-200.00	0.00
1	1343	309047	1140	360	1088	377	54.71	0	-4.00	-3.00	-200.00	0.00
1	1344	309088	1140	360	1080	377	62.36	0	-4.00	-3.00	-200.00	0.00
1	1345	309129	1139	359	1071	377	70.34	0	-4.00	-3.00	-200.00	0.00
1	1346	309170	1139	359	1062	377	79.08	0	-4.00	-3.00	-200.00	0.00
1	1347	309211	1139	359	1054	377	86.88	0	-4.01	-2.99	0.00	0.00
1	1348	309252	1139	359	1054	377	86.88	0	-4.01	-2.99	0.00	0.00
1	1349	309293	1139	359	1054	377	86.88	0	-4.01	-2.99	0.00	0.00
1	1350	309333	1139	359	1054	377	86.88	0	-4.01	-2.98	200.00	0.00
1	1351	309374	1138	359	1060	377	80.05	0	-4.01	-2.98	200.00	0.00
1	1352	309415	1138	359	1069	377	71.31	0	-4.02	-2.98	200.00	0.00
1	1353	309456	1138	358	1078	377	62.94	0	-4.02	-2.98	200.00	-200.00
1	1354	309497	1138	358	1086	369	53.15	0	-4.02	-2.97	0.00	-200.00
1	1355	309538	1138	358	1086	360	52.04	0	-4.02	-2.97	0.00	-200.00
1	1356	309579	1138	358	1086	354	52.15	0	-4.02	-2.97	-200.00	-200.00
1	1357	309620	1137	358	1077	346	61.19	0	-4.03	-2.97	0.00	0.00
1	1358	309660	1137	358	1077	346	61.19	0	-4.03	-2.96	0.00	0.00
1	1359	309701	1137	358	1077	346	61.19	0	-4.03	-2.96	0.00	0.00
1	1360	309742	1137	358	1077	346	61.19	0	-4.03	-2.96	0.00	0.00
1	1361	309783	1137	357	1077	346	61.00	0	-4.03	-2.95	0.00	0.00
1	1362	309824	1137	357	1077	346	61.00	0	-4.04	-2.95	0.00	0.00
1	1363	309865	1136	357	1077	346	60.02	0	-4.04	-2.95	0.00	0.00
1	1364	309906	1136	357	1077	346	60.02	0	-4.04	-2.95	0.00	0.00
1	1365	309946	1136	357	1077	346	60.02	0	-4.04	-2.94	0.00	0.00
1	1366	309987	1136	357	1077	346	60.02	0	-4.04	-2.94	0.00	0.00
1	1367	310028	1136	357	1077	346	60.02	0	-4.05	-2.94	0.00	0.00
1	1368	310069	1136	357	1077	346	60.02	0	-4.05	-2.94	0.00	0.00
1	1369	310110	1135	357	1077	346	59.03	0	-4.05	-2.93	0.00	0.00
1	1370	310151	1135	356	1077	346	58.86	0	-4.05	-2.93	0.00	0.00
1	1371	310192	1135	356	1077	346	58.86	0	-4.05	-2.93	0.00	0.00
1	1372	310233	1135	356	1077	346	58.86	0	-4.06	-2.92	0.00	0.00
1	1373	310273	1135	356	1077	346	58.86	0	-4.06	-2.92	0.00	0.00
1	1374	310314	1135	356	1077	346	58.86	0	-4.06	-2.92	0.00	0.00
1	1375	310355	1134	356	1077	346	57.87	0	-4.06	-2.92	0.00	0.00
1	1376	310395	1134	356	1077	346	57.87	0	-4.06	-2.91	0.00	0.00
1	1377	310436	1134	356	1077	346	57.87	0	-4.07	-2.91	0.00	0.00
1	1378	310477	1134	355	1077	346	57.71	0	-4.07	-2.91	0.00	0.00
1	1379	310518	1134	355	1077	346	57.71	0	-4.07	-2.90	0.00	0.00
1	1380	310558	1134	355	1077	346	57.71	0	-4.07	-2.90	0.00	0.00
1	1381	310599	1133	355	1077	346	56.72	0	-4.07	-2.90	0.00	0.00
1	1382	310639	1133	355	1077	346	56.72	0	-4.08	-2.90	0.00	0.00
1	1383	310680	1133	355	1077	346	56.72	0	-4.08	-2.89	0.00	0.00
1	1384	310721	1133	355	1077	346	56.72	0	-4.08	-2.89	0.00	0.00
1	1385	310762	1133	355	1077	346	56.72	0	-4.08	-2.89	0.00	0.00
1	1386	310803	1133	354	1077	346	56.57	0	-4.08	-2.88	0.00	0.00
1	1387	310844	1132	354	1077	346	55.58	0	-4.09	-2.88	0.00	0.00
1	1388	310885	1132	354	1077	346	55.58	0	-4.09	-2.88	0.00	0.00
1	1389	310925	1132	354	1077	346	55.58	0	-4.09	-2.88	0.00	0.00
1	1390	310966	1132	354	1077	346	55.58	0	-4.09	-2.87	0.00	0.00
1	1391	311007	1132	354	1077	346	55.58	0	-4.09	-2.87	0.00	0.00
1	1392	311048	1132	354	1077	346	55.58	0	-4.10	-2.87	0.00	0.00
1	1393	311089	1131	354	1077	346	54.59	0	-4.10	-2.86	0.00	0.00
1	1394	311130	1131	354	1077	346	54.59	0	-4.10	-2.86	0.00	0.00
1	1395	311171	1131	353	1077	346	54.45	0	-4.10	-2.86	0.00	0.00
1	1396	311212	1131	353	1077	346	54.45	0	-4.10	-2.86	0.00	0.00
1	1397	311252	1131	353	1077	346	54.45	0	-4.11	-2.85	0.00	0.00
1	1398	311293	1131	353	1077	346	54.45	0	-4.11	-2.85	0.00	0.00
1	1399	311334	1130	353	1077	346	53.46	0	-4.11	-2.85	0.00	0.00
1	1400	311375	1130	353	1077	346	53.46	0	-4.11	-2.85	0.00	0.00
1	1401	311416	1130	353	1077	346	53.46	0	-4.11	-2.84	0.00	0.00
1	1402	311457	1130	353	1077	346	53.46	0	-4.12	-2.84	0.00	0.00
1	1403	311498	1130	352	1077	346	53.34	0	-4.12	-2.84	0.00	0.00
1	1404	311539	1130	352	1077	346	53.34	0	-4.12	-2.83	0.00	0.00
1	1405	311580	1129	352	1077	346	52.35	0	-4.12	-2.83	0.00	0.00
