Pra_Test	PointNum	PointTime	ObjPointX	ObjPointY	PostPointX	PostPointY	Distance	Hit	ObjSpeedX	ObjSpeedY	PostSpeedX	PostSpeedY
1	1	22585492	1259	597	960	600	299.02	0	-0.04	-5.00	-200.00	-200.00
1	2	22585533	1259	597	954	594	305.01	0	-0.05	-5.00	-200.00	-200.00
1	3	22585574	1259	597	945	585	314.23	0	-0.05	-5.00	0.00	-200.00
1	4	22585615	1259	596	945	576	314.64	0	-0.05	-5.00	0.00	-200.00
1	5	22585656	1259	596	945	568	315.25	0	-0.06	-5.00	0.00	0.00
1	6	22585697	1259	596	945	568	315.25	0	-0.06	-5.00	0.00	0.00
1	7	22585738	1259	596	945	568	315.25	0	-0.06	-5.00	0.00	0.00
1	8	22585779	1259	595	945	568	315.16	0	-0.07	-5.00	0.00	0.00
1	9	22585820	1259	595	945	568	315.16	0	-0.07	-5.00	0.00	0.00
1	10	22585861	1259	595	945	568	315.16	0	-0.07	-5.00	0.00	0.00
1	11	22585902	1259	595	945	568	315.16	0	-0.08	-5.00	0.00	0.00
1	12	22585943	1259	595	945	568	315.16	0	-0.08	-5.00	0.00	0.00
1	13	22585984	1259	594	945	568	315.07	0	-0.08	-5.00	0.00	0.00
1	14	22586025	1259	594	945	568	315.07	0	-0.09	-5.00	0.00	0.00
1	15	22586066	1259	594	945	568	315.07	0	-0.09	-5.00	0.00	0.00
1	16	22586107	1259	594	945	568	315.07	0	-0.09	-5.00	0.00	0.00
1	17	22586148	1259	594	945	568	315.07	0	-0.10	-5.00	0.00	0.00
1	18	22586189	1259	593	945	568	314.99	0	-0.10	-5.00	0.00	0.00
1	19	22586230	1259	593	945	568	314.99	0	-0.10	-5.00	0.00	0.00
1	20	22586271	1259	593	945	568	314.99	0	-0.11	-5.00	0.00	0.00
1	21	22586312	1259	593	945	568	314.99	0	-0.11	-5.00	0.00	0.00
1	22	22586368	1259	593	945	568	314.99	0	-0.12	-5.00	0.00	0.00
1	23	22586410	1259	592	945	568	314.92	0	-0.12	-5.00	0.00	0.00
1	24	22586450	1259	592	945	568	314.92	0	-0.12	-5.00	0.00	0.00
1	25	22586490	1259	592	945	568	314.92	0	-0.13	-5.00	0.00	0.00
1	26	22586530	1259	592	945	568	314.92	0	-0.13	-5.00	0.00	0.00
1	27	22586571	1259	592	945	568	314.92	0	-0.13	-5.00	0.00	0.00
1	28	22586612	1259	591	945	568	314.84	0	-0.14	-5.00	0.00	0.00
1	29	22586653	1259	591	945	568	314.84	0	-0.14	-5.00	0.00	0.00
1	30	22586694	1259	591	945	568	314.84	0	-0.14	-5.00	0.00	0.00
1	31	22586735	1259	591	945	568	314.84	0	-0.15	-5.00	0.00	0.00
1	32	22586776	1259	591	945	568	314.84	0	-0.15	-5.00	0.00	0.00
1	33	22586817	1259	590	945	568	314.77	0	-0.15	-5.00	0.00	0.00
1	34	22586858	1259	590	945	568	314.77	0	-0.16	-5.00	0.00	0.00
1	35	22586899	1259	590	945	568	314.77	0	-0.16	-5.00	0.00	0.00
1	36	22586940	1259	590	945	568	314.77	0	-0.16	-5.00	0.00	0.00
1	37	22586981	1259	589	945	568	314.70	0	-0.17	-5.00	0.00	0.00
1	38	22587022	1259	589	945	568	314.70	0	-0.17	-5.00	0.00	0.00
1	39	22587063	1259	589	945	568	314.70	0	-0.17	-5.00	0.00	0.00
1	40	22587104	1259	589	945	568	314.70	0	-0.18	-5.00	0.00	0.00
1	41	22587145	1259	589	945	568	314.70	0	-0.18	-5.00	0.00	0.00
1	42	22587186	1259	588	945	568	314.64	0	-0.18	-5.00	0.00	0.00
1	43	22587226	1259	588	945	568	314.64	0	-0.19	-5.00	0.00	0.00
1	44	22587267	1259	588	945	568	314.64	0	-0.19	-5.00	0.00	0.00
1	45	22587308	1259	588	945	568	314.64	0	-0.19	-5.00	0.00	0.00
1	46	22587349	1259	588	945	568	314.64	0	-0.20	-5.00	0.00	0.00
1	47	22587390	1259	587	945	568	314.57	0	-0.20	-5.00	0.00	0.00
1	48	22587430	1259	587	945	568	314.57	0	-0.20	-5.00	0.00	0.00
1	49	22587471	1259	587	945	568	314.57	0	-0.21	-5.00	0.00	0.00
1	50	22587512	1259	587	945	568	314.57	0	-0.21	-5.00	0.00	0.00
1	51	22587552	1259	587	945	568	314.57	0	-0.21	-5.00	0.00	0.00
1	52	22587593	1259	586	945	568	314.52	0	-0.22	-5.00	0.00	0.00
1	53	22587633	1259	586	945	568	314.52	0	-0.22	-5.00	0.00	0.00
1	54	22587673	1259	586	945	568	314.52	0	-0.23	-4.99	0.00	0.00
1	55	22587714	1259	586	945	568	314.52	0	-0.23	-4.99	0.00	0.00
1	56	22587754	1259	586	945	568	314.52	0	-0.23	-4.99	0.00	0.00
1	57	22587795	1259	585	945	568	314.46	0	-0.24	-4.99	0.00	0.00
1	58	22587835	1259	585	945	568	314.46	0	-0.24	-4.99	0.00	0.00
1	59	22587876	1259	585	945	568	314.46	0	-0.24	-4.99	0.00	0.00
1	60	22587916	1259	585	945	568	314.46	0	-0.25	-4.99	0.00	0.00
1	61	22587957	1259	585	945	568	314.46	0	-0.25	-4.99	0.00	0.00
1	62	22587997	1259	584	945	568	314.41	0	-0.25	-4.99	0.00	0.00
1	63	22588038	1259	584	945	568	314.41	0	-0.26	-4.99	0.00	0.00
1	64	22588078	1259	584	945	568	314.41	0	-0.26	-4.99	0.00	0.00
1	65	22588118	1259	584	945	568	314.41	0	-0.26	-4.99	0.00	0.00
1	66	22588159	1259	584	945	568	314.41	0	-0.27	-4.99	-200.00	0.00
1	67	22588199	1259	583	936	568	323.35	0	-0.27	-4.99	-200.00	0.00
1	68	22588240	1259	583	930	568	329.34	0	-0.27	-4.99	-200.00	200.00
1	69	22588281	1259	583	921	576	338.07	0	-0.28	-4.99	-200.00	200.00
1	70	22588323	1259	583	913	585	346.01	0	-0.28	-4.99	-200.00	200.00
1	71	22588363	1259	582	904	594	355.20	0	-0.28	-4.99	0.00	0.00
1	72	22588404	1259	582	904	594	355.20	0	-0.29	-4.99	0.00	0.00
1	73	22588445	1259	582	904	594	355.20	0	-0.29	-4.99	0.00	0.00
1	74	22588486	1259	582	904	594	355.20	0	-0.29	-4.99	0.00	0.00
1	75	22588527	1259	582	904	594	355.20	0	-0.30	-4.99	0.00	0.00
1	76	22588568	1259	581	904	594	355.24	0	-0.30	-4.99	0.00	0.00
1	77	22588609	1259	581	904	594	355.24	0	-0.30	-4.99	0.00	0.00
1	78	22588650	1259	581	904	594	355.24	0	-0.31	-4.99	0.00	0.00
1	79	22588691	1259	581	904	594	355.24	0	-0.31	-4.99	0.00	0.00
1	80	22588732	1259	581	904	594	355.24	0	-0.31	-4.99	0.00	0.00
1	81	22588773	1259	580	904	594	355.28	0	-0.32	-4.99	200.00	-200.00
1	82	22588814	1259	580	913	585	346.04	0	-0.32	-4.99	200.00	-200.00
1	83	22588855	1259	580	921	576	338.02	0	-0.32	-4.99	200.00	-200.00
1	84	22588896	1259	580	930	568	329.22	0	-0.33	-4.99	200.00	-200.00
1	85	22588937	1259	580	936	561	323.56	0	-0.33	-4.99	200.00	-200.00
1	86	22588977	1259	579	945	553	315.07	0	-0.33	-4.99	200.00	-200.00
1	87	22589018	1259	579	953	544	308.00	0	-0.34	-4.99	200.00	-200.00
1	88	22589059	1259	579	962	536	300.10	0	-0.34	-4.99	200.00	-200.00
1	89	22589100	1259	579	971	527	292.66	0	-0.35	-4.99	200.00	-200.00
1	90	22589141	1259	579	977	520	288.11	0	-0.35	-4.99	200.00	-200.00
1	91	22589182	1259	578	986	512	280.86	0	-0.35	-4.99	200.00	-200.00
1	92	22589223	1259	578	995	503	274.45	0	-0.36	-4.99	200.00	-200.00
1	93	22589264	1259	578	1003	495	269.12	0	-0.36	-4.99	200.00	-200.00
1	94	22589305	1259	578	1012	486	263.58	0	-0.36	-4.99	200.00	-200.00
1	95	22589346	1259	578	1020	477	259.46	0	-0.37	-4.99	0.00	0.00
1	96	22589387	1259	577	1020	477	259.08	0	-0.37	-4.99	0.00	0.00
1	97	22589428	1259	577	1020	477	259.08	0	-0.37	-4.99	0.00	0.00
1	98	22589469	1259	577	1020	477	259.08	0	-0.38	-4.99	0.00	0.00
1	99	22589510	1259	577	1020	477	259.08	0	-0.38	-4.99	0.00	0.00
1	100	22589551	1259	577	1020	477	259.08	0	-0.38	-4.99	0.00	0.00
1	101	22589591	1259	576	1020	477	258.69	0	-0.39	-4.99	0.00	0.00
1	102	22589632	1259	576	1020	477	258.69	0	-0.39	-4.98	0.00	0.00
1	103	22589673	1259	576	1020	477	258.69	0	-0.39	-4.98	0.00	0.00
1	104	22589714	1259	576	1020	477	258.69	0	-0.40	-4.98	0.00	0.00
1	105	22589755	1259	576	1020	477	258.69	0	-0.40	-4.98	0.00	0.00
1	106	22589796	1259	575	1020	477	258.31	0	-0.40	-4.98	0.00	0.00
1	107	22589837	1259	575	1020	477	258.31	0	-0.41	-4.98	0.00	0.00
1	108	22589878	1258	575	1020	477	257.39	0	-0.41	-4.98	0.00	0.00
1	109	22589919	1258	575	1020	477	257.39	0	-0.41	-4.98	0.00	0.00
1	110	22589960	1258	574	1020	477	257.01	0	-0.42	-4.98	0.00	0.00
1	111	22590001	1258	574	1020	477	257.01	0	-0.42	-4.98	200.00	0.00
1	112	22590042	1258	574	1026	477	251.46	0	-0.42	-4.98	200.00	0.00
1	113	22590082	1258	574	1035	477	243.18	0	-0.43	-4.98	200.00	200.00
1	114	22590123	1258	574	1044	486	231.39	0	-0.43	-4.98	200.00	200.00
1	115	22590164	1258	573	1052	495	220.27	0	-0.43	-4.98	200.00	200.00
1	116	22590205	1258	573	1061	503	209.07	0	-0.44	-4.98	200.00	200.00
1	117	22590246	1258	573	1067	510	201.12	0	-0.44	-4.98	200.00	200.00
1	118	22590287	1258	573	1076	518	190.13	0	-0.44	-4.98	200.00	200.00
1	119	22590327	1258	573	1085	527	179.01	0	-0.45	-4.98	200.00	200.00
1	120	22590368	1258	572	1094	536	167.90	0	-0.45	-4.98	200.00	200.00
1	121	22590409	1258	572	1102	545	158.32	0	-0.45	-4.98	200.00	200.00
1	122	22590450	1258	572	1109	551	150.47	0	-0.46	-4.98	200.00	200.00
1	123	22590491	1258	572	1117	560	141.51	0	-0.46	-4.98	200.00	200.00
1	124	22590532	1258	572	1126	568	132.06	0	-0.46	-4.98	200.00	200.00
1	125	22590573	1258	571	1135	577	123.15	0	-0.47	-4.98	200.00	200.00
1	126	22590614	1258	571	1143	586	115.97	0	-0.47	-4.98	200.00	200.00
1	127	22590655	1258	571	1150	592	110.02	0	-0.47	-4.98	200.00	200.00
1	128	22590696	1258	571	1158	600	104.12	0	-0.48	-4.98	200.00	0.00
1	129	22590737	1258	571	1167	600	95.51	0	-0.48	-4.98	200.00	0.00
1	130	22590778	1258	570	1175	600	88.26	0	-0.48	-4.98	200.00	0.00
1	131	22590819	1258	570	1184	600	79.85	0	-0.49	-4.98	200.00	0.00
1	132	22590860	1258	570	1192	600	72.50	0	-0.49	-4.98	200.00	0.00
1	133	22590901	1258	570	1199	600	66.19	0	-0.49	-4.98	0.00	0.00
1	134	22590942	1258	570	1199	600	66.19	0	-0.50	-4.98	0.00	0.00
1	135	22590983	1258	569	1199	600	66.65	0	-0.50	-4.97	0.00	0.00
1	136	22591024	1258	569	1199	600	66.65	0	-0.51	-4.97	0.00	0.00
1	137	22591065	1258	569	1199	600	66.65	0	-0.51	-4.97	0.00	0.00
1	138	22591106	1258	569	1199	600	66.65	0	-0.51	-4.97	0.00	0.00
1	139	22591147	1258	569	1199	600	66.65	0	-0.52	-4.97	0.00	0.00
1	140	22591188	1258	568	1199	600	67.12	0	-0.52	-4.97	0.00	0.00
1	141	22591229	1258	568	1199	600	67.12	0	-0.52	-4.97	-200.00	0.00
1	142	22591270	1258	568	1191	600	74.25	0	-0.53	-4.97	-200.00	0.00
1	143	22591311	1258	568	1182	600	82.46	0	-0.53	-4.97	-200.00	0.00
1	144	22591352	1258	568	1175	600	88.96	0	-0.53	-4.97	-200.00	0.00
1	145	22591393	1258	567	1167	600	96.80	0	-0.54	-4.97	-200.00	0.00
1	146	22591434	1258	567	1158	600	105.30	0	-0.54	-4.97	-200.00	0.00
1	147	22591475	1258	567	1150	600	112.93	0	-0.54	-4.97	0.00	0.00
1	148	22591516	1258	567	1150	600	112.93	0	-0.55	-4.97	0.00	0.00
1	149	22591557	1258	567	1150	600	112.93	0	-0.55	-4.97	0.00	0.00
1	150	22591598	1258	566	1150	600	113.23	0	-0.55	-4.97	0.00	0.00
1	151	22591639	1258	566	1150	600	113.23	0	-0.56	-4.97	0.00	0.00
1	152	22591680	1258	566	1150	600	113.23	0	-0.56	-4.97	0.00	0.00
1	153	22591721	1258	566	1150	600	113.23	0	-0.56	-4.97	0.00	0.00
1	154	22591762	1258	565	1150	600	113.53	0	-0.57	-4.97	0.00	0.00
1	155	22591803	1258	565	1150	600	113.53	0	-0.57	-4.97	200.00	-200.00
1	156	22591844	1258	565	1159	591	102.36	0	-0.57	-4.97	200.00	-200.00
1	157	22591885	1257	565	1167	583	91.78	0	-0.58	-4.97	200.00	-200.00
1	158	22591926	1257	565	1176	574	81.50	0	-0.58	-4.97	200.00	-200.00
1	159	22591967	1257	564	1184	566	73.03	0	-0.58	-4.97	200.00	-200.00
1	160	22592008	1257	564	1191	559	66.19	0	-0.59	-4.97	200.00	-200.00
1	161	22592049	1257	564	1199	551	59.44	0	-0.59	-4.97	0.00	0.00
1	162	22592090	1257	564	1199	551	59.44	0	-0.59	-4.96	0.00	0.00
1	163	22592131	1257	564	1199	551	59.44	0	-0.60	-4.96	0.00	0.00
1	164	22592172	1257	563	1199	551	59.23	0	-0.60	-4.96	0.00	0.00
1	165	22592213	1257	563	1199	551	59.23	0	-0.60	-4.96	0.00	0.00
1	166	22592254	1257	563	1199	551	59.23	0	-0.61	-4.96	0.00	0.00
1	167	22592295	1257	563	1199	551	59.23	0	-0.61	-4.96	0.00	0.00
1	168	22592336	1257	563	1199	551	59.23	0	-0.61	-4.96	200.00	0.00
1	169	22592377	1257	562	1208	551	50.22	0	-0.62	-4.96	200.00	0.00
1	170	22592417	1257	562	1214	551	44.38	0	-0.62	-4.96	200.00	0.00
1	171	22592458	1257	562	1223	551	35.74	0	-0.62	-4.96	0.00	0.00
1	172	22592499	1257	562	1223	551	35.74	0	-0.63	-4.96	0.00	0.00
1	173	22592540	1257	562	1223	551	35.74	0	-0.63	-4.96	0.00	0.00
1	174	22592581	1257	561	1223	551	35.44	0	-0.63	-4.96	0.00	0.00
1	175	22592622	1257	561	1223	551	35.44	0	-0.64	-4.96	0.00	0.00
1	176	22592663	1257	561	1223	551	35.44	0	-0.64	-4.96	0.00	0.00
1	177	22592704	1257	561	1223	551	35.44	0	-0.64	-4.96	0.00	0.00
1	178	22592745	1257	561	1223	551	35.44	0	-0.65	-4.96	0.00	0.00
1	179	22592786	1257	560	1223	551	35.17	0	-0.65	-4.96	0.00	0.00
1	180	22592827	1257	560	1223	551	35.17	0	-0.65	-4.96	0.00	0.00
1	181	22592868	1257	560	1223	551	35.17	0	-0.66	-4.96	0.00	0.00
1	182	22592909	1257	560	1223	551	35.17	0	-0.66	-4.96	0.00	0.00
1	183	22592950	1257	560	1223	551	35.17	0	-0.66	-4.96	0.00	0.00
1	184	22592991	1257	559	1223	551	34.93	0	-0.67	-4.96	0.00	0.00
1	185	22593032	1257	559	1223	551	34.93	0	-0.67	-4.95	0.00	0.00
1	186	22593073	1257	559	1223	551	34.93	0	-0.67	-4.95	0.00	0.00
1	187	22593114	1257	559	1223	551	34.93	0	-0.68	-4.95	0.00	0.00
1	188	22593155	1257	559	1223	551	34.93	0	-0.68	-4.95	200.00	0.00
1	189	22593196	1257	558	1232	551	25.96	0	-0.69	-4.95	200.00	0.00
1	190	22593237	1257	558	1240	551	18.38	0	-0.69	-4.95	200.00	0.00
1	191	22593278	1257	558	1247	551	12.21	0	-0.69	-4.95	0.00	0.00
1	192	22593319	1257	558	1247	551	12.21	0	-0.69	-4.95	0.00	0.00
1	193	22593360	1257	558	1247	551	12.21	0	-0.70	-4.95	0.00	0.00
1	194	22593401	1257	557	1247	551	11.66	0	-0.70	-4.95	0.00	0.00
1	195	22593442	1256	557	1247	551	10.82	0	-0.71	-4.95	0.00	0.00
1	196	22593483	1256	557	1247	551	10.82	0	-0.71	-4.95	0.00	0.00
1	197	22593524	1256	557	1247	551	10.82	0	-0.71	-4.95	0.00	0.00
1	198	22593565	1256	557	1247	551	10.82	0	-0.72	-4.95	0.00	0.00
1	199	22593606	1256	556	1247	551	10.30	0	-0.72	-4.95	0.00	0.00
1	200	22593647	1256	556	1247	551	10.30	0	-0.72	-4.95	0.00	0.00
1	201	22593688	1256	556	1247	551	10.30	0	-0.73	-4.95	0.00	0.00
1	202	22593729	1256	556	1247	551	10.30	0	-0.73	-4.95	0.00	0.00
1	203	22593770	1256	556	1247	551	10.30	0	-0.73	-4.95	0.00	0.00
1	204	22593811	1256	555	1247	551	9.85	1	-0.74	-4.95	0.00	0.00
1	205	22593852	1256	555	1247	551	9.85	1	-0.74	-4.95	0.00	0.00
1	206	22593893	1256	555	1247	551	9.85	1	-0.74	-4.94	0.00	0.00
1	207	22593934	1256	555	1247	551	9.85	1	-0.75	-4.94	-200.00	0.00
1	208	22593975	1256	555	1238	551	18.44	0	-0.75	-4.94	-200.00	0.00
1	209	22594016	1256	554	1229	551	27.17	0	-0.75	-4.94	-200.00	0.00
1	210	22594057	1256	554	1221	551	35.13	0	-0.76	-4.94	-200.00	0.00
1	211	22594098	1256	554	1212	551	44.10	0	-0.76	-4.94	0.00	0.00
1	212	22594138	1256	554	1212	551	44.10	0	-0.76	-4.94	0.00	0.00
1	213	22594179	1256	554	1212	551	44.10	0	-0.77	-4.94	0.00	0.00
1	214	22594219	1256	553	1212	551	44.05	0	-0.77	-4.94	0.00	0.00
1	215	22594260	1256	553	1212	551	44.05	0	-0.77	-4.94	0.00	0.00
1	216	22594301	1256	553	1212	551	44.05	0	-0.78	-4.94	0.00	0.00
1	217	22594342	1256	553	1212	551	44.05	0	-0.78	-4.94	0.00	0.00
1	218	22594382	1256	553	1212	551	44.05	0	-0.78	-4.94	200.00	0.00
1	219	22594423	1256	552	1221	551	35.01	0	-0.79	-4.94	200.00	0.00
1	220	22594464	1256	552	1230	551	26.02	0	-0.79	-4.94	200.00	-200.00
1	221	22594505	1256	552	1238	542	20.59	0	-0.79	-4.94	200.00	-200.00
1	222	22594545	1256	552	1245	536	19.42	0	-0.80	-4.94	0.00	0.00
1	223	22594586	1256	552	1245	536	19.42	0	-0.80	-4.94	0.00	0.00
1	224	22594627	1256	551	1245	536	18.60	0	-0.80	-4.94	0.00	0.00
1	225	22594668	1256	551	1245	536	18.60	0	-0.81	-4.93	0.00	0.00
1	226	22594709	1256	551	1245	536	18.60	0	-0.81	-4.93	0.00	0.00
1	227	22594750	1256	551	1245	536	18.60	0	-0.81	-4.93	0.00	0.00
1	228	22594791	1255	551	1245	536	18.03	0	-0.82	-4.93	0.00	0.00
1	229	22594832	1255	550	1245	536	17.20	0	-0.82	-4.93	0.00	0.00
1	230	22594873	1255	550	1245	536	17.20	0	-0.82	-4.93	0.00	0.00
1	231	22594914	1255	550	1245	536	17.20	0	-0.83	-4.93	0.00	0.00
1	232	22594955	1255	550	1245	536	17.20	0	-0.83	-4.93	0.00	0.00
1	233	22594996	1255	550	1245	536	17.20	0	-0.83	-4.93	0.00	0.00
1	234	22595037	1255	549	1245	536	16.40	0	-0.84	-4.93	0.00	0.00
1	235	22595078	1255	549	1245	536	16.40	0	-0.84	-4.93	0.00	0.00
1	236	22595119	1255	549	1245	536	16.40	0	-0.84	-4.93	0.00	0.00
1	237	22595160	1255	549	1245	536	16.40	0	-0.85	-4.93	0.00	0.00
1	238	22595201	1255	548	1245	536	15.62	0	-0.85	-4.93	0.00	0.00
1	239	22595242	1255	548	1245	536	15.62	0	-0.85	-4.93	0.00	0.00
1	240	22595283	1255	548	1245	536	15.62	0	-0.86	-4.93	0.00	0.00
1	241	22595324	1255	548	1245	536	15.62	0	-0.86	-4.93	0.00	0.00
1	242	22595365	1255	548	1245	536	15.62	0	-0.86	-4.92	0.00	200.00
1	243	22595406	1255	547	1245	544	10.44	0	-0.87	-4.92	0.00	200.00
1	244	22595447	1255	547	1245	550	10.44	0	-0.87	-4.92	0.00	0.00
1	245	22595488	1255	547	1245	550	10.44	0	-0.87	-4.92	0.00	0.00
1	246	22595529	1255	547	1245	550	10.44	0	-0.88	-4.92	0.00	0.00
1	247	22595570	1255	547	1245	550	10.44	0	-0.88	-4.92	0.00	0.00
1	248	22595611	1255	546	1245	550	10.77	0	-0.88	-4.92	0.00	0.00
1	249	22595652	1255	546	1245	550	10.77	0	-0.89	-4.92	0.00	0.00
1	250	22595693	1255	546	1245	550	10.77	0	-0.89	-4.92	0.00	0.00
1	251	22595734	1255	546	1245	550	10.77	0	-0.89	-4.92	0.00	0.00
1	252	22595775	1255	546	1245	550	10.77	0	-0.90	-4.92	0.00	0.00
1	253	22595816	1255	545	1245	550	11.18	0	-0.90	-4.92	0.00	0.00
1	254	22595857	1255	545	1245	550	11.18	0	-0.90	-4.92	0.00	-200.00
1	255	22595898	1255	545	1245	544	10.05	0	-0.91	-4.92	0.00	-200.00
1	256	22595939	1254	545	1245	535	13.45	0	-0.91	-4.92	0.00	0.00
1	257	22595980	1254	545	1245	535	13.45	0	-0.91	-4.92	0.00	0.00
1	258	22596021	1254	544	1245	535	12.73	0	-0.92	-4.92	0.00	0.00
1	259	22596062	1254	544	1245	535	12.73	0	-0.92	-4.91	0.00	0.00
1	260	22596103	1254	544	1245	535	12.73	0	-0.92	-4.91	0.00	0.00
1	261	22596144	1254	544	1245	535	12.73	0	-0.93	-4.91	0.00	0.00
1	262	22596184	1254	544	1245	535	12.73	0	-0.93	-4.91	0.00	0.00
1	263	22596224	1254	543	1245	535	12.04	0	-0.93	-4.91	0.00	0.00
1	264	22596265	1254	543	1245	535	12.04	0	-0.94	-4.91	0.00	0.00
1	265	22596306	1254	543	1245	535	12.04	0	-0.94	-4.91	0.00	0.00
1	266	22596347	1254	543	1245	535	12.04	0	-0.94	-4.91	0.00	0.00
1	267	22596388	1254	543	1245	535	12.04	0	-0.95	-4.91	0.00	0.00
1	268	22596429	1254	542	1245	535	11.40	0	-0.95	-4.91	0.00	0.00
1	269	22596470	1254	542	1245	535	11.40	0	-0.95	-4.91	0.00	0.00
1	270	22596511	1254	542	1245	535	11.40	0	-0.96	-4.91	0.00	0.00
1	271	22596551	1254	542	1245	535	11.40	0	-0.96	-4.91	0.00	0.00
1	272	22596592	1254	542	1245	535	11.40	0	-0.96	-4.91	0.00	0.00
1	273	22596632	1254	541	1245	535	10.82	0	-0.97	-4.91	0.00	0.00
1	274	22596673	1254	541	1245	535	10.82	0	-0.97	-4.90	0.00	0.00
1	275	22596714	1254	541	1245	535	10.82	0	-0.97	-4.90	0.00	0.00
1	276	22596755	1254	541	1245	535	10.82	0	-0.98	-4.90	200.00	0.00
1	277	22596795	1254	541	1254	535	6.00	1	-0.98	-4.90	200.00	0.00
1	278	22596836	1254	540	1262	535	9.43	1	-0.98	-4.90	200.00	0.00
1	279	22596877	1254	540	1271	535	17.72	0	-0.99	-4.90	0.00	0.00
1	280	22596917	1254	540	1271	535	17.72	0	-0.99	-4.90	0.00	0.00
1	281	22596958	1254	540	1271	535	17.72	0	-0.99	-4.90	0.00	0.00
1	282	22596999	1253	540	1271	535	18.68	0	-1.00	-4.90	0.00	0.00
1	283	22597040	1253	539	1271	535	18.44	0	-1.00	-4.90	0.00	0.00
1	284	22597081	1253	539	1271	535	18.44	0	-1.01	-4.90	0.00	0.00
1	285	22597121	1253	539	1271	535	18.44	0	-1.01	-4.90	0.00	0.00
1	286	22597162	1253	539	1271	535	18.44	0	-1.01	-4.90	0.00	0.00
1	287	22597203	1253	539	1271	535	18.44	0	-1.01	-4.90	0.00	0.00
1	288	22597244	1253	538	1271	535	18.25	0	-1.02	-4.90	0.00	0.00
1	289	22597285	1253	538	1271	535	18.25	0	-1.02	-4.89	0.00	0.00
1	290	22597326	1253	538	1271	535	18.25	0	-1.03	-4.89	0.00	0.00
1	291	22597366	1253	538	1271	535	18.25	0	-1.03	-4.89	0.00	0.00
1	292	22597406	1253	538	1271	535	18.25	0	-1.03	-4.89	0.00	0.00
1	293	22597447	1253	537	1271	535	18.11	0	-1.03	-4.89	-200.00	0.00
1	294	22597488	1253	537	1262	535	9.22	1	-1.04	-4.89	-200.00	0.00
1	295	22597528	1253	537	1254	535	2.24	1	-1.04	-4.89	0.00	0.00
1	296	22597569	1253	537	1254	535	2.24	1	-1.04	-4.89	0.00	0.00
1	297	22597609	1253	537	1254	535	2.24	1	-1.05	-4.89	0.00	0.00
1	298	22597650	1253	536	1254	535	1.41	1	-1.05	-4.89	0.00	0.00
1	299	22597691	1253	536	1254	535	1.41	1	-1.06	-4.89	0.00	0.00
1	300	22597732	1253	536	1254	535	1.41	1	-1.06	-4.89	0.00	0.00
1	301	22597773	1253	536	1254	535	1.41	1	-1.06	-4.89	0.00	0.00
1	302	22597813	1253	536	1254	535	1.41	1	-1.06	-4.89	0.00	0.00
1	303	22597853	1253	535	1254	535	1.00	1	-1.07	-4.88	0.00	0.00
1	304	22597894	1253	535	1254	535	1.00	1	-1.07	-4.88	0.00	0.00
1	305	22597935	1252	535	1254	535	2.00	1	-1.08	-4.88	0.00	0.00
1	306	22597976	1252	535	1254	535	2.00	1	-1.08	-4.88	0.00	0.00
1	307	22598017	1252	535	1254	535	2.00	1	-1.08	-4.88	0.00	0.00
1	308	22598057	1252	534	1254	535	2.24	1	-1.08	-4.88	0.00	0.00
1	309	22598097	1252	534	1254	535	2.24	1	-1.09	-4.88	0.00	0.00
1	310	22598138	1252	534	1254	535	2.24	1	-1.09	-4.88	0.00	0.00
1	311	22598179	1252	534	1254	535	2.24	1	-1.10	-4.88	0.00	0.00
1	312	22598220	1252	534	1254	535	2.24	1	-1.10	-4.88	0.00	0.00
1	313	22598260	1252	533	1254	535	2.83	1	-1.10	-4.88	0.00	0.00
1	314	22598301	1252	533	1254	535	2.83	1	-1.11	-4.88	0.00	0.00
1	315	22598342	1252	533	1254	535	2.83	1	-1.11	-4.88	0.00	0.00
1	316	22598382	1252	533	1254	535	2.83	1	-1.11	-4.87	0.00	0.00
1	317	22598423	1252	533	1254	535	2.83	1	-1.11	-4.87	0.00	0.00
1	318	22598463	1252	532	1254	535	3.61	1	-1.12	-4.87	0.00	0.00
1	319	22598504	1252	532	1254	535	3.61	1	-1.12	-4.87	0.00	0.00
1	320	22598545	1252	532	1254	535	3.61	1	-1.13	-4.87	0.00	0.00
1	321	22598586	1252	532	1254	535	3.61	1	-1.13	-4.87	0.00	0.00
1	322	22598626	1252	532	1254	535	3.61	1	-1.13	-4.87	0.00	0.00
1	323	22598667	1252	531	1254	535	4.47	1	-1.13	-4.87	0.00	0.00
1	324	22598707	1252	531	1254	535	4.47	1	-1.14	-4.87	0.00	0.00
1	325	22598748	1252	531	1254	535	4.47	1	-1.14	-4.87	0.00	0.00
1	326	22598789	1252	531	1254	535	4.47	1	-1.15	-4.87	0.00	0.00
1	327	22598830	1251	531	1254	535	5.00	1	-1.15	-4.87	0.00	0.00
1	328	22598871	1251	530	1254	535	5.83	1	-1.15	-4.87	0.00	0.00
1	329	22598912	1251	530	1254	535	5.83	1	-1.15	-4.86	0.00	0.00
1	330	22598953	1251	530	1254	535	5.83	1	-1.16	-4.86	0.00	0.00
1	331	22598994	1251	530	1254	535	5.83	1	-1.16	-4.86	0.00	0.00
1	332	22599035	1251	530	1254	535	5.83	1	-1.17	-4.86	0.00	0.00
1	333	22599075	1251	529	1254	535	6.71	1	-1.17	-4.86	0.00	0.00
1	334	22599116	1251	529	1254	535	6.71	1	-1.17	-4.86	0.00	0.00
1	335	22599156	1251	529	1254	535	6.71	1	-1.17	-4.86	0.00	0.00
1	336	22599197	1251	529	1254	535	6.71	1	-1.18	-4.86	0.00	0.00
1	337	22599237	1251	529	1254	535	6.71	1	-1.18	-4.86	0.00	0.00
1	338	22599278	1251	528	1254	535	7.62	1	-1.19	-4.86	0.00	0.00
1	339	22599318	1251	528	1254	535	7.62	1	-1.19	-4.86	0.00	0.00
1	340	22599359	1251	528	1254	535	7.62	1	-1.19	-4.86	0.00	0.00
1	341	22599400	1251	528	1254	535	7.62	1	-1.19	-4.86	0.00	0.00
1	342	22599441	1251	528	1254	535	7.62	1	-1.20	-4.85	0.00	0.00
1	343	22599482	1251	527	1254	535	8.54	1	-1.20	-4.85	0.00	0.00
1	344	22599523	1251	527	1254	535	8.54	1	-1.21	-4.85	0.00	0.00
1	345	22599564	1251	527	1254	535	8.54	1	-1.21	-4.85	0.00	0.00
1	346	22599605	1251	527	1254	535	8.54	1	-1.21	-4.85	0.00	0.00
1	347	22599645	1251	527	1254	535	8.54	1	-1.21	-4.85	0.00	0.00
1	348	22599686	1250	526	1254	535	9.85	1	-1.22	-4.85	0.00	0.00
1	349	22599727	1250	526	1254	535	9.85	1	-1.22	-4.85	0.00	0.00
1	350	22599767	1250	526	1254	535	9.85	1	-1.22	-4.85	0.00	0.00
1	351	22599808	1250	526	1254	535	9.85	1	-1.23	-4.85	0.00	0.00
1	352	22599848	1250	526	1254	535	9.85	1	-1.23	-4.85	0.00	0.00
1	353	22599889	1250	525	1254	535	10.77	0	-1.23	-4.85	0.00	0.00
1	354	22599930	1250	525	1254	535	10.77	0	-1.24	-4.84	0.00	0.00
1	355	22599971	1250	525	1254	535	10.77	0	-1.24	-4.84	0.00	0.00
1	356	22600011	1250	525	1254	535	10.77	0	-1.24	-4.84	0.00	-200.00
1	357	22600052	1250	525	1254	527	4.47	1	-1.25	-4.84	0.00	-200.00
1	358	22600093	1250	524	1254	518	7.21	1	-1.25	-4.84	0.00	-200.00
1	359	22600134	1250	524	1254	509	15.52	0	-1.25	-4.84	0.00	0.00
1	360	22600175	1250	524	1254	509	15.52	0	-1.26	-4.84	0.00	0.00
1	361	22600215	1250	524	1254	509	15.52	0	-1.26	-4.84	0.00	0.00
1	362	22600256	1250	524	1254	509	15.52	0	-1.26	-4.84	0.00	0.00
1	363	22600296	1250	523	1254	509	14.56	0	-1.27	-4.84	0.00	0.00
1	364	22600337	1250	523	1254	509	14.56	0	-1.27	-4.84	0.00	0.00
1	365	22600378	1250	523	1254	509	14.56	0	-1.27	-4.83	0.00	0.00
1	366	22600419	1250	523	1254	509	14.56	0	-1.28	-4.83	0.00	0.00
1	367	22600460	1249	523	1254	509	14.87	0	-1.28	-4.83	0.00	200.00
1	368	22600500	1249	522	1254	518	6.40	1	-1.28	-4.83	0.00	200.00
1	369	22600540	1249	522	1254	527	7.07	1	-1.29	-4.83	0.00	200.00
1	370	22600581	1249	522	1254	533	12.08	0	-1.29	-4.83	0.00	0.00
1	371	22600622	1249	522	1254	533	12.08	0	-1.29	-4.83	0.00	0.00
1	372	22600663	1249	522	1254	533	12.08	0	-1.30	-4.83	0.00	0.00
1	373	22600703	1249	521	1254	533	13.00	0	-1.30	-4.83	0.00	0.00
1	374	22600744	1249	521	1254	533	13.00	0	-1.30	-4.83	0.00	0.00
1	375	22600785	1249	521	1254	533	13.00	0	-1.31	-4.83	0.00	0.00
1	376	22600826	1249	521	1254	533	13.00	0	-1.31	-4.83	0.00	0.00
1	377	22600866	1249	521	1254	533	13.00	0	-1.31	-4.82	0.00	0.00
1	378	22600907	1249	520	1254	533	13.93	0	-1.32	-4.82	0.00	0.00
1	379	22600947	1249	520	1254	533	13.93	0	-1.32	-4.82	0.00	0.00
1	380	22600988	1249	520	1254	533	13.93	0	-1.32	-4.82	0.00	0.00
1	381	22601029	1249	520	1254	533	13.93	0	-1.33	-4.82	0.00	0.00
1	382	22601070	1249	520	1254	533	13.93	0	-1.33	-4.82	0.00	0.00
1	383	22601111	1249	519	1254	533	14.87	0	-1.33	-4.82	0.00	0.00
1	384	22601151	1249	519	1254	533	14.87	0	-1.34	-4.82	0.00	0.00
1	385	22601192	1249	519	1254	533	14.87	0	-1.34	-4.82	-200.00	0.00
1	386	22601233	1248	519	1247	533	14.04	0	-1.34	-4.82	-200.00	0.00
1	387	22601274	1248	519	1238	533	17.20	0	-1.35	-4.82	-200.00	0.00
1	388	22601314	1248	518	1230	533	23.43	0	-1.35	-4.81	-200.00	0.00
1	389	22601355	1248	518	1221	533	30.89	0	-1.35	-4.81	0.00	0.00
1	390	22601395	1248	518	1221	533	30.89	0	-1.36	-4.81	0.00	0.00
1	391	22601436	1248	518	1221	533	30.89	0	-1.36	-4.81	0.00	0.00
1	392	22601476	1248	518	1221	533	30.89	0	-1.36	-4.81	0.00	0.00
1	393	22601517	1248	518	1221	533	30.89	0	-1.37	-4.81	0.00	0.00
1	394	22601558	1248	517	1221	533	31.38	0	-1.37	-4.81	0.00	0.00
1	395	22601599	1248	517	1221	533	31.38	0	-1.37	-4.81	0.00	0.00
1	396	22601640	1248	517	1221	533	31.38	0	-1.38	-4.81	0.00	0.00
1	397	22601680	1248	517	1221	533	31.38	0	-1.38	-4.81	0.00	-200.00
1	398	22601721	1248	517	1221	525	28.16	0	-1.38	-4.80	0.00	-200.00
1	399	22601762	1248	516	1221	516	27.00	0	-1.39	-4.80	0.00	-200.00
1	400	22601803	1248	516	1221	507	28.46	0	-1.39	-4.80	0.00	-200.00
1	401	22601843	1248	516	1221	500	31.38	0	-1.39	-4.80	0.00	0.00
1	402	22601884	1248	516	1221	500	31.38	0	-1.40	-4.80	0.00	0.00
1	403	22601924	1248	516	1221	500	31.38	0	-1.40	-4.80	0.00	0.00
1	404	22601965	1247	515	1221	500	30.02	0	-1.40	-4.80	0.00	0.00
1	405	22602005	1247	515	1221	500	30.02	0	-1.41	-4.80	0.00	0.00
1	406	22602046	1247	515	1221	500	30.02	0	-1.41	-4.80	0.00	0.00
1	407	22602087	1247	515	1221	500	30.02	0	-1.41	-4.80	0.00	0.00
1	408	22602127	1247	515	1221	500	30.02	0	-1.42	-4.80	0.00	0.00
1	409	22602168	1247	514	1221	500	29.53	0	-1.42	-4.79	200.00	0.00
1	410	22602208	1247	514	1230	500	22.02	0	-1.42	-4.79	200.00	0.00
1	411	22602248	1247	514	1236	500	17.80	0	-1.43	-4.79	200.00	0.00
1	412	22602289	1247	514	1245	500	14.14	0	-1.43	-4.79	200.00	0.00
1	413	22602330	1247	514	1253	500	15.23	0	-1.43	-4.79	0.00	0.00
1	414	22602371	1247	513	1253	500	14.32	0	-1.44	-4.79	0.00	0.00
1	415	22602412	1247	513	1253	500	14.32	0	-1.44	-4.79	0.00	0.00
1	416	22602453	1247	513	1253	500	14.32	0	-1.44	-4.79	0.00	0.00
1	417	22602494	1247	513	1253	500	14.32	0	-1.45	-4.79	0.00	0.00
1	418	22602534	1247	513	1253	500	14.32	0	-1.45	-4.79	0.00	0.00
1	419	22602575	1247	512	1253	500	13.42	0	-1.45	-4.78	0.00	0.00
1	420	22602616	1247	512	1253	500	13.42	0	-1.46	-4.78	-200.00	200.00
1	421	22602657	1246	512	1245	509	3.16	1	-1.46	-4.78	0.00	200.00
1	422	22602697	1246	512	1245	516	4.12	1	-1.46	-4.78	0.00	0.00
1	423	22602738	1246	512	1245	516	4.12	1	-1.46	-4.78	0.00	0.00
1	424	22602779	1246	511	1245	516	5.10	1	-1.47	-4.78	0.00	0.00
1	425	22602820	1246	511	1245	516	5.10	1	-1.47	-4.78	0.00	0.00
1	426	22602860	1246	511	1245	516	5.10	1	-1.48	-4.78	0.00	0.00
1	427	22602901	1246	511	1245	516	5.10	1	-1.48	-4.78	0.00	0.00
1	428	22602942	1246	511	1245	516	5.10	1	-1.48	-4.78	0.00	0.00
1	429	22602983	1246	510	1245	516	6.08	1	-1.48	-4.77	0.00	0.00
1	430	22603024	1246	510	1245	516	6.08	1	-1.49	-4.77	0.00	0.00
1	431	22603065	1246	510	1245	516	6.08	1	-1.49	-4.77	0.00	0.00
1	432	22603106	1246	510	1245	516	6.08	1	-1.49	-4.77	0.00	0.00
1	433	22603147	1246	510	1245	516	6.08	1	-1.50	-4.77	0.00	0.00
1	434	22603187	1246	509	1245	516	7.07	1	-1.50	-4.77	0.00	0.00
1	435	22603228	1246	509	1245	516	7.07	1	-1.50	-4.77	0.00	0.00
1	436	22603269	1246	509	1245	516	7.07	1	-1.51	-4.77	0.00	0.00
1	437	22603310	1245	509	1245	516	7.00	1	-1.51	-4.77	-200.00	0.00
1	438	22603351	1245	509	1236	516	11.40	0	-1.51	-4.77	-200.00	0.00
1	439	22603392	1245	508	1227	516	19.70	0	-1.52	-4.76	-200.00	0.00
1	440	22603433	1245	508	1219	516	27.20	0	-1.52	-4.76	0.00	0.00
1	441	22603474	1245	508	1219	516	27.20	0	-1.52	-4.76	0.00	0.00
1	442	22603514	1245	508	1219	516	27.20	0	-1.53	-4.76	0.00	0.00
1	443	22603554	1245	508	1219	516	27.20	0	-1.53	-4.76	0.00	0.00
1	444	22603595	1245	508	1219	516	27.20	0	-1.53	-4.76	0.00	0.00
1	445	22603636	1245	507	1219	516	27.51	0	-1.54	-4.76	0.00	0.00
1	446	22603677	1245	507	1219	516	27.51	0	-1.54	-4.76	0.00	0.00
1	447	22603718	1245	507	1219	516	27.51	0	-1.54	-4.76	0.00	0.00
1	448	22603759	1245	507	1219	516	27.51	0	-1.55	-4.75	0.00	-200.00
1	449	22603800	1245	507	1219	507	26.00	0	-1.55	-4.75	-200.00	-200.00
1	450	22603841	1245	506	1210	498	35.90	0	-1.55	-4.75	-200.00	-200.00
1	451	22603882	1245	506	1203	491	44.60	0	-1.56	-4.75	-200.00	-200.00
1	452	22603922	1245	506	1194	482	56.36	0	-1.56	-4.75	0.00	0.00
1	453	22603963	1244	506	1194	482	55.46	0	-1.56	-4.75	0.00	0.00
1	454	22604004	1244	506	1194	482	55.46	0	-1.57	-4.75	0.00	0.00
1	455	22604045	1244	505	1194	482	55.04	0	-1.57	-4.75	0.00	0.00
1	456	22604085	1244	505	1194	482	55.04	0	-1.57	-4.75	0.00	0.00
1	457	22604126	1244	505	1194	482	55.04	0	-1.58	-4.75	0.00	0.00
1	458	22604167	1244	505	1194	482	55.04	0	-1.58	-4.74	0.00	0.00
1	459	22604208	1244	505	1194	482	55.04	0	-1.58	-4.74	0.00	0.00
1	460	22604249	1244	504	1194	482	54.63	0	-1.58	-4.74	0.00	0.00
1	461	22604290	1244	504	1194	482	54.63	0	-1.59	-4.74	200.00	0.00
1	462	22604331	1244	504	1203	482	46.53	0	-1.59	-4.74	200.00	0.00
1	463	22604372	1244	504	1211	482	39.66	0	-1.60	-4.74	200.00	0.00
1	464	22604413	1244	504	1220	482	32.56	0	-1.60	-4.74	200.00	0.00
1	465	22604454	1244	503	1229	482	25.81	0	-1.60	-4.74	200.00	0.00
1	466	22604495	1244	503	1235	482	22.85	0	-1.60	-4.74	0.00	0.00
1	467	22604536	1244	503	1235	482	22.85	0	-1.61	-4.73	0.00	0.00
1	468	22604577	1243	503	1235	482	22.47	0	-1.61	-4.73	0.00	0.00
1	469	22604617	1243	503	1235	482	22.47	0	-1.61	-4.73	0.00	0.00
1	470	22604658	1243	502	1235	482	21.54	0	-1.62	-4.73	0.00	0.00
1	471	22604698	1243	502	1235	482	21.54	0	-1.62	-4.73	0.00	0.00
1	472	22604739	1243	502	1235	482	21.54	0	-1.62	-4.73	0.00	0.00
1	473	22604780	1243	502	1235	482	21.54	0	-1.63	-4.73	0.00	200.00
1	474	22604821	1243	502	1235	491	13.60	0	-1.63	-4.73	0.00	200.00
1	475	22604862	1243	501	1235	499	8.25	1	-1.63	-4.73	0.00	200.00
1	476	22604903	1243	501	1235	506	9.43	1	-1.64	-4.72	0.00	0.00
1	477	22604944	1243	501	1235	506	9.43	1	-1.64	-4.72	0.00	0.00
1	478	22604985	1243	501	1235	506	9.43	1	-1.64	-4.72	0.00	0.00
1	479	22605026	1243	501	1235	506	9.43	1	-1.65	-4.72	0.00	0.00
1	480	22605067	1243	500	1235	506	10.00	0	-1.65	-4.72	0.00	0.00
1	481	22605108	1243	500	1235	506	10.00	0	-1.65	-4.72	0.00	0.00
1	482	22605149	1243	500	1235	506	10.00	0	-1.66	-4.72	0.00	0.00
1	483	22605190	1242	500	1235	506	9.22	1	-1.66	-4.72	0.00	0.00
1	484	22605231	1242	500	1235	506	9.22	1	-1.66	-4.72	0.00	-200.00
1	485	22605272	1242	500	1235	497	7.62	1	-1.67	-4.71	0.00	-200.00
1	486	22605313	1242	499	1235	488	13.04	0	-1.67	-4.71	0.00	-200.00
1	487	22605353	1242	499	1235	482	18.38	0	-1.67	-4.71	0.00	0.00
1	488	22605394	1242	499	1235	482	18.38	0	-1.68	-4.71	0.00	0.00
1	489	22605434	1242	499	1235	482	18.38	0	-1.68	-4.71	0.00	0.00
1	490	22605474	1242	499	1235	482	18.38	0	-1.68	-4.71	0.00	0.00
1	491	22605515	1242	498	1235	482	17.46	0	-1.69	-4.71	0.00	0.00
1	492	22605556	1242	498	1235	482	17.46	0	-1.69	-4.71	0.00	0.00
1	493	22605596	1242	498	1235	482	17.46	0	-1.69	-4.71	0.00	0.00
1	494	22605637	1242	498	1235	482	17.46	0	-1.70	-4.70	0.00	0.00
1	495	22605678	1242	498	1235	482	17.46	0	-1.70	-4.70	0.00	200.00
1	496	22605719	1242	497	1235	491	9.22	1	-1.70	-4.70	0.00	200.00
1	497	22605759	1242	497	1235	499	7.28	1	-1.71	-4.70	0.00	200.00
1	498	22605800	1241	497	1235	506	10.82	0	-1.71	-4.70	0.00	200.00
1	499	22605840	1241	497	1235	514	18.03	0	-1.71	-4.70	0.00	0.00
1	500	22605881	1241	497	1235	514	18.03	0	-1.71	-4.70	0.00	0.00
1	501	22605922	1241	496	1235	514	18.97	0	-1.72	-4.70	0.00	0.00
1	502	22605963	1241	496	1235	514	18.97	0	-1.72	-4.69	0.00	0.00
1	503	22606004	1241	496	1235	514	18.97	0	-1.72	-4.69	0.00	0.00
1	504	22606044	1241	496	1235	514	18.97	0	-1.73	-4.69	0.00	0.00
1	505	22606085	1241	496	1235	514	18.97	0	-1.73	-4.69	0.00	0.00
1	506	22606125	1241	495	1235	514	19.92	0	-1.73	-4.69	0.00	0.00
1	507	22606166	1241	495	1235	514	19.92	0	-1.74	-4.69	0.00	-200.00
1	508	22606207	1241	495	1235	506	12.53	0	-1.74	-4.69	0.00	-200.00
1	509	22606248	1241	495	1235	499	7.21	1	-1.74	-4.69	0.00	-200.00
1	510	22606288	1241	495	1235	491	7.21	1	-1.75	-4.69	0.00	0.00
1	511	22606329	1241	495	1235	491	7.21	1	-1.75	-4.68	0.00	0.00
1	512	22606370	1240	494	1235	491	5.83	1	-1.75	-4.68	0.00	0.00
1	513	22606411	1240	494	1235	491	5.83	1	-1.76	-4.68	0.00	0.00
1	514	22606452	1240	494	1235	491	5.83	1	-1.76	-4.68	0.00	0.00
1	515	22606493	1240	494	1235	491	5.83	1	-1.76	-4.68	0.00	0.00
1	516	22606534	1240	494	1235	491	5.83	1	-1.77	-4.68	0.00	0.00
1	517	22606575	1240	493	1235	491	5.39	1	-1.77	-4.68	0.00	0.00
1	518	22606616	1240	493	1235	491	5.39	1	-1.77	-4.68	0.00	0.00
1	519	22606657	1240	493	1235	491	5.39	1	-1.78	-4.67	0.00	0.00
1	520	22606698	1240	493	1235	491	5.39	1	-1.78	-4.67	0.00	0.00
1	521	22606738	1240	493	1235	491	5.39	1	-1.78	-4.67	0.00	0.00
1	522	22606778	1240	492	1235	491	5.10	1	-1.79	-4.67	0.00	0.00
1	523	22606819	1240	492	1235	491	5.10	1	-1.79	-4.67	0.00	0.00
1	524	22606860	1240	492	1235	491	5.10	1	-1.79	-4.67	0.00	0.00
1	525	22606901	1240	492	1235	491	5.10	1	-1.79	-4.67	0.00	0.00
1	526	22606942	1239	492	1235	491	4.12	1	-1.80	-4.67	0.00	0.00
1	527	22606983	1239	491	1235	491	4.00	1	-1.80	-4.66	0.00	0.00
1	528	22607024	1239	491	1235	491	4.00	1	-1.80	-4.66	0.00	0.00
1	529	22607064	1239	491	1235	491	4.00	1	-1.81	-4.66	0.00	0.00
1	530	22607105	1239	491	1235	491	4.00	1	-1.81	-4.66	0.00	0.00
1	531	22607146	1239	491	1235	491	4.00	1	-1.81	-4.66	0.00	0.00
1	532	22607186	1239	490	1235	491	4.12	1	-1.82	-4.66	0.00	0.00
1	533	22607226	1239	490	1235	491	4.12	1	-1.82	-4.66	0.00	0.00
1	534	22607267	1239	490	1235	491	4.12	1	-1.82	-4.66	0.00	0.00
1	535	22607308	1239	490	1235	491	4.12	1	-1.83	-4.65	0.00	0.00
1	536	22607349	1239	490	1235	491	4.12	1	-1.83	-4.65	0.00	0.00
1	537	22607389	1239	490	1235	491	4.12	1	-1.83	-4.65	0.00	0.00
1	538	22607430	1239	489	1235	491	4.47	1	-1.84	-4.65	0.00	0.00
1	539	22607470	1238	489	1235	491	3.61	1	-1.84	-4.65	0.00	0.00
1	540	22607511	1238	489	1235	491	3.61	1	-1.84	-4.65	0.00	0.00
1	541	22607552	1238	489	1235	491	3.61	1	-1.85	-4.65	0.00	0.00
1	542	22607593	1238	489	1235	491	3.61	1	-1.85	-4.65	0.00	0.00
1	543	22607634	1238	488	1235	491	4.24	1	-1.85	-4.64	0.00	0.00
1	544	22607674	1238	488	1235	491	4.24	1	-1.86	-4.64	0.00	0.00
1	545	22607714	1238	488	1235	491	4.24	1	-1.86	-4.64	0.00	0.00
1	546	22607755	1238	488	1235	491	4.24	1	-1.86	-4.64	0.00	0.00
1	547	22607796	1238	488	1235	491	4.24	1	-1.86	-4.64	0.00	0.00
1	548	22607836	1238	487	1235	491	5.00	1	-1.87	-4.64	0.00	0.00
1	549	22607877	1238	487	1235	491	5.00	1	-1.87	-4.64	0.00	0.00
1	550	22607918	1238	487	1235	491	5.00	1	-1.87	-4.64	0.00	0.00
1	551	22607959	1238	487	1235	491	5.00	1	-1.88	-4.63	0.00	0.00
1	552	22607999	1237	487	1235	491	4.47	1	-1.88	-4.63	0.00	0.00
1	553	22608040	1237	486	1235	491	5.39	1	-1.88	-4.63	0.00	0.00
1	554	22608081	1237	486	1235	491	5.39	1	-1.89	-4.63	0.00	-200.00
1	555	22608122	1237	486	1235	484	2.83	1	-1.89	-4.63	-200.00	-200.00
1	556	22608163	1237	486	1226	475	15.56	0	-1.89	-4.63	-200.00	-200.00
1	557	22608204	1237	486	1218	467	26.87	0	-1.90	-4.63	-200.00	-200.00
1	558	22608245	1237	486	1209	458	39.60	0	-1.90	-4.63	0.00	-200.00
1	559	22608286	1237	485	1209	450	44.82	0	-1.90	-4.62	0.00	0.00
1	560	22608327	1237	485	1209	450	44.82	0	-1.91	-4.62	0.00	0.00
1	561	22608367	1237	485	1209	450	44.82	0	-1.91	-4.62	0.00	0.00
1	562	22608408	1237	485	1209	450	44.82	0	-1.91	-4.62	0.00	0.00
1	563	22608448	1237	485	1209	450	44.82	0	-1.92	-4.62	0.00	0.00
1	564	22608489	1237	484	1209	450	44.05	0	-1.92	-4.62	0.00	0.00
1	565	22608530	1236	484	1209	450	43.42	0	-1.92	-4.62	0.00	0.00
1	566	22608570	1236	484	1209	450	43.42	0	-1.92	-4.61	0.00	0.00
1	567	22608611	1236	484	1209	450	43.42	0	-1.93	-4.61	0.00	0.00
1	568	22608652	1236	484	1209	450	43.42	0	-1.93	-4.61	0.00	0.00
1	569	22608692	1236	483	1209	450	42.64	0	-1.93	-4.61	0.00	0.00
1	570	22608733	1236	483	1209	450	42.64	0	-1.94	-4.61	0.00	0.00
1	571	22608774	1236	483	1209	450	42.64	0	-1.94	-4.61	0.00	0.00
1	572	22608814	1236	483	1209	450	42.64	0	-1.94	-4.61	0.00	0.00
1	573	22608855	1236	483	1209	450	42.64	0	-1.95	-4.61	0.00	0.00
1	574	22608895	1236	483	1209	450	42.64	0	-1.95	-4.60	0.00	0.00
1	575	22608936	1236	482	1209	450	41.87	0	-1.95	-4.60	0.00	0.00
1	576	22608976	1236	482	1209	450	41.87	0	-1.96	-4.60	0.00	0.00
1	577	22609017	1236	482	1209	450	41.87	0	-1.96	-4.60	200.00	200.00
1	578	22609058	1235	482	1217	458	30.00	0	-1.96	-4.60	200.00	200.00
1	579	22609099	1235	482	1226	467	17.49	0	-1.97	-4.60	200.00	200.00
1	580	22609139	1235	481	1235	475	6.00	1	-1.97	-4.60	200.00	200.00
1	581	22609180	1235	481	1243	484	8.54	1	-1.97	-4.59	0.00	0.00
1	582	22609222	1235	481	1243	484	8.54	1	-1.98	-4.59	0.00	0.00
1	583	22609262	1235	481	1243	484	8.54	1	-1.98	-4.59	0.00	0.00
1	584	22609303	1235	481	1243	484	8.54	1	-1.98	-4.59	0.00	0.00
1	585	22609344	1235	480	1243	484	8.94	1	-1.98	-4.59	0.00	0.00
1	586	22609385	1235	480	1243	484	8.94	1	-1.99	-4.59	0.00	0.00
1	587	22609426	1235	480	1243	484	8.94	1	-1.99	-4.59	0.00	0.00
1	588	22609467	1235	480	1243	484	8.94	1	-1.99	-4.59	0.00	0.00
1	589	22609508	1235	480	1243	484	8.94	1	-2.00	-4.58	0.00	0.00
1	590	22609549	1234	479	1243	484	10.30	0	-2.00	-4.58	0.00	0.00
1	591	22609590	1234	479	1243	484	10.30	0	-2.00	-4.58	0.00	0.00
1	592	22609631	1234	479	1243	484	10.30	0	-2.01	-4.58	0.00	0.00
1	593	22609672	1234	479	1243	484	10.30	0	-2.01	-4.58	0.00	0.00
1	594	22609713	1234	479	1243	484	10.30	0	-2.01	-4.58	-200.00	0.00
1	595	22609754	1234	479	1235	484	5.10	1	-2.02	-4.58	-200.00	0.00
1	596	22609795	1234	478	1226	484	10.00	0	-2.02	-4.57	-200.00	0.00
1	597	22609836	1234	478	1217	484	18.03	0	-2.02	-4.57	0.00	0.00
1	598	22609877	1234	478	1217	484	18.03	0	-2.03	-4.57	0.00	0.00
1	599	22609917	1234	478	1217	484	18.03	0	-2.03	-4.57	0.00	0.00
1	600	22609958	1234	478	1217	484	18.03	0	-2.03	-4.57	0.00	0.00
1	601	22609999	1234	477	1217	484	18.38	0	-2.03	-4.57	0.00	0.00
1	602	22610039	1233	477	1217	484	17.46	0	-2.04	-4.57	0.00	0.00
1	603	22610080	1233	477	1217	484	17.46	0	-2.04	-4.56	0.00	0.00
1	604	22610121	1233	477	1217	484	17.46	0	-2.04	-4.56	0.00	0.00
1	605	22610162	1233	477	1217	484	17.46	0	-2.05	-4.56	0.00	0.00
1	606	22610202	1233	476	1217	484	17.89	0	-2.05	-4.56	0.00	0.00
1	607	22610243	1233	476	1217	484	17.89	0	-2.05	-4.56	0.00	0.00
1	608	22610284	1233	476	1217	484	17.89	0	-2.06	-4.56	0.00	0.00
1	609	22610325	1233	476	1217	484	17.89	0	-2.06	-4.56	0.00	0.00
1	610	22610366	1233	476	1217	484	17.89	0	-2.06	-4.55	0.00	0.00
1	611	22610407	1233	476	1217	484	17.89	0	-2.07	-4.55	0.00	0.00
1	612	22610448	1233	475	1217	484	18.36	0	-2.07	-4.55	0.00	0.00
1	613	22610488	1233	475	1217	484	18.36	0	-2.07	-4.55	0.00	0.00
1	614	22610529	1232	475	1217	484	17.49	0	-2.08	-4.55	0.00	0.00
1	615	22610570	1232	475	1217	484	17.49	0	-2.08	-4.55	0.00	-200.00
1	616	22610611	1232	475	1217	475	15.00	0	-2.08	-4.55	0.00	-200.00
1	617	22610652	1232	474	1217	467	16.55	0	-2.08	-4.54	0.00	-200.00
1	618	22610692	1232	474	1217	458	21.93	0	-2.09	-4.54	0.00	0.00
1	619	22610733	1232	474	1217	458	21.93	0	-2.09	-4.54	0.00	0.00
1	620	22610774	1232	474	1217	458	21.93	0	-2.09	-4.54	0.00	0.00
1	621	22610814	1232	474	1217	458	21.93	0	-2.10	-4.54	0.00	0.00
1	622	22610855	1232	474	1217	458	21.93	0	-2.10	-4.54	0.00	0.00
1	623	22610896	1232	473	1217	458	21.21	0	-2.10	-4.54	0.00	0.00
1	624	22610937	1232	473	1217	458	21.21	0	-2.11	-4.53	0.00	0.00
1	625	22610978	1231	473	1217	458	20.52	0	-2.11	-4.53	0.00	0.00
1	626	22611019	1231	473	1217	458	20.52	0	-2.11	-4.53	0.00	0.00
1	627	22611060	1231	473	1217	458	20.52	0	-2.12	-4.53	0.00	200.00
1	628	22611101	1231	472	1217	467	14.87	0	-2.12	-4.53	0.00	200.00
1	629	22611142	1231	472	1217	475	14.32	0	-2.12	-4.53	0.00	200.00
1	630	22611183	1231	472	1217	484	18.44	0	-2.13	-4.53	0.00	0.00
1	631	22611223	1231	472	1217	484	18.44	0	-2.13	-4.52	0.00	0.00
1	632	22611264	1231	472	1217	484	18.44	0	-2.13	-4.52	0.00	0.00
1	633	22611305	1231	471	1217	484	19.10	0	-2.13	-4.52	0.00	0.00
1	634	22611346	1231	471	1217	484	19.10	0	-2.14	-4.52	0.00	0.00
1	635	22611387	1231	471	1217	484	19.10	0	-2.14	-4.52	0.00	0.00
1	636	22611428	1231	471	1217	484	19.10	0	-2.14	-4.52	0.00	0.00
1	637	22611469	1230	471	1217	484	18.38	0	-2.15	-4.52	0.00	0.00
1	638	22611510	1230	471	1217	484	18.38	0	-2.15	-4.51	0.00	0.00
1	639	22611551	1230	470	1217	484	19.10	0	-2.15	-4.51	0.00	0.00
1	640	22611592	1230	470	1217	484	19.10	0	-2.16	-4.51	0.00	0.00
1	641	22611633	1230	470	1217	484	19.10	0	-2.16	-4.51	0.00	0.00
1	642	22611674	1230	470	1217	484	19.10	0	-2.16	-4.51	0.00	-200.00
1	643	22611715	1230	470	1217	475	13.93	0	-2.16	-4.51	0.00	-200.00
1	644	22611756	1230	469	1217	467	13.15	0	-2.17	-4.51	0.00	-200.00
1	645	22611797	1230	469	1217	458	17.03	0	-2.17	-4.50	0.00	-200.00
1	646	22611837	1230	469	1217	449	23.85	0	-2.17	-4.50	0.00	-200.00
1	647	22611878	1230	469	1217	441	30.87	0	-2.18	-4.50	0.00	0.00
1	648	22611919	1229	469	1217	441	30.46	0	-2.18	-4.50	0.00	0.00
1	649	22611960	1229	469	1217	441	30.46	0	-2.18	-4.50	0.00	0.00
1	650	22612001	1229	468	1217	441	29.55	0	-2.19	-4.50	0.00	0.00
1	651	22612042	1229	468	1217	441	29.55	0	-2.19	-4.50	0.00	0.00
1	652	22612083	1229	468	1217	441	29.55	0	-2.19	-4.49	0.00	0.00
1	653	22612124	1229	468	1217	441	29.55	0	-2.20	-4.49	0.00	0.00
1	654	22612165	1229	468	1217	441	29.55	0	-2.20	-4.49	0.00	0.00
1	655	22612206	1229	467	1217	441	28.64	0	-2.20	-4.49	0.00	200.00
1	656	22612247	1229	467	1217	449	21.63	0	-2.20	-4.49	0.00	200.00
1	657	22612288	1229	467	1217	458	15.00	0	-2.21	-4.49	0.00	200.00
1	658	22612329	1229	467	1217	465	12.17	0	-2.21	-4.48	0.00	200.00
1	659	22612370	1228	467	1217	474	13.04	0	-2.21	-4.48	0.00	0.00
1	660	22612411	1228	466	1217	474	13.60	0	-2.22	-4.48	0.00	0.00
1	661	22612452	1228	466	1217	474	13.60	0	-2.22	-4.48	0.00	0.00
1	662	22612493	1228	466	1217	474	13.60	0	-2.22	-4.48	0.00	0.00
1	663	22612534	1228	466	1217	474	13.60	0	-2.23	-4.48	0.00	0.00
1	664	22612575	1228	466	1217	474	13.60	0	-2.23	-4.48	0.00	0.00
1	665	22612616	1228	466	1217	474	13.60	0	-2.23	-4.47	0.00	0.00
1	666	22612657	1228	465	1217	474	14.21	0	-2.24	-4.47	0.00	0.00
1	667	22612698	1228	465	1217	474	14.21	0	-2.24	-4.47	0.00	0.00
1	668	22612739	1228	465	1217	474	14.21	0	-2.24	-4.47	0.00	-200.00
1	669	22612780	1228	465	1217	465	11.00	0	-2.24	-4.47	0.00	-200.00
1	670	22612820	1227	465	1217	456	13.45	0	-2.25	-4.47	0.00	-200.00
1	671	22612861	1227	464	1217	448	18.87	0	-2.25	-4.46	0.00	0.00
1	672	22612902	1227	464	1217	448	18.87	0	-2.25	-4.46	0.00	0.00
1	673	22612943	1227	464	1217	448	18.87	0	-2.26	-4.46	0.00	0.00
1	674	22612984	1227	464	1217	448	18.87	0	-2.26	-4.46	0.00	0.00
1	675	22613025	1227	464	1217	448	18.87	0	-2.26	-4.46	0.00	0.00
1	676	22613066	1227	464	1217	448	18.87	0	-2.27	-4.46	0.00	0.00
1	677	22613107	1227	463	1217	448	18.03	0	-2.27	-4.46	0.00	0.00
1	678	22613148	1227	463	1217	448	18.03	0	-2.27	-4.45	0.00	0.00
1	679	22613189	1227	463	1217	448	18.03	0	-2.27	-4.45	0.00	0.00
1	680	22613230	1227	463	1217	448	18.03	0	-2.28	-4.45	0.00	0.00
1	681	22613271	1226	463	1217	448	17.49	0	-2.28	-4.45	0.00	0.00
1	682	22613312	1226	462	1217	448	16.64	0	-2.28	-4.45	0.00	0.00
1	683	22613353	1226	462	1217	448	16.64	0	-2.29	-4.45	0.00	0.00
1	684	22613394	1226	462	1217	448	16.64	0	-2.29	-4.44	0.00	0.00
1	685	22613435	1226	462	1217	448	16.64	0	-2.29	-4.44	0.00	0.00
1	686	22613476	1226	462	1217	448	16.64	0	-2.30	-4.44	0.00	0.00
1	687	22613517	1226	462	1217	448	16.64	0	-2.30	-4.44	0.00	0.00
1	688	22613558	1226	461	1217	448	15.81	0	-2.30	-4.44	200.00	0.00
1	689	22613599	1226	461	1224	448	13.15	0	-2.31	-4.44	200.00	0.00
1	690	22613640	1226	461	1233	448	14.76	0	-2.31	-4.44	200.00	0.00
1	691	22613681	1226	461	1242	448	20.62	0	-2.31	-4.43	0.00	0.00
1	692	22613722	1225	461	1242	448	21.40	0	-2.31	-4.43	0.00	0.00
1	693	22613763	1225	460	1242	448	20.81	0	-2.32	-4.43	0.00	0.00
1	694	22613804	1225	460	1242	448	20.81	0	-2.32	-4.43	0.00	0.00
1	695	22613845	1225	460	1242	448	20.81	0	-2.32	-4.43	0.00	0.00
1	696	22613886	1225	460	1242	448	20.81	0	-2.33	-4.43	0.00	0.00
1	697	22613927	1225	460	1242	448	20.81	0	-2.33	-4.42	0.00	0.00
1	698	22613968	1225	460	1242	448	20.81	0	-2.33	-4.42	-200.00	200.00
1	699	22614009	1225	459	1235	454	11.18	0	-2.34	-4.42	-200.00	200.00
1	700	22614049	1225	459	1226	463	4.12	1	-2.34	-4.42	0.00	200.00
1	701	22614090	1225	459	1226	472	13.04	0	-2.34	-4.42	0.00	0.00
1	702	22614131	1224	459	1226	472	13.15	0	-2.34	-4.42	0.00	0.00
1	703	22614172	1224	459	1226	472	13.15	0	-2.35	-4.41	0.00	0.00
1	704	22614213	1224	458	1226	472	14.14	0	-2.35	-4.41	0.00	0.00
1	705	22614253	1224	458	1226	472	14.14	0	-2.35	-4.41	0.00	0.00
1	706	22614294	1224	458	1226	472	14.14	0	-2.36	-4.41	0.00	0.00
1	707	22614335	1224	458	1226	472	14.14	0	-2.36	-4.41	0.00	0.00
1	708	22614376	1224	458	1226	472	14.14	0	-2.36	-4.41	0.00	0.00
1	709	22614417	1224	458	1226	472	14.14	0	-2.37	-4.40	0.00	0.00
1	710	22614459	1224	457	1226	472	15.13	0	-2.37	-4.40	0.00	0.00
1	711	22614500	1224	457	1226	472	15.13	0	-2.37	-4.40	0.00	0.00
1	712	22614541	1223	457	1226	472	15.30	0	-2.37	-4.40	0.00	0.00
1	713	22614582	1223	457	1226	472	15.30	0	-2.38	-4.40	0.00	0.00
1	714	22614623	1223	457	1226	472	15.30	0	-2.38	-4.40	0.00	0.00
1	715	22614664	1223	456	1226	472	16.28	0	-2.38	-4.39	0.00	0.00
1	716	22614704	1223	456	1226	472	16.28	0	-2.39	-4.39	0.00	0.00
1	717	22614745	1223	456	1226	472	16.28	0	-2.39	-4.39	0.00	-200.00
1	718	22614785	1223	456	1226	463	7.62	1	-2.39	-4.39	-200.00	-200.00
1	719	22614826	1223	456	1218	455	5.10	1	-2.40	-4.39	-200.00	-200.00
1	720	22614867	1223	456	1209	446	17.20	0	-2.40	-4.39	-200.00	-200.00
1	721	22614908	1223	455	1201	437	28.43	0	-2.40	-4.39	0.00	0.00
1	722	22614948	1223	455	1201	437	28.43	0	-2.40	-4.38	0.00	0.00
1	723	22614989	1222	455	1201	437	27.66	0	-2.41	-4.38	0.00	0.00
1	724	22615030	1222	455	1201	437	27.66	0	-2.41	-4.38	0.00	0.00
1	725	22615071	1222	455	1201	437	27.66	0	-2.41	-4.38	0.00	0.00
1	726	22615112	1222	454	1201	437	27.02	0	-2.42	-4.38	0.00	0.00
1	727	22615153	1222	454	1201	437	27.02	0	-2.42	-4.38	0.00	0.00
1	728	22615194	1222	454	1201	437	27.02	0	-2.42	-4.37	0.00	0.00
1	729	22615234	1222	454	1201	437	27.02	0	-2.43	-4.37	200.00	200.00
1	730	22615275	1222	454	1209	446	15.26	0	-2.43	-4.37	200.00	200.00
1	731	22615316	1222	454	1218	455	4.12	1	-2.43	-4.37	200.00	200.00
1	732	22615357	1222	453	1224	461	8.25	1	-2.43	-4.37	200.00	200.00
1	733	22615398	1221	453	1233	469	20.00	0	-2.44	-4.37	0.00	0.00
1	734	22615439	1221	453	1233	469	20.00	0	-2.44	-4.36	0.00	0.00
1	735	22615479	1221	453	1233	469	20.00	0	-2.44	-4.36	0.00	0.00
1	736	22615520	1221	453	1233	469	20.00	0	-2.45	-4.36	0.00	0.00
1	737	22615561	1221	453	1233	469	20.00	0	-2.45	-4.36	0.00	0.00
1	738	22615602	1221	452	1233	469	20.81	0	-2.45	-4.36	0.00	0.00
1	739	22615643	1221	452	1233	469	20.81	0	-2.46	-4.36	0.00	0.00
1	740	22615684	1221	452	1233	469	20.81	0	-2.46	-4.35	0.00	-200.00
1	741	22615725	1221	452	1233	461	15.00	0	-2.46	-4.35	-200.00	-200.00
1	742	22615766	1221	452	1224	452	3.00	1	-2.46	-4.35	-200.00	-200.00
1	743	22615807	1220	451	1218	446	5.39	1	-2.47	-4.35	0.00	-200.00
1	744	22615848	1220	451	1218	437	14.14	0	-2.47	-4.35	0.00	0.00
1	745	22615889	1220	451	1218	437	14.14	0	-2.47	-4.35	0.00	0.00
1	746	22615930	1220	451	1218	437	14.14	0	-2.48	-4.34	0.00	0.00
1	747	22615970	1220	451	1218	437	14.14	0	-2.48	-4.34	0.00	0.00
1	748	22616011	1220	451	1218	437	14.14	0	-2.48	-4.34	0.00	0.00
1	749	22616052	1220	450	1218	437	13.15	0	-2.49	-4.34	0.00	0.00
1	750	22616093	1220	450	1218	437	13.15	0	-2.49	-4.34	0.00	0.00
1	751	22616134	1220	450	1218	437	13.15	0	-2.49	-4.34	0.00	0.00
1	752	22616175	1219	450	1218	437	13.04	0	-2.49	-4.33	0.00	200.00
1	753	22616215	1219	450	1218	444	6.08	1	-2.50	-4.33	0.00	200.00
1	754	22616256	1219	449	1218	453	4.12	1	-2.50	-4.33	0.00	200.00
1	755	22616297	1219	449	1218	462	13.04	0	-2.50	-4.33	0.00	200.00
1	756	22616338	1219	449	1218	470	21.02	0	-2.51	-4.33	0.00	0.00
1	757	22616379	1219	449	1218	470	21.02	0	-2.51	-4.32	0.00	0.00
1	758	22616420	1219	449	1218	470	21.02	0	-2.51	-4.32	0.00	0.00
1	759	22616461	1219	449	1218	470	21.02	0	-2.51	-4.32	0.00	0.00
1	760	22616502	1219	448	1218	470	22.02	0	-2.52	-4.32	0.00	0.00
1	761	22616543	1219	448	1218	470	22.02	0	-2.52	-4.32	0.00	0.00
1	762	22616584	1218	448	1218	470	22.00	0	-2.52	-4.32	0.00	0.00
1	763	22616625	1218	448	1218	470	22.00	0	-2.53	-4.31	-200.00	-200.00
1	764	22616666	1218	448	1211	464	17.46	0	-2.53	-4.31	-200.00	-200.00
1	765	22616707	1218	448	1202	455	17.46	0	-2.53	-4.31	0.00	-200.00
1	766	22616748	1218	447	1202	446	16.03	0	-2.54	-4.31	0.00	-200.00
1	767	22616789	1218	447	1202	438	18.36	0	-2.54	-4.31	0.00	-200.00
1	768	22616830	1218	447	1202	429	24.08	0	-2.54	-4.31	0.00	0.00
1	769	22616871	1218	447	1202	429	24.08	0	-2.54	-4.30	0.00	0.00
1	770	22616912	1218	447	1202	429	24.08	0	-2.55	-4.30	0.00	0.00
1	771	22616953	1218	446	1202	429	23.35	0	-2.55	-4.30	0.00	0.00
1	772	22616994	1217	446	1202	429	22.67	0	-2.55	-4.30	0.00	0.00
1	773	22617035	1217	446	1202	429	22.67	0	-2.56	-4.30	0.00	0.00
1	774	22617076	1217	446	1202	429	22.67	0	-2.56	-4.30	0.00	0.00
1	775	22617117	1217	446	1202	429	22.67	0	-2.56	-4.29	0.00	0.00
1	776	22617158	1217	446	1202	429	22.67	0	-2.56	-4.29	200.00	0.00
1	777	22617199	1217	445	1211	429	17.09	0	-2.57	-4.29	200.00	0.00
1	778	22617239	1217	445	1219	429	16.12	0	-2.57	-4.29	200.00	0.00
1	779	22617280	1217	445	1228	429	19.42	0	-2.57	-4.29	0.00	0.00
1	780	22617321	1217	445	1228	429	19.42	0	-2.58	-4.29	0.00	0.00
1	781	22617362	1216	445	1228	429	20.00	0	-2.58	-4.28	0.00	0.00
1	782	22617403	1216	445	1228	429	20.00	0	-2.58	-4.28	0.00	0.00
1	783	22617444	1216	444	1228	429	19.21	0	-2.59	-4.28	0.00	0.00
1	784	22617485	1216	444	1228	429	19.21	0	-2.59	-4.28	0.00	0.00
1	785	22617526	1216	444	1228	429	19.21	0	-2.59	-4.28	0.00	0.00
1	786	22617567	1216	444	1228	429	19.21	0	-2.59	-4.27	0.00	0.00
1	787	22617608	1216	444	1228	429	19.21	0	-2.60	-4.27	0.00	200.00
1	788	22617649	1216	443	1228	438	13.00	0	-2.60	-4.27	0.00	200.00
1	789	22617690	1216	443	1228	447	12.65	0	-2.60	-4.27	0.00	200.00
1	790	22617730	1216	443	1228	455	16.97	0	-2.61	-4.27	0.00	0.00
1	791	22617771	1215	443	1228	455	17.69	0	-2.61	-4.27	0.00	0.00
1	792	22617812	1215	443	1228	455	17.69	0	-2.61	-4.26	0.00	0.00
1	793	22617853	1215	443	1228	455	17.69	0	-2.61	-4.26	0.00	0.00
1	794	22617894	1215	442	1228	455	18.38	0	-2.62	-4.26	0.00	0.00
1	795	22617935	1215	442	1228	455	18.38	0	-2.62	-4.26	0.00	0.00
1	796	22617976	1215	442	1228	455	18.38	0	-2.62	-4.26	0.00	0.00
1	797	22618017	1215	442	1228	455	18.38	0	-2.63	-4.25	-200.00	0.00
1	798	22618058	1215	442	1219	455	13.60	0	-2.63	-4.25	-200.00	0.00
1	799	22618099	1215	442	1210	455	13.93	0	-2.63	-4.25	-200.00	0.00
1	800	22618140	1214	441	1202	455	18.44	0	-2.64	-4.25	0.00	0.00
1	801	22618181	1214	441	1202	455	18.44	0	-2.64	-4.25	0.00	0.00
1	802	22618222	1214	441	1202	455	18.44	0	-2.64	-4.25	0.00	0.00
1	803	22618263	1214	441	1202	455	18.44	0	-2.64	-4.24	0.00	0.00
1	804	22618304	1214	441	1202	455	18.44	0	-2.65	-4.24	0.00	0.00
1	805	22618345	1214	441	1202	455	18.44	0	-2.65	-4.24	0.00	0.00
1	806	22618386	1214	440	1202	455	19.21	0	-2.65	-4.24	0.00	0.00
1	807	22618427	1214	440	1202	455	19.21	0	-2.66	-4.24	0.00	0.00
1	808	22618468	1214	440	1202	455	19.21	0	-2.66	-4.23	0.00	0.00
1	809	22618509	1213	440	1202	455	18.60	0	-2.66	-4.23	0.00	-200.00
1	810	22618550	1213	440	1202	447	13.04	0	-2.66	-4.23	0.00	-200.00
1	811	22618591	1213	439	1202	438	11.05	0	-2.67	-4.23	0.00	-200.00
1	812	22618632	1213	439	1202	430	14.21	0	-2.67	-4.23	0.00	0.00
1	813	22618673	1213	439	1202	430	14.21	0	-2.67	-4.23	0.00	0.00
1	814	22618714	1213	439	1202	430	14.21	0	-2.68	-4.22	0.00	0.00
1	815	22618755	1213	439	1202	430	14.21	0	-2.68	-4.22	0.00	0.00
1	816	22618796	1213	439	1202	430	14.21	0	-2.68	-4.22	0.00	0.00
1	817	22618837	1213	438	1202	430	13.60	0	-2.68	-4.22	0.00	0.00
1	818	22618877	1212	438	1202	430	12.81	0	-2.69	-4.22	0.00	0.00
1	819	22618918	1212	438	1202	430	12.81	0	-2.69	-4.21	0.00	0.00
1	820	22618959	1212	438	1202	430	12.81	0	-2.69	-4.21	200.00	0.00
1	821	22619000	1212	438	1210	430	8.25	1	-2.70	-4.21	200.00	0.00
1	822	22619041	1212	438	1219	430	10.63	0	-2.70	-4.21	0.00	0.00
1	823	22619082	1212	437	1219	430	9.90	1	-2.70	-4.21	0.00	0.00
1	824	22619123	1212	437	1219	430	9.90	1	-2.70	-4.21	0.00	0.00
1	825	22619164	1212	437	1219	430	9.90	1	-2.71	-4.20	0.00	0.00
1	826	22619205	1212	437	1219	430	9.90	1	-2.71	-4.20	0.00	0.00
1	827	22619246	1211	437	1219	430	10.63	0	-2.71	-4.20	0.00	0.00
1	828	22619287	1211	437	1219	430	10.63	0	-2.72	-4.20	0.00	0.00
1	829	22619328	1211	436	1219	430	10.00	0	-2.72	-4.20	0.00	0.00
1	830	22619369	1211	436	1219	430	10.00	0	-2.72	-4.19	0.00	0.00
1	831	22619410	1211	436	1219	430	10.00	0	-2.72	-4.19	0.00	0.00
1	832	22619451	1211	436	1219	430	10.00	0	-2.73	-4.19	0.00	0.00
1	833	22619492	1211	436	1219	430	10.00	0	-2.73	-4.19	0.00	0.00
1	834	22619533	1211	436	1219	430	10.00	0	-2.73	-4.19	0.00	0.00
1	835	22619574	1211	435	1219	430	9.43	1	-2.74	-4.19	0.00	0.00
1	836	22619615	1210	435	1219	430	10.30	0	-2.74	-4.18	0.00	0.00
1	837	22619656	1210	435	1219	430	10.30	0	-2.74	-4.18	-200.00	0.00
1	838	22619697	1210	435	1210	430	5.00	1	-2.74	-4.18	-200.00	0.00
1	839	22619738	1210	435	1202	430	9.43	1	-2.75	-4.18	-200.00	0.00
1	840	22619779	1210	434	1195	430	15.52	0	-2.75	-4.18	0.00	0.00
1	841	22619820	1210	434	1195	430	15.52	0	-2.75	-4.17	0.00	0.00
1	842	22619860	1210	434	1195	430	15.52	0	-2.76	-4.17	0.00	0.00
1	843	22619901	1210	434	1195	430	15.52	0	-2.76	-4.17	0.00	0.00
1	844	22619942	1210	434	1195	430	15.52	0	-2.76	-4.17	0.00	0.00
1	845	22619983	1209	434	1195	430	14.56	0	-2.76	-4.17	0.00	0.00
1	846	22620024	1209	433	1195	430	14.32	0	-2.77	-4.16	0.00	0.00
1	847	22620065	1209	433	1195	430	14.32	0	-2.77	-4.16	0.00	0.00
1	848	22620106	1209	433	1195	430	14.32	0	-2.77	-4.16	0.00	0.00
1	849	22620147	1209	433	1195	430	14.32	0	-2.78	-4.16	200.00	0.00
1	850	22620188	1209	433	1204	430	5.83	1	-2.78	-4.16	200.00	0.00
1	851	22620229	1209	433	1210	430	3.16	1	-2.78	-4.15	200.00	0.00
1	852	22620270	1209	432	1219	430	10.20	0	-2.78	-4.15	0.00	0.00
1	853	22620311	1209	432	1219	430	10.20	0	-2.79	-4.15	0.00	0.00
1	854	22620351	1208	432	1219	430	11.18	0	-2.79	-4.15	0.00	0.00
1	855	22620392	1208	432	1219	430	11.18	0	-2.79	-4.15	0.00	0.00
1	856	22620433	1208	432	1219	430	11.18	0	-2.80	-4.15	0.00	0.00
1	857	22620474	1208	432	1219	430	11.18	0	-2.80	-4.14	0.00	0.00
1	858	22620515	1208	431	1219	430	11.05	0	-2.80	-4.14	0.00	0.00
1	859	22620556	1208	431	1219	430	11.05	0	-2.80	-4.14	0.00	0.00
1	860	22620597	1208	431	1219	430	11.05	0	-2.81	-4.14	0.00	0.00
1	861	22620638	1208	431	1219	430	11.05	0	-2.81	-4.14	0.00	0.00
1	862	22620679	1208	431	1219	430	11.05	0	-2.81	-4.13	0.00	0.00
1	863	22620720	1207	431	1219	430	12.04	0	-2.82	-4.13	-200.00	0.00
1	864	22620761	1207	430	1210	430	3.00	1	-2.82	-4.13	-200.00	200.00
1	865	22620802	1207	430	1202	438	9.43	1	-2.82	-4.13	-200.00	200.00
1	866	22620843	1207	430	1193	447	22.02	0	-2.82	-4.13	0.00	0.00
1	867	22620884	1207	430	1193	447	22.02	0	-2.83	-4.12	0.00	0.00
1	868	22620925	1207	430	1193	447	22.02	0	-2.83	-4.12	0.00	0.00
1	869	22620966	1207	430	1193	447	22.02	0	-2.83	-4.12	0.00	0.00
1	870	22621007	1207	429	1193	447	22.80	0	-2.84	-4.12	0.00	0.00
1	871	22621048	1206	429	1193	447	22.20	0	-2.84	-4.12	0.00	0.00
1	872	22621089	1206	429	1193	447	22.20	0	-2.84	-4.11	0.00	0.00
1	873	22621130	1206	429	1193	447	22.20	0	-2.84	-4.11	0.00	0.00
1	874	22621171	1206	429	1193	447	22.20	0	-2.85	-4.11	0.00	-200.00
1	875	22621212	1206	429	1193	438	15.81	0	-2.85	-4.11	0.00	-200.00
1	876	22621253	1206	428	1193	430	13.15	0	-2.85	-4.11	0.00	0.00
1	877	22621294	1206	428	1193	430	13.15	0	-2.85	-4.10	0.00	0.00
1	878	22621335	1206	428	1193	430	13.15	0	-2.86	-4.10	0.00	0.00
1	879	22621376	1206	428	1193	430	13.15	0	-2.86	-4.10	0.00	0.00
1	880	22621417	1205	428	1193	430	12.17	0	-2.86	-4.10	0.00	0.00
1	881	22621457	1205	428	1193	430	12.17	0	-2.87	-4.10	0.00	0.00
1	882	22621498	1205	427	1193	430	12.37	0	-2.87	-4.10	0.00	0.00
1	883	22621539	1205	427	1193	430	12.37	0	-2.87	-4.09	0.00	0.00
1	884	22621580	1205	427	1193	430	12.37	0	-2.87	-4.09	0.00	0.00
1	885	22621621	1205	427	1193	430	12.37	0	-2.88	-4.09	0.00	0.00
1	886	22621662	1205	427	1193	430	12.37	0	-2.88	-4.09	200.00	0.00
1	887	22621703	1205	426	1202	430	5.00	1	-2.88	-4.08	200.00	-200.00
1	888	22621744	1204	426	1208	423	5.00	1	-2.89	-4.08	200.00	-200.00
1	889	22621785	1204	426	1216	415	16.28	0	-2.89	-4.08	0.00	0.00
1	890	22621826	1204	426	1216	415	16.28	0	-2.89	-4.08	0.00	0.00
1	891	22621867	1204	426	1216	415	16.28	0	-2.89	-4.08	0.00	0.00
1	892	22621908	1204	426	1216	415	16.28	0	-2.90	-4.08	0.00	0.00
1	893	22621949	1204	426	1216	415	16.28	0	-2.90	-4.07	0.00	0.00
1	894	22621990	1204	425	1216	415	15.62	0	-2.90	-4.07	0.00	0.00
1	895	22622031	1204	425	1216	415	15.62	0	-2.91	-4.07	0.00	0.00
1	896	22622072	1204	425	1216	415	15.62	0	-2.91	-4.07	0.00	200.00
1	897	22622113	1203	425	1216	423	13.15	0	-2.91	-4.07	-200.00	200.00
1	898	22622154	1203	425	1210	430	8.60	1	-2.91	-4.06	-200.00	200.00
1	899	22622195	1203	425	1201	439	14.14	0	-2.92	-4.06	0.00	200.00
1	900	22622235	1203	424	1201	448	24.08	0	-2.92	-4.06	0.00	0.00
1	901	22622276	1203	424	1201	448	24.08	0	-2.92	-4.06	0.00	0.00
1	902	22622316	1203	424	1201	448	24.08	0	-2.92	-4.06	0.00	0.00
1	903	22622357	1203	424	1201	448	24.08	0	-2.93	-4.05	0.00	0.00
1	904	22622398	1203	424	1201	448	24.08	0	-2.93	-4.05	0.00	0.00
1	905	22622439	1202	424	1201	448	24.02	0	-2.93	-4.05	0.00	0.00
1	906	22622480	1202	423	1201	448	25.02	0	-2.94	-4.05	0.00	-200.00
1	907	22622521	1202	423	1201	439	16.03	0	-2.94	-4.05	0.00	-200.00
1	908	22622562	1202	423	1201	430	7.07	1	-2.94	-4.04	0.00	0.00
1	909	22622603	1202	423	1201	430	7.07	1	-2.94	-4.04	0.00	0.00
1	910	22622644	1202	423	1201	430	7.07	1	-2.95	-4.04	0.00	0.00
1	911	22622685	1202	423	1201	430	7.07	1	-2.95	-4.04	0.00	0.00
1	912	22622726	1202	422	1201	430	8.06	1	-2.95	-4.04	0.00	0.00
1	913	22622767	1201	422	1201	430	8.00	1	-2.96	-4.03	0.00	0.00
1	914	22622808	1201	422	1201	430	8.00	1	-2.96	-4.03	0.00	0.00
1	915	22622849	1201	422	1201	430	8.00	1	-2.96	-4.03	0.00	0.00
1	916	22622890	1201	422	1201	430	8.00	1	-2.96	-4.03	0.00	0.00
1	917	22622931	1201	422	1201	430	8.00	1	-2.97	-4.03	0.00	0.00
1	918	22622972	1201	421	1201	430	9.00	1	-2.97	-4.02	0.00	0.00
1	919	22623013	1201	421	1201	430	9.00	1	-2.97	-4.02	0.00	0.00
1	920	22623054	1201	421	1201	430	9.00	1	-2.97	-4.02	0.00	0.00
1	921	22623095	1201	421	1201	430	9.00	1	-2.98	-4.02	0.00	0.00
1	922	22623136	1200	421	1201	430	9.06	1	-2.98	-4.01	0.00	0.00
1	923	22623177	1200	421	1201	430	9.06	1	-2.98	-4.01	0.00	0.00
1	924	22623218	1200	420	1201	430	10.05	0	-2.99	-4.01	0.00	0.00
1	925	22623259	1200	420	1201	430	10.05	0	-2.99	-4.01	0.00	0.00
1	926	22623300	1200	420	1201	430	10.05	0	-2.99	-4.01	0.00	0.00
1	927	22623340	1200	420	1201	430	10.05	0	-2.99	-4.00	0.00	0.00
1	928	22623381	1200	420	1201	430	10.05	0	-3.00	-4.00	0.00	0.00
1	929	22623422	1200	420	1201	430	10.05	0	-3.00	-4.00	0.00	0.00
1	930	22623463	1199	419	1201	430	11.18	0	-3.00	-4.00	0.00	0.00
1	931	22623504	1199	419	1201	430	11.18	0	-3.00	-4.00	0.00	0.00
1	932	22623545	1199	419	1201	430	11.18	0	-3.01	-3.99	0.00	0.00
1	933	22623586	1199	419	1201	430	11.18	0	-3.01	-3.99	0.00	0.00
1	934	22623627	1199	419	1201	430	11.18	0	-3.01	-3.99	0.00	0.00
1	935	22623668	1199	419	1201	430	11.18	0	-3.02	-3.99	0.00	0.00
1	936	22623709	1199	418	1201	430	12.17	0	-3.02	-3.99	0.00	0.00
1	937	22623750	1199	418	1201	430	12.17	0	-3.02	-3.98	0.00	0.00
1	938	22623791	1198	418	1201	430	12.37	0	-3.02	-3.98	0.00	0.00
1	939	22623832	1198	418	1201	430	12.37	0	-3.03	-3.98	0.00	0.00
1	940	22623873	1198	418	1201	430	12.37	0	-3.03	-3.98	0.00	0.00
1	941	22623914	1198	418	1201	430	12.37	0	-3.03	-3.98	0.00	0.00
1	942	22623955	1198	417	1201	430	13.34	0	-3.03	-3.97	-200.00	0.00
1	943	22623996	1198	417	1193	430	13.93	0	-3.04	-3.97	-200.00	-200.00
1	944	22624036	1198	417	1184	422	14.87	0	-3.04	-3.97	-200.00	-200.00
1	945	22624077	1198	417	1176	414	22.20	0	-3.04	-3.97	0.00	0.00
1	946	22624118	1197	417	1176	414	21.21	0	-3.05	-3.97	0.00	0.00
1	947	22624159	1197	417	1176	414	21.21	0	-3.05	-3.96	0.00	0.00
1	948	22624200	1197	416	1176	414	21.10	0	-3.05	-3.96	0.00	0.00
1	949	22624241	1197	416	1176	414	21.10	0	-3.05	-3.96	0.00	0.00
1	950	22624281	1197	416	1176	414	21.10	0	-3.06	-3.96	0.00	0.00
1	951	22624322	1197	416	1176	414	21.10	0	-3.06	-3.95	0.00	0.00
1	952	22624362	1197	416	1176	414	21.10	0	-3.06	-3.95	0.00	0.00
1	953	22624403	1197	416	1176	414	21.10	0	-3.06	-3.95	0.00	0.00
1	954	22624444	1196	415	1176	414	20.02	0	-3.07	-3.95	0.00	0.00
1	955	22624485	1196	415	1176	414	20.02	0	-3.07	-3.95	0.00	0.00
1	956	22624526	1196	415	1176	414	20.02	0	-3.07	-3.94	0.00	0.00
1	957	22624567	1196	415	1176	414	20.02	0	-3.07	-3.94	0.00	0.00
1	958	22624607	1196	415	1176	414	20.02	0	-3.08	-3.94	0.00	0.00
1	959	22624648	1196	415	1176	414	20.02	0	-3.08	-3.94	0.00	0.00
1	960	22624689	1196	414	1176	414	20.00	0	-3.08	-3.94	0.00	0.00
1	961	22624730	1196	414	1176	414	20.00	0	-3.09	-3.93	0.00	0.00
1	962	22624771	1195	414	1176	414	19.00	0	-3.09	-3.93	0.00	0.00
1	963	22624812	1195	414	1176	414	19.00	0	-3.09	-3.93	0.00	0.00
1	964	22624853	1195	414	1176	414	19.00	0	-3.09	-3.93	0.00	0.00
1	965	22624894	1195	414	1176	414	19.00	0	-3.10	-3.93	0.00	0.00
1	966	22624935	1195	414	1176	414	19.00	0	-3.10	-3.92	0.00	0.00
1	967	22624975	1195	413	1176	414	19.03	0	-3.10	-3.92	0.00	0.00
1	968	22625016	1195	413	1176	414	19.03	0	-3.10	-3.92	0.00	0.00
1	969	22625057	1195	413	1176	414	19.03	0	-3.11	-3.92	0.00	0.00
1	970	22625097	1194	413	1176	414	18.03	0	-3.11	-3.91	0.00	0.00
1	971	22625138	1194	413	1176	414	18.03	0	-3.11	-3.91	0.00	0.00
1	972	22625179	1194	413	1176	414	18.03	0	-3.12	-3.91	0.00	0.00
1	973	22625220	1194	412	1176	414	18.11	0	-3.12	-3.91	0.00	0.00
1	974	22625261	1194	412	1176	414	18.11	0	-3.12	-3.91	0.00	0.00
1	975	22625302	1194	412	1176	414	18.11	0	-3.12	-3.90	0.00	0.00
1	976	22625343	1194	412	1176	414	18.11	0	-3.13	-3.90	0.00	0.00
1	977	22625384	1193	412	1176	414	17.12	0	-3.13	-3.90	0.00	0.00
1	978	22625425	1193	412	1176	414	17.12	0	-3.13	-3.90	0.00	0.00
1	979	22625466	1193	411	1176	414	17.26	0	-3.13	-3.90	0.00	0.00
1	980	22625507	1193	411	1176	414	17.26	0	-3.14	-3.89	0.00	0.00
1	981	22625548	1193	411	1176	414	17.26	0	-3.14	-3.89	0.00	0.00
1	982	22625589	1193	411	1176	414	17.26	0	-3.14	-3.89	0.00	0.00
1	983	22625630	1193	411	1176	414	17.26	0	-3.14	-3.89	0.00	0.00
1	984	22625671	1193	411	1176	414	17.26	0	-3.15	-3.89	0.00	0.00
1	985	22625712	1192	411	1176	414	16.28	0	-3.15	-3.88	0.00	0.00
1	986	22625753	1192	410	1176	414	16.49	0	-3.15	-3.88	0.00	0.00
1	987	22625794	1192	410	1176	414	16.49	0	-3.16	-3.88	0.00	0.00
1	988	22625835	1192	410	1176	414	16.49	0	-3.16	-3.88	0.00	0.00
1	989	22625876	1192	410	1176	414	16.49	0	-3.16	-3.87	0.00	0.00
1	990	22625917	1192	410	1176	414	16.49	0	-3.16	-3.87	0.00	0.00
1	991	22625958	1192	410	1176	414	16.49	0	-3.17	-3.87	0.00	0.00
1	992	22625999	1192	409	1176	414	16.76	0	-3.17	-3.87	0.00	0.00
1	993	22626040	1191	409	1176	414	15.81	0	-3.17	-3.87	0.00	0.00
1	994	22626081	1191	409	1176	414	15.81	0	-3.17	-3.86	0.00	0.00
1	995	22626122	1191	409	1176	414	15.81	0	-3.18	-3.86	0.00	0.00
1	996	22626163	1191	409	1176	414	15.81	0	-3.18	-3.86	0.00	0.00
1	997	22626204	1191	409	1176	414	15.81	0	-3.18	-3.86	0.00	0.00
1	998	22626245	1191	408	1176	414	16.16	0	-3.18	-3.85	0.00	0.00
1	999	22626286	1191	408	1176	414	16.16	0	-3.19	-3.85	0.00	0.00
1	1000	22626326	1191	408	1176	414	16.16	0	-3.19	-3.85	0.00	0.00
1	1001	22626367	1190	408	1176	414	15.23	0	-3.19	-3.85	0.00	0.00
1	1002	22626408	1190	408	1176	414	15.23	0	-3.20	-3.85	0.00	0.00
1	1003	22626449	1190	408	1176	414	15.23	0	-3.20	-3.84	0.00	0.00
1	1004	22626490	1190	408	1176	414	15.23	0	-3.20	-3.84	0.00	0.00
1	1005	22626531	1190	407	1176	414	15.65	0	-3.20	-3.84	0.00	0.00
1	1006	22626572	1190	407	1176	414	15.65	0	-3.21	-3.84	0.00	0.00
1	1007	22626612	1190	407	1176	414	15.65	0	-3.21	-3.83	0.00	0.00
1	1008	22626653	1189	407	1176	414	14.76	0	-3.21	-3.83	0.00	0.00
1	1009	22626694	1189	407	1176	414	14.76	0	-3.21	-3.83	0.00	0.00
1	1010	22626735	1189	407	1176	414	14.76	0	-3.22	-3.83	0.00	0.00
1	1011	22626776	1189	406	1176	414	15.26	0	-3.22	-3.83	0.00	0.00
1	1012	22626817	1189	406	1176	414	15.26	0	-3.22	-3.82	0.00	0.00
1	1013	22626858	1189	406	1176	414	15.26	0	-3.22	-3.82	0.00	0.00
1	1014	22626899	1189	406	1176	414	15.26	0	-3.23	-3.82	0.00	0.00
1	1015	22626939	1189	406	1176	414	15.26	0	-3.23	-3.82	0.00	0.00
1	1016	22626980	1188	406	1176	414	14.42	0	-3.23	-3.82	0.00	0.00
1	1017	22627021	1188	405	1176	414	15.00	0	-3.23	-3.81	0.00	0.00
1	1018	22627062	1188	405	1176	414	15.00	0	-3.24	-3.81	0.00	0.00
1	1019	22627103	1188	405	1176	414	15.00	0	-3.24	-3.81	0.00	0.00
1	1020	22627144	1188	405	1176	414	15.00	0	-3.24	-3.81	0.00	0.00
1	1021	22627185	1188	405	1176	414	15.00	0	-3.24	-3.80	0.00	0.00
1	1022	22627226	1188	405	1176	414	15.00	0	-3.25	-3.80	0.00	0.00
1	1023	22627267	1187	405	1176	414	14.21	0	-3.25	-3.80	0.00	0.00
1	1024	22627307	1187	404	1176	414	14.87	0	-3.25	-3.80	0.00	0.00
1	1025	22627348	1187	404	1176	414	14.87	0	-3.25	-3.80	0.00	0.00
1	1026	22627389	1187	404	1176	414	14.87	0	-3.26	-3.79	0.00	0.00
1	1027	22627430	1187	404	1176	414	14.87	0	-3.26	-3.79	0.00	0.00
1	1028	22627471	1187	404	1176	414	14.87	0	-3.26	-3.79	0.00	0.00
1	1029	22627512	1187	404	1176	414	14.87	0	-3.27	-3.79	0.00	0.00
1	1030	22627553	1187	403	1176	414	15.56	0	-3.27	-3.78	0.00	0.00
1	1031	22627593	1186	403	1176	414	14.87	0	-3.27	-3.78	0.00	0.00
1	1032	22627634	1186	403	1176	414	14.87	0	-3.27	-3.78	0.00	0.00
1	1033	22627675	1186	403	1176	414	14.87	0	-3.28	-3.78	0.00	0.00
1	1034	22627716	1186	403	1176	414	14.87	0	-3.28	-3.78	0.00	0.00
1	1035	22627757	1186	403	1176	414	14.87	0	-3.28	-3.77	0.00	0.00
1	1036	22627798	1186	403	1176	414	14.87	0	-3.28	-3.77	0.00	0.00
1	1037	22627839	1186	402	1176	414	15.62	0	-3.29	-3.77	0.00	0.00
1	1038	22627880	1185	402	1176	414	15.00	0	-3.29	-3.77	0.00	0.00
1	1039	22627921	1185	402	1176	414	15.00	0	-3.29	-3.76	0.00	0.00
1	1040	22627962	1185	402	1176	414	15.00	0	-3.29	-3.76	0.00	0.00
1	1041	22628003	1185	402	1176	414	15.00	0	-3.30	-3.76	0.00	0.00
1	1042	22628044	1185	402	1176	414	15.00	0	-3.30	-3.76	0.00	0.00
1	1043	22628085	1185	401	1176	414	15.81	0	-3.30	-3.75	0.00	0.00
1	1044	22628126	1185	401	1176	414	15.81	0	-3.30	-3.75	0.00	0.00
1	1045	22628167	1185	401	1176	414	15.81	0	-3.31	-3.75	0.00	0.00
1	1046	22628208	1184	401	1176	414	15.26	0	-3.31	-3.75	0.00	0.00
1	1047	22628249	1184	401	1176	414	15.26	0	-3.31	-3.75	0.00	0.00
1	1048	22628290	1184	401	1176	414	15.26	0	-3.31	-3.74	0.00	0.00
1	1049	22628331	1184	400	1176	414	16.12	0	-3.32	-3.74	0.00	0.00
1	1050	22628372	1184	400	1176	414	16.12	0	-3.32	-3.74	0.00	0.00
1	1051	22628413	1184	400	1176	414	16.12	0	-3.32	-3.74	0.00	0.00
1	1052	22628454	1184	400	1176	414	16.12	0	-3.32	-3.73	0.00	0.00
1	1053	22628495	1183	400	1176	414	15.65	0	-3.33	-3.73	0.00	0.00
1	1054	22628536	1183	400	1176	414	15.65	0	-3.33	-3.73	0.00	0.00
1	1055	22628577	1183	400	1176	414	15.65	0	-3.33	-3.73	0.00	0.00
1	1056	22628618	1183	399	1176	414	16.55	0	-3.33	-3.73	0.00	0.00
1	1057	22628659	1183	399	1176	414	16.55	0	-3.34	-3.72	0.00	0.00
1	1058	22628700	1183	399	1176	414	16.55	0	-3.34	-3.72	0.00	0.00
1	1059	22628741	1183	399	1176	414	16.55	0	-3.34	-3.72	0.00	0.00
1	1060	22628782	1182	399	1176	414	16.16	0	-3.35	-3.72	0.00	0.00
1	1061	22628823	1182	399	1176	414	16.16	0	-3.35	-3.71	0.00	0.00
1	1062	22628864	1182	399	1176	414	16.16	0	-3.35	-3.71	0.00	0.00
1	1063	22628905	1182	398	1176	414	17.09	0	-3.35	-3.71	0.00	0.00
1	1064	22628946	1182	398	1176	414	17.09	0	-3.36	-3.71	0.00	0.00
1	1065	22628987	1182	398	1176	414	17.09	0	-3.36	-3.70	0.00	0.00
1	1066	22629028	1182	398	1176	414	17.09	0	-3.36	-3.70	0.00	0.00
1	1067	22629069	1182	398	1176	414	17.09	0	-3.36	-3.70	0.00	0.00
1	1068	22629110	1181	398	1176	414	16.76	0	-3.36	-3.70	0.00	0.00
1	1069	22629151	1181	397	1176	414	17.72	0	-3.37	-3.70	0.00	0.00
1	1070	22629192	1181	397	1176	414	17.72	0	-3.37	-3.69	0.00	0.00
1	1071	22629233	1181	397	1176	414	17.72	0	-3.37	-3.69	0.00	0.00
1	1072	22629274	1181	397	1176	414	17.72	0	-3.37	-3.69	0.00	0.00
1	1073	22629315	1181	397	1176	414	17.72	0	-3.38	-3.69	0.00	0.00
1	1074	22629356	1181	397	1176	414	17.72	0	-3.38	-3.68	0.00	0.00
1	1075	22629397	1180	397	1176	414	17.46	0	-3.38	-3.68	0.00	0.00
1	1076	22629437	1180	396	1176	414	18.44	0	-3.39	-3.68	0.00	0.00
1	1077	22629478	1180	396	1176	414	18.44	0	-3.39	-3.68	0.00	0.00
1	1078	22629518	1180	396	1176	414	18.44	0	-3.39	-3.68	0.00	0.00
1	1079	22629559	1180	396	1176	414	18.44	0	-3.39	-3.67	0.00	0.00
1	1080	22629600	1180	396	1176	414	18.44	0	-3.40	-3.67	0.00	0.00
1	1081	22629641	1180	396	1176	414	18.44	0	-3.40	-3.67	0.00	0.00
1	1082	22629682	1179	395	1176	414	19.24	0	-3.40	-3.67	0.00	0.00
1	1083	22629723	1179	395	1176	414	19.24	0	-3.40	-3.66	0.00	0.00
1	1084	22629764	1179	395	1176	414	19.24	0	-3.41	-3.66	0.00	0.00
1	1085	22629805	1179	395	1176	414	19.24	0	-3.41	-3.66	0.00	0.00
1	1086	22629846	1179	395	1176	414	19.24	0	-3.41	-3.66	0.00	0.00
1	1087	22629887	1179	395	1176	414	19.24	0	-3.41	-3.65	0.00	0.00
1	1088	22629928	1179	395	1176	414	19.24	0	-3.42	-3.65	0.00	0.00
1	1089	22629969	1178	394	1176	414	20.10	0	-3.42	-3.65	0.00	0.00
1	1090	22630010	1178	394	1176	414	20.10	0	-3.42	-3.65	0.00	0.00
1	1091	22630051	1178	394	1176	414	20.10	0	-3.42	-3.64	0.00	0.00
1	1092	22630092	1178	394	1176	414	20.10	0	-3.43	-3.64	0.00	0.00
1	1093	22630133	1178	394	1176	414	20.10	0	-3.43	-3.64	0.00	0.00
1	1094	22630173	1178	394	1176	414	20.10	0	-3.43	-3.64	0.00	0.00
1	1095	22630214	1178	394	1176	414	20.10	0	-3.43	-3.64	0.00	0.00
1	1096	22630255	1177	393	1176	414	21.02	0	-3.44	-3.63	0.00	0.00
1	1097	22630296	1177	393	1176	414	21.02	0	-3.44	-3.63	0.00	0.00
1	1098	22630337	1177	393	1176	414	21.02	0	-3.44	-3.63	0.00	0.00
1	1099	22630378	1177	393	1176	414	21.02	0	-3.44	-3.63	0.00	0.00
1	1100	22630419	1177	393	1176	414	21.02	0	-3.45	-3.62	0.00	0.00
1	1101	22630460	1177	393	1176	414	21.02	0	-3.45	-3.62	0.00	0.00
1	1102	22630501	1177	392	1176	414	22.02	0	-3.45	-3.62	0.00	0.00
1	1103	22630542	1176	392	1176	414	22.00	0	-3.45	-3.62	0.00	0.00
1	1104	22630583	1176	392	1176	414	22.00	0	-3.46	-3.61	0.00	0.00
1	1105	22630624	1176	392	1176	414	22.00	0	-3.46	-3.61	0.00	0.00
1	1106	22630665	1176	392	1176	414	22.00	0	-3.46	-3.61	0.00	0.00
1	1107	22630706	1176	392	1176	414	22.00	0	-3.46	-3.61	0.00	0.00
1	1108	22630747	1176	392	1176	414	22.00	0	-3.47	-3.60	0.00	0.00
1	1109	22630788	1176	391	1176	414	23.00	0	-3.47	-3.60	0.00	0.00
1	1110	22630828	1176	391	1176	414	23.00	0	-3.47	-3.60	0.00	0.00
1	1111	22630869	1175	391	1176	414	23.02	0	-3.47	-3.60	0.00	0.00
1	1112	22630910	1175	391	1176	414	23.02	0	-3.47	-3.60	0.00	0.00
1	1113	22630951	1175	391	1176	414	23.02	0	-3.48	-3.59	0.00	0.00
1	1114	22630992	1175	391	1176	414	23.02	0	-3.48	-3.59	0.00	0.00
1	1115	22631033	1175	391	1176	414	23.02	0	-3.48	-3.59	0.00	0.00
1	1116	22631074	1175	390	1176	414	24.02	0	-3.48	-3.59	0.00	0.00
1	1117	22631115	1174	390	1176	414	24.08	0	-3.49	-3.58	0.00	0.00
1	1118	22631156	1174	390	1176	414	24.08	0	-3.49	-3.58	0.00	0.00
1	1119	22631197	1174	390	1176	414	24.08	0	-3.49	-3.58	0.00	0.00
1	1120	22631238	1174	390	1176	414	24.08	0	-3.49	-3.58	0.00	0.00
1	1121	22631279	1174	390	1176	414	24.08	0	-3.50	-3.57	0.00	0.00
1	1122	22631320	1174	390	1176	414	24.08	0	-3.50	-3.57	0.00	0.00
1	1123	22631361	1174	389	1176	414	25.08	0	-3.50	-3.57	0.00	0.00
1	1124	22631402	1173	389	1176	414	25.18	0	-3.50	-3.57	0.00	0.00
1	1125	22631443	1173	389	1176	414	25.18	0	-3.51	-3.56	0.00	0.00
1	1126	22631484	1173	389	1176	414	25.18	0	-3.51	-3.56	0.00	0.00
1	1127	22631525	1173	389	1176	414	25.18	0	-3.51	-3.56	0.00	0.00
1	1128	22631566	1173	389	1176	414	25.18	0	-3.51	-3.56	0.00	0.00
1	1129	22631607	1173	389	1176	414	25.18	0	-3.52	-3.55	0.00	0.00
1	1130	22631648	1173	388	1176	414	26.17	0	-3.52	-3.55	0.00	0.00
1	1131	22631689	1172	388	1176	414	26.31	0	-3.52	-3.55	0.00	0.00
1	1132	22631730	1172	388	1176	414	26.31	0	-3.52	-3.55	0.00	0.00
1	1133	22631771	1172	388	1176	414	26.31	0	-3.53	-3.54	0.00	0.00
1	1134	22631812	1172	388	1176	414	26.31	0	-3.53	-3.54	0.00	0.00
1	1135	22631853	1172	388	1176	414	26.31	0	-3.53	-3.54	0.00	0.00
1	1136	22631894	1172	388	1176	414	26.31	0	-3.53	-3.54	0.00	0.00
1	1137	22631935	1172	387	1176	414	27.29	0	-3.54	-3.54	0.00	0.00
1	1138	22631976	1171	387	1176	414	27.46	0	-3.54	-3.53	0.00	0.00
1	1139	22632017	1171	387	1176	414	27.46	0	-3.54	-3.53	0.00	0.00
1	1140	22632058	1171	387	1176	414	27.46	0	-3.54	-3.53	0.00	0.00
1	1141	22632099	1171	387	1176	414	27.46	0	-3.55	-3.53	0.00	0.00
1	1142	22632140	1171	387	1176	414	27.46	0	-3.55	-3.52	0.00	0.00
1	1143	22632181	1171	386	1176	414	28.44	0	-3.55	-3.52	0.00	0.00
1	1144	22632222	1171	386	1176	414	28.44	0	-3.55	-3.52	0.00	0.00
1	1145	22632263	1170	386	1176	414	28.64	0	-3.56	-3.52	0.00	0.00
1	1146	22632304	1170	386	1176	414	28.64	0	-3.56	-3.51	0.00	0.00
1	1147	22632345	1170	386	1176	414	28.64	0	-3.56	-3.51	0.00	0.00
1	1148	22632386	1170	386	1176	414	28.64	0	-3.56	-3.51	0.00	0.00
1	1149	22632427	1170	386	1176	414	28.64	0	-3.56	-3.51	0.00	0.00
1	1150	22632468	1170	385	1176	414	29.61	0	-3.57	-3.50	0.00	0.00
1	1151	22632509	1170	385	1176	414	29.61	0	-3.57	-3.50	0.00	0.00
1	1152	22632550	1169	385	1176	414	29.83	0	-3.57	-3.50	0.00	0.00
1	1153	22632591	1169	385	1176	414	29.83	0	-3.57	-3.50	0.00	0.00
1	1154	22632632	1169	385	1176	414	29.83	0	-3.58	-3.49	0.00	0.00
1	1155	22632673	1169	385	1176	414	29.83	0	-3.58	-3.49	0.00	0.00
1	1156	22632714	1169	385	1176	414	29.83	0	-3.58	-3.49	0.00	0.00
1	1157	22632755	1169	384	1176	414	30.81	0	-3.58	-3.49	0.00	0.00
1	1158	22632795	1169	384	1176	414	30.81	0	-3.59	-3.48	0.00	0.00
1	1159	22632835	1168	384	1176	414	31.05	0	-3.59	-3.48	0.00	0.00
1	1160	22632875	1168	384	1176	414	31.05	0	-3.59	-3.48	0.00	0.00
1	1161	22632916	1168	384	1176	414	31.05	0	-3.59	-3.48	0.00	0.00
1	1162	22632957	1168	384	1176	414	31.05	0	-3.60	-3.47	0.00	0.00
1	1163	22632998	1168	384	1176	414	31.05	0	-3.60	-3.47	0.00	0.00
1	1164	22633039	1168	383	1176	414	32.02	0	-3.60	-3.47	0.00	0.00
1	1165	22633079	1168	383	1176	414	32.02	0	-3.60	-3.47	0.00	0.00
1	1166	22633120	1167	383	1176	414	32.28	0	-3.61	-3.46	0.00	0.00
1	1167	22633160	1167	383	1176	414	32.28	0	-3.61	-3.46	0.00	0.00
1	1168	22633200	1167	383	1176	414	32.28	0	-3.61	-3.46	0.00	0.00
1	1169	22633241	1167	383	1176	414	32.28	0	-3.61	-3.46	0.00	0.00
1	1170	22633282	1167	383	1176	414	32.28	0	-3.61	-3.45	0.00	0.00
1	1171	22633322	1167	382	1176	414	33.24	0	-3.62	-3.45	0.00	0.00
1	1172	22633363	1166	382	1176	414	33.53	0	-3.62	-3.45	0.00	0.00
1	1173	22633403	1166	382	1176	414	33.53	0	-3.62	-3.45	0.00	0.00
1	1174	22633444	1166	382	1176	414	33.53	0	-3.62	-3.45	0.00	0.00
1	1175	22633485	1166	382	1176	414	33.53	0	-3.63	-3.44	0.00	0.00
1	1176	22633526	1166	382	1176	414	33.53	0	-3.63	-3.44	0.00	0.00
1	1177	22633566	1166	382	1176	414	33.53	0	-3.63	-3.44	0.00	0.00
1	1178	22633607	1166	381	1176	414	34.48	0	-3.63	-3.43	0.00	0.00
1	1179	22633648	1165	381	1176	414	34.79	0	-3.64	-3.43	0.00	0.00
1	1180	22633689	1165	381	1176	414	34.79	0	-3.64	-3.43	0.00	0.00
1	1181	22633729	1165	381	1176	414	34.79	0	-3.64	-3.43	0.00	0.00
1	1182	22633770	1165	381	1176	414	34.79	0	-3.64	-3.42	0.00	0.00
1	1183	22633811	1165	381	1176	414	34.79	0	-3.65	-3.42	0.00	0.00
1	1184	22633851	1165	381	1176	414	34.79	0	-3.65	-3.42	0.00	0.00
1	1185	22633892	1165	381	1176	414	34.79	0	-3.65	-3.42	0.00	0.00
1	1186	22633932	1164	380	1176	414	36.06	0	-3.65	-3.42	0.00	0.00
1	1187	22633973	1164	380	1176	414	36.06	0	-3.65	-3.41	0.00	0.00
1	1188	22634013	1164	380	1176	414	36.06	0	-3.66	-3.41	0.00	0.00
1	1189	22634054	1164	380	1176	414	36.06	0	-3.66	-3.41	0.00	0.00
1	1190	22634095	1164	380	1176	414	36.06	0	-3.66	-3.41	0.00	0.00
1	1191	22634135	1164	380	1176	414	36.06	0	-3.66	-3.40	0.00	0.00
1	1192	22634176	1163	380	1176	414	36.40	0	-3.67	-3.40	0.00	0.00
1	1193	22634216	1163	379	1176	414	37.34	0	-3.67	-3.40	0.00	0.00
1	1194	22634257	1163	379	1176	414	37.34	0	-3.67	-3.39	0.00	0.00
1	1195	22634297	1163	379	1176	414	37.34	0	-3.67	-3.39	0.00	0.00
1	1196	22634338	1163	379	1176	414	37.34	0	-3.68	-3.39	0.00	0.00
1	1197	22634379	1163	379	1176	414	37.34	0	-3.68	-3.39	0.00	0.00
1	1198	22634420	1163	379	1176	414	37.34	0	-3.68	-3.38	0.00	0.00
1	1199	22634460	1162	379	1176	414	37.70	0	-3.68	-3.38	0.00	0.00
1	1200	22634501	1162	378	1176	414	38.63	0	-3.68	-3.38	0.00	0.00
1	1201	22634542	1162	378	1176	414	38.63	0	-3.69	-3.38	0.00	0.00
1	1202	22634583	1162	378	1176	414	38.63	0	-3.69	-3.37	0.00	0.00
1	1203	22634624	1162	378	1176	414	38.63	0	-3.69	-3.37	0.00	0.00
1	1204	22634664	1162	378	1176	414	38.63	0	-3.69	-3.37	0.00	0.00
1	1205	22634705	1162	378	1176	414	38.63	0	-3.70	-3.37	0.00	0.00
1	1206	22634745	1161	378	1176	414	39.00	0	-3.70	-3.37	0.00	0.00
1	1207	22634785	1161	377	1176	414	39.92	0	-3.70	-3.36	0.00	0.00
1	1208	22634826	1161	377	1176	414	39.92	0	-3.70	-3.36	0.00	0.00
1	1209	22634867	1161	377	1176	414	39.92	0	-3.71	-3.36	0.00	0.00
1	1210	22634908	1161	377	1176	414	39.92	0	-3.71	-3.35	0.00	0.00
1	1211	22634948	1161	377	1176	414	39.92	0	-3.71	-3.35	0.00	0.00
1	1212	22634989	1160	377	1176	414	40.31	0	-3.71	-3.35	0.00	0.00
1	1213	22635030	1160	377	1176	414	40.31	0	-3.71	-3.35	0.00	0.00
1	1214	22635070	1160	376	1176	414	41.23	0	-3.72	-3.34	0.00	0.00
1	1215	22635111	1160	376	1176	414	41.23	0	-3.72	-3.34	0.00	0.00
1	1216	22635152	1160	376	1176	414	41.23	0	-3.72	-3.34	0.00	0.00
1	1217	22635192	1160	376	1176	414	41.23	0	-3.72	-3.34	0.00	0.00
1	1218	22635232	1160	376	1176	414	41.23	0	-3.73	-3.33	0.00	0.00
1	1219	22635273	1159	376	1176	414	41.63	0	-3.73	-3.33	0.00	0.00
1	1220	22635314	1159	376	1176	414	41.63	0	-3.73	-3.33	0.00	0.00
1	1221	22635355	1159	376	1176	414	41.63	0	-3.73	-3.33	0.00	0.00
1	1222	22635396	1159	375	1176	414	42.54	0	-3.73	-3.32	0.00	0.00
1	1223	22635437	1159	375	1176	414	42.54	0	-3.74	-3.32	0.00	0.00
1	1224	22635478	1159	375	1176	414	42.54	0	-3.74	-3.32	0.00	0.00
1	1225	22635519	1158	375	1176	414	42.95	0	-3.74	-3.32	0.00	0.00
1	1226	22635560	1158	375	1176	414	42.95	0	-3.74	-3.31	0.00	0.00
1	1227	22635601	1158	375	1176	414	42.95	0	-3.75	-3.31	0.00	0.00
1	1228	22635642	1158	375	1176	414	42.95	0	-3.75	-3.31	0.00	0.00
1	1229	22635683	1158	374	1176	414	43.86	0	-3.75	-3.31	0.00	0.00
1	1230	22635724	1158	374	1176	414	43.86	0	-3.75	-3.30	0.00	0.00
1	1231	22635765	1158	374	1176	414	43.86	0	-3.76	-3.30	0.00	0.00
1	1232	22635805	1157	374	1176	414	44.28	0	-3.76	-3.30	0.00	0.00
1	1233	22635846	1157	374	1176	414	44.28	0	-3.76	-3.30	0.00	0.00
1	1234	22635887	1157	374	1176	414	44.28	0	-3.76	-3.29	0.00	0.00
1	1235	22635928	1157	374	1176	414	44.28	0	-3.76	-3.29	0.00	0.00
1	1236	22635969	1157	373	1176	414	45.19	0	-3.77	-3.29	0.00	0.00
1	1237	22636010	1157	373	1176	414	45.19	0	-3.77	-3.29	0.00	0.00
1	1238	22636050	1156	373	1176	414	45.62	0	-3.77	-3.28	0.00	0.00
1	1239	22636090	1156	373	1176	414	45.62	0	-3.77	-3.28	0.00	0.00
1	1240	22636131	1156	373	1176	414	45.62	0	-3.78	-3.28	0.00	0.00
1	1241	22636172	1156	373	1176	414	45.62	0	-3.78	-3.28	0.00	0.00
1	1242	22636212	1156	373	1176	414	45.62	0	-3.78	-3.27	0.00	0.00
1	1243	22636253	1156	373	1176	414	45.62	0	-3.78	-3.27	0.00	0.00
1	1244	22636294	1156	372	1176	414	46.52	0	-3.78	-3.27	0.00	0.00
1	1245	22636334	1155	372	1176	414	46.96	0	-3.79	-3.26	0.00	0.00
1	1246	22636374	1155	372	1176	414	46.96	0	-3.79	-3.26	0.00	0.00
1	1247	22636415	1155	372	1176	414	46.96	0	-3.79	-3.26	0.00	0.00
1	1248	22636455	1155	372	1176	414	46.96	0	-3.79	-3.26	0.00	0.00
1	1249	22636496	1155	372	1176	414	46.96	0	-3.80	-3.25	0.00	0.00
1	1250	22636536	1155	372	1176	414	46.96	0	-3.80	-3.25	0.00	0.00
1	1251	22636577	1154	371	1176	414	48.30	0	-3.80	-3.25	0.00	0.00
1	1252	22636617	1154	371	1176	414	48.30	0	-3.80	-3.25	0.00	0.00
1	1253	22636658	1154	371	1176	414	48.30	0	-3.80	-3.24	0.00	0.00
1	1254	22636698	1154	371	1176	414	48.30	0	-3.81	-3.24	0.00	0.00
1	1255	22636739	1154	371	1176	414	48.30	0	-3.81	-3.24	0.00	0.00
1	1256	22636780	1154	371	1176	414	48.30	0	-3.81	-3.24	0.00	0.00
1	1257	22636821	1154	371	1176	414	48.30	0	-3.81	-3.23	0.00	0.00
1	1258	22636862	1153	371	1176	414	48.76	0	-3.82	-3.23	0.00	0.00
1	1259	22636902	1153	370	1176	414	49.65	0	-3.82	-3.23	0.00	0.00
1	1260	22636943	1153	370	1176	414	49.65	0	-3.82	-3.23	0.00	0.00
1	1261	22636984	1153	370	1176	414	49.65	0	-3.82	-3.22	0.00	0.00
1	1262	22637024	1153	370	1176	414	49.65	0	-3.82	-3.22	0.00	0.00
1	1263	22637065	1153	370	1176	414	49.65	0	-3.83	-3.22	0.00	0.00
1	1264	22637106	1152	370	1176	414	50.12	0	-3.83	-3.22	0.00	0.00
1	1265	22637146	1152	370	1176	414	50.12	0	-3.83	-3.21	0.00	0.00
1	1266	22637187	1152	369	1176	414	51.00	0	-3.83	-3.21	0.00	0.00
1	1267	22637228	1152	369	1176	414	51.00	0	-3.84	-3.21	0.00	0.00
1	1268	22637269	1152	369	1176	414	51.00	0	-3.84	-3.21	0.00	0.00
1	1269	22637309	1152	369	1176	414	51.00	0	-3.84	-3.20	0.00	0.00
1	1270	22637349	1151	369	1176	414	51.48	0	-3.84	-3.20	0.00	0.00
1	1271	22637390	1151	369	1176	414	51.48	0	-3.84	-3.20	0.00	0.00
1	1272	22637431	1151	369	1176	414	51.48	0	-3.85	-3.19	0.00	0.00
1	1273	22637471	1151	369	1176	414	51.48	0	-3.85	-3.19	0.00	0.00
1	1274	22637512	1151	368	1176	414	52.35	0	-3.85	-3.19	0.00	0.00
1	1275	22637552	1151	368	1176	414	52.35	0	-3.85	-3.19	0.00	0.00
1	1276	22637593	1151	368	1176	414	52.35	0	-3.86	-3.18	0.00	0.00
1	1277	22637633	1150	368	1176	414	52.84	0	-3.86	-3.18	0.00	0.00
1	1278	22637673	1150	368	1176	414	52.84	0	-3.86	-3.18	0.00	0.00
1	1279	22637714	1150	368	1176	414	52.84	0	-3.86	-3.18	0.00	0.00
1	1280	22637754	1150	368	1176	414	52.84	0	-3.86	-3.17	0.00	0.00
1	1281	22637795	1150	368	1176	414	52.84	0	-3.87	-3.17	0.00	0.00
1	1282	22637835	1150	367	1176	414	53.71	0	-3.87	-3.17	0.00	0.00
1	1283	22637876	1149	367	1176	414	54.20	0	-3.87	-3.17	0.00	0.00
1	1284	22637917	1149	367	1176	414	54.20	0	-3.87	-3.16	0.00	0.00
1	1285	22637957	1149	367	1176	414	54.20	0	-3.87	-3.16	0.00	0.00
1	1286	22637998	1149	367	1176	414	54.20	0	-3.88	-3.16	0.00	0.00
1	1287	22638039	1149	367	1176	414	54.20	0	-3.88	-3.15	0.00	0.00
1	1288	22638080	1149	367	1176	414	54.20	0	-3.88	-3.15	0.00	0.00
1	1289	22638120	1148	366	1176	414	55.57	0	-3.88	-3.15	0.00	0.00
1	1290	22638161	1148	366	1176	414	55.57	0	-3.89	-3.15	0.00	0.00
1	1291	22638202	1148	366	1176	414	55.57	0	-3.89	-3.14	0.00	0.00
1	1292	22638243	1148	366	1176	414	55.57	0	-3.89	-3.14	0.00	0.00
1	1293	22638283	1148	366	1176	414	55.57	0	-3.89	-3.14	0.00	0.00
1	1294	22638324	1148	366	1176	414	55.57	0	-3.89	-3.14	0.00	0.00
1	1295	22638365	1148	366	1176	414	55.57	0	-3.90	-3.13	0.00	0.00
1	1296	22638405	1147	366	1176	414	56.08	0	-3.90	-3.13	0.00	0.00
1	1297	22638446	1147	365	1176	414	56.94	0	-3.90	-3.13	0.00	0.00
1	1298	22638486	1147	365	1176	414	56.94	0	-3.90	-3.13	0.00	0.00
1	1299	22638527	1147	365	1176	414	56.94	0	-3.90	-3.12	0.00	0.00
1	1300	22638568	1147	365	1176	414	56.94	0	-3.91	-3.12	0.00	0.00
1	1301	22638609	1147	365	1176	414	56.94	0	-3.91	-3.12	0.00	0.00
1	1302	22638650	1146	365	1176	414	57.45	0	-3.91	-3.12	0.00	0.00
1	1303	22638690	1146	365	1176	414	57.45	0	-3.91	-3.11	0.00	0.00
1	1304	22638731	1146	365	1176	414	57.45	0	-3.92	-3.11	0.00	0.00
1	1305	22638772	1146	364	1176	414	58.31	0	-3.92	-3.11	0.00	0.00
1	1306	22638813	1146	364	1176	414	58.31	0	-3.92	-3.10	0.00	0.00
1	1307	22638854	1146	364	1176	414	58.31	0	-3.92	-3.10	0.00	0.00
1	1308	22638895	1145	364	1176	414	58.83	0	-3.92	-3.10	0.00	0.00
1	1309	22638935	1145	364	1176	414	58.83	0	-3.93	-3.10	0.00	0.00
1	1310	22638976	1145	364	1176	414	58.83	0	-3.93	-3.09	0.00	0.00
1	1311	22639017	1145	364	1176	414	58.83	0	-3.93	-3.09	0.00	0.00
1	1312	22639058	1145	364	1176	414	58.83	0	-3.93	-3.09	0.00	0.00
1	1313	22639098	1145	363	1176	414	59.68	0	-3.93	-3.09	0.00	0.00
1	1314	22639139	1144	363	1176	414	60.21	0	-3.94	-3.08	0.00	0.00
1	1315	22639180	1144	363	1176	414	60.21	0	-3.94	-3.08	0.00	0.00
1	1316	22639221	1144	363	1176	414	60.21	0	-3.94	-3.08	0.00	0.00
1	1317	22639261	1144	363	1176	414	60.21	0	-3.94	-3.08	0.00	0.00
1	1318	22639302	1144	363	1176	414	60.21	0	-3.94	-3.07	0.00	0.00
1	1319	22639342	1144	363	1176	414	60.21	0	-3.95	-3.07	0.00	0.00
1	1320	22639383	1143	363	1176	414	60.75	0	-3.95	-3.07	0.00	0.00
1	1321	22639424	1143	362	1176	414	61.59	0	-3.95	-3.06	0.00	0.00
1	1322	22639464	1143	362	1176	414	61.59	0	-3.95	-3.06	0.00	0.00
1	1323	22639505	1143	362	1176	414	61.59	0	-3.96	-3.06	0.00	0.00
1	1324	22639546	1143	362	1176	414	61.59	0	-3.96	-3.06	0.00	0.00
1	1325	22639586	1143	362	1176	414	61.59	0	-3.96	-3.05	0.00	0.00
1	1326	22639627	1143	362	1176	414	61.59	0	-3.96	-3.05	0.00	0.00
1	1327	22639668	1142	362	1176	414	62.13	0	-3.96	-3.05	0.00	0.00
1	1328	22639709	1142	362	1176	414	62.13	0	-3.97	-3.04	0.00	0.00
1	1329	22639750	1142	361	1176	414	62.97	0	-3.97	-3.04	0.00	0.00
1	1330	22639790	1142	361	1176	414	62.97	0	-3.97	-3.04	0.00	0.00
1	1331	22639831	1142	361	1176	414	62.97	0	-3.97	-3.04	0.00	0.00
1	1332	22639872	1142	361	1176	414	62.97	0	-3.97	-3.03	0.00	0.00
1	1333	22639912	1141	361	1176	414	63.51	0	-3.98	-3.03	0.00	0.00
1	1334	22639952	1141	361	1176	414	63.51	0	-3.98	-3.03	0.00	0.00
1	1335	22639993	1141	361	1176	414	63.51	0	-3.98	-3.03	0.00	0.00
1	1336	22640033	1141	361	1176	414	63.51	0	-3.98	-3.02	0.00	0.00
1	1337	22640074	1141	360	1176	414	64.35	0	-3.98	-3.02	0.00	0.00
1	1338	22640115	1141	360	1176	414	64.35	0	-3.99	-3.02	0.00	0.00
1	1339	22640156	1140	360	1176	414	64.90	0	-3.99	-3.02	0.00	0.00
1	1340	22640196	1140	360	1176	414	64.90	0	-3.99	-3.01	0.00	0.00
1	1341	22640237	1140	360	1176	414	64.90	0	-3.99	-3.01	0.00	0.00
1	1342	22640278	1140	360	1176	414	64.90	0	-3.99	-3.01	0.00	0.00
1	1343	22640319	1140	360	1176	414	64.90	0	-4.00	-3.00	0.00	0.00
1	1344	22640360	1140	360	1176	414	64.90	0	-4.00	-3.00	0.00	0.00
1	1345	22640400	1139	359	1176	414	66.29	0	-4.00	-3.00	0.00	0.00
1	1346	22640441	1139	359	1176	414	66.29	0	-4.00	-3.00	0.00	0.00
1	1347	22640482	1139	359	1176	414	66.29	0	-4.01	-2.99	0.00	0.00
1	1348	22640522	1139	359	1176	414	66.29	0	-4.01	-2.99	0.00	0.00
1	1349	22640563	1139	359	1176	414	66.29	0	-4.01	-2.99	0.00	0.00
1	1350	22640603	1139	359	1176	414	66.29	0	-4.01	-2.99	0.00	0.00
1	1351	22640644	1138	359	1176	414	66.85	0	-4.01	-2.98	0.00	0.00
1	1352	22640685	1138	359	1176	414	66.85	0	-4.02	-2.98	0.00	0.00
1	1353	22640726	1138	358	1176	414	67.68	0	-4.02	-2.98	0.00	0.00
1	1354	22640767	1138	358	1176	414	67.68	0	-4.02	-2.97	0.00	0.00
1	1355	22640808	1138	358	1176	414	67.68	0	-4.02	-2.97	0.00	0.00
1	1356	22640848	1138	358	1176	414	67.68	0	-4.02	-2.97	0.00	0.00
1	1357	22640889	1137	358	1176	414	68.24	0	-4.03	-2.97	0.00	0.00
1	1358	22640929	1137	358	1176	414	68.24	0	-4.03	-2.96	0.00	0.00
1	1359	22640970	1137	358	1176	414	68.24	0	-4.03	-2.96	0.00	0.00
1	1360	22641011	1137	358	1176	414	68.24	0	-4.03	-2.96	0.00	0.00
1	1361	22641051	1137	358	1176	414	68.24	0	-4.03	-2.96	0.00	0.00
1	1362	22641092	1137	357	1176	414	69.07	0	-4.04	-2.95	0.00	0.00
1	1363	22641133	1136	357	1176	414	69.63	0	-4.04	-2.95	0.00	0.00
1	1364	22641173	1136	357	1176	414	69.63	0	-4.04	-2.95	0.00	0.00
1	1365	22641214	1136	357	1176	414	69.63	0	-4.04	-2.94	0.00	0.00
1	1366	22641255	1136	357	1176	414	69.63	0	-4.04	-2.94	0.00	0.00
1	1367	22641295	1136	357	1176	414	69.63	0	-4.05	-2.94	0.00	0.00
1	1368	22641336	1136	357	1176	414	69.63	0	-4.05	-2.94	0.00	0.00
1	1369	22641376	1135	357	1176	414	70.21	0	-4.05	-2.93	0.00	0.00
1	1370	22641417	1135	356	1176	414	71.03	0	-4.05	-2.93	0.00	0.00
1	1371	22641458	1135	356	1176	414	71.03	0	-4.05	-2.93	0.00	0.00
1	1372	22641499	1135	356	1176	414	71.03	0	-4.06	-2.92	0.00	0.00
1	1373	22641539	1135	356	1176	414	71.03	0	-4.06	-2.92	0.00	0.00
1	1374	22641580	1135	356	1176	414	71.03	0	-4.06	-2.92	0.00	0.00
1	1375	22641621	1134	356	1176	414	71.61	0	-4.06	-2.92	0.00	0.00
1	1376	22641662	1134	356	1176	414	71.61	0	-4.06	-2.91	0.00	0.00
1	1377	22641702	1134	356	1176	414	71.61	0	-4.07	-2.91	0.00	0.00
1	1378	22641743	1134	355	1176	414	72.42	0	-4.07	-2.91	0.00	0.00
1	1379	22641784	1134	355	1176	414	72.42	0	-4.07	-2.90	0.00	0.00
1	1380	22641824	1134	355	1176	414	72.42	0	-4.07	-2.90	0.00	0.00
1	1381	22641865	1133	355	1176	414	73.01	0	-4.07	-2.90	0.00	0.00
1	1382	22641906	1133	355	1176	414	73.01	0	-4.08	-2.90	0.00	0.00
1	1383	22641946	1133	355	1176	414	73.01	0	-4.08	-2.89	0.00	0.00
1	1384	22641987	1133	355	1176	414	73.01	0	-4.08	-2.89	0.00	0.00
1	1385	22642028	1133	355	1176	414	73.01	0	-4.08	-2.89	0.00	0.00
1	1386	22642069	1133	354	1176	414	73.82	0	-4.08	-2.89	0.00	0.00
1	1387	22642110	1132	354	1176	414	74.40	0	-4.09	-2.88	0.00	0.00
1	1388	22642150	1132	354	1176	414	74.40	0	-4.09	-2.88	0.00	0.00
1	1389	22642191	1132	354	1176	414	74.40	0	-4.09	-2.88	0.00	0.00
1	1390	22642231	1132	354	1176	414	74.40	0	-4.09	-2.87	0.00	0.00
1	1391	22642272	1132	354	1176	414	74.40	0	-4.09	-2.87	0.00	0.00
1	1392	22642313	1132	354	1176	414	74.40	0	-4.10	-2.87	0.00	0.00
1	1393	22642354	1131	354	1176	414	75.00	0	-4.10	-2.87	0.00	0.00
1	1394	22642395	1131	354	1176	414	75.00	0	-4.10	-2.86	0.00	0.00
1	1395	22642435	1131	353	1176	414	75.80	0	-4.10	-2.86	0.00	0.00
1	1396	22642476	1131	353	1176	414	75.80	0	-4.10	-2.86	0.00	0.00
1	1397	22642517	1131	353	1176	414	75.80	0	-4.11	-2.85	0.00	0.00
1	1398	22642557	1131	353	1176	414	75.80	0	-4.11	-2.85	0.00	0.00
1	1399	22642598	1130	353	1176	414	76.40	0	-4.11	-2.85	0.00	0.00
1	1400	22642638	1130	353	1176	414	76.40	0	-4.11	-2.85	0.00	0.00
1	1401	22642679	1130	353	1176	414	76.40	0	-4.11	-2.84	0.00	0.00
1	1402	22642720	1130	353	1176	414	76.40	0	-4.11	-2.84	0.00	0.00
1	1403	22642760	1130	352	1176	414	77.20	0	-4.12	-2.84	0.00	0.00
1	1404	22642801	1130	352	1176	414	77.20	0	-4.12	-2.84	0.00	0.00
1	1405	22642842	1129	352	1176	414	77.80	0	-4.12	-2.83	0.00	0.00
1	1406	22642883	1129	352	1176	414	77.80	0	-4.12	-2.83	0.00	0.00
1	1407	22642924	1129	352	1176	414	77.80	0	-4.12	-2.83	0.00	0.00
1	1408	22642964	1129	352	1176	414	77.80	0	-4.13	-2.82	0.00	0.00
1	1409	22643005	1129	352	1176	414	77.80	0	-4.13	-2.82	0.00	0.00
1	1410	22643045	1129	352	1176	414	77.80	0	-4.13	-2.82	0.00	0.00
1	1411	22643087	1128	352	1176	414	78.41	0	-4.13	-2.82	0.00	0.00
1	1412	22643127	1128	351	1176	414	79.20	0	-4.13	-2.81	0.00	0.00
1	1413	22643168	1128	351	1176	414	79.20	0	-4.14	-2.81	0.00	0.00
1	1414	22643209	1128	351	1176	414	79.20	0	-4.14	-2.81	0.00	0.00
1	1415	22643250	1128	351	1176	414	79.20	0	-4.14	-2.80	0.00	0.00
1	1416	22643291	1128	351	1176	414	79.20	0	-4.14	-2.80	0.00	0.00
1	1417	22643331	1127	351	1176	414	79.81	0	-4.14	-2.80	0.00	0.00
1	1418	22643372	1127	351	1176	414	79.81	0	-4.15	-2.80	0.00	0.00
1	1419	22643412	1127	351	1176	414	79.81	0	-4.15	-2.79	0.00	0.00
1	1420	22643453	1127	351	1176	414	79.81	0	-4.15	-2.79	0.00	0.00
1	1421	22643494	1127	350	1176	414	80.60	0	-4.15	-2.79	0.00	0.00
1	1422	22643535	1127	350	1176	414	80.60	0	-4.15	-2.78	0.00	0.00
1	1423	22643576	1126	350	1176	414	81.22	0	-4.16	-2.78	0.00	0.00
1	1424	22643617	1126	350	1176	414	81.22	0	-4.16	-2.78	0.00	0.00
1	1425	22643658	1126	350	1176	414	81.22	0	-4.16	-2.78	0.00	0.00
1	1426	22643699	1126	350	1176	414	81.22	0	-4.16	-2.77	0.00	0.00
1	1427	22643740	1126	350	1176	414	81.22	0	-4.16	-2.77	0.00	0.00
1	1428	22643781	1126	350	1176	414	81.22	0	-4.16	-2.77	0.00	0.00
1	1429	22643822	1125	350	1176	414	81.84	0	-4.17	-2.76	0.00	0.00
1	1430	22643863	1125	349	1176	414	82.62	0	-4.17	-2.76	0.00	0.00
1	1431	22643903	1125	349	1176	414	82.62	0	-4.17	-2.76	0.00	0.00
1	1432	22643944	1125	349	1176	414	82.62	0	-4.17	-2.76	0.00	0.00
1	1433	22643985	1125	349	1176	414	82.62	0	-4.17	-2.75	0.00	0.00
1	1434	22644026	1124	349	1176	414	83.24	0	-4.18	-2.75	0.00	0.00
1	1435	22644067	1124	349	1176	414	83.24	0	-4.18	-2.75	0.00	0.00
1	1436	22644108	1124	349	1176	414	83.24	0	-4.18	-2.74	0.00	0.00
1	1437	22644149	1124	349	1176	414	83.24	0	-4.18	-2.74	0.00	0.00
1	1438	22644190	1124	348	1176	414	84.02	0	-4.18	-2.74	0.00	0.00
1	1439	22644230	1124	348	1176	414	84.02	0	-4.19	-2.74	0.00	0.00
1	1440	22644271	1123	348	1176	414	84.65	0	-4.19	-2.73	0.00	0.00
1	1441	22644312	1123	348	1176	414	84.65	0	-4.19	-2.73	0.00	0.00
1	1442	22644353	1123	348	1176	414	84.65	0	-4.19	-2.73	0.00	0.00
1	1443	22644394	1123	348	1176	414	84.65	0	-4.19	-2.72	0.00	0.00
1	1444	22644435	1123	348	1176	414	84.65	0	-4.19	-2.72	0.00	0.00
1	1445	22644476	1123	348	1176	414	84.65	0	-4.20	-2.72	0.00	0.00
1	1446	22644517	1122	348	1176	414	85.28	0	-4.20	-2.72	0.00	0.00
1	1447	22644558	1122	347	1176	414	86.05	0	-4.20	-2.71	0.00	0.00
1	1448	22644599	1122	347	1176	414	86.05	0	-4.20	-2.71	0.00	0.00
1	1449	22644640	1122	347	1176	414	86.05	0	-4.20	-2.71	0.00	0.00
1	1450	22644681	1122	347	1176	414	86.05	0	-4.21	-2.70	0.00	0.00
1	1451	22644722	1122	347	1176	414	86.05	0	-4.21	-2.70	0.00	0.00
1	1452	22644763	1121	347	1176	414	86.68	0	-4.21	-2.70	0.00	0.00
1	1453	22644804	1121	347	1176	414	86.68	0	-4.21	-2.70	0.00	0.00
1	1454	22644845	1121	347	1176	414	86.68	0	-4.21	-2.69	0.00	0.00
1	1455	22644886	1121	347	1176	414	86.68	0	-4.21	-2.69	0.00	0.00
1	1456	22644927	1121	346	1176	414	87.46	0	-4.22	-2.69	0.00	0.00
1	1457	22644968	1121	346	1176	414	87.46	0	-4.22	-2.68	0.00	0.00
1	1458	22645009	1120	346	1176	414	88.09	0	-4.22	-2.68	0.00	0.00
1	1459	22645050	1120	346	1176	414	88.09	0	-4.22	-2.68	0.00	0.00
1	1460	22645091	1120	346	1176	414	88.09	0	-4.22	-2.68	0.00	0.00
1	1461	22645132	1120	346	1176	414	88.09	0	-4.23	-2.67	0.00	0.00
1	1462	22645173	1120	346	1176	414	88.09	0	-4.23	-2.67	0.00	0.00
1	1463	22645214	1119	346	1176	414	88.73	0	-4.23	-2.67	0.00	0.00
