Pra_Test	PointNum	PointTime	ObjPointX	ObjPointY	PostPointX	PostPointY	Distance	Hit	ObjSpeedX	ObjSpeedY	PostSpeedX	PostSpeedY
0	1	61419752	812	384	512	384	300.00	0	-0.00	-5.00	200.00	0.00
0	2	61419792	811	383	518	384	293.00	0	-0.00	-5.00	200.00	0.00
0	3	61419833	811	383	528	384	283.00	0	-0.01	-5.00	200.00	0.00
0	4	61419874	811	383	535	384	276.00	0	-0.01	-5.00	200.00	0.00
0	5	61419915	811	383	544	384	267.00	0	-0.01	-5.00	200.00	0.00
0	6	61419956	811	383	551	384	260.00	0	-0.02	-5.00	200.00	0.00
0	7	61419996	811	382	560	384	251.01	0	-0.02	-5.00	200.00	0.00
0	8	61420037	811	382	563	384	248.01	0	-0.02	-5.00	200.00	0.00
0	9	61420078	811	382	577	384	234.01	0	-0.03	-5.00	200.00	0.00
0	10	61420119	811	382	584	384	227.01	0	-0.03	-5.00	200.00	0.00
0	11	61420160	811	381	593	384	218.02	0	-0.03	-5.00	200.00	0.00
0	12	61420201	811	381	600	384	211.02	0	-0.04	-5.00	200.00	0.00
0	13	61420241	811	381	610	384	201.02	0	-0.04	-5.00	200.00	0.00
0	14	61420282	811	381	617	384	194.02	0	-0.04	-5.00	200.00	0.00
0	15	61420323	811	381	626	384	185.02	0	-0.05	-5.00	200.00	0.00
0	16	61420364	811	380	633	384	178.04	0	-0.05	-5.00	200.00	0.00
0	17	61420405	811	380	642	384	169.05	0	-0.05	-5.00	200.00	0.00
0	18	61420445	811	380	649	384	162.05	0	-0.06	-5.00	200.00	0.00
0	19	61420486	811	380	659	384	152.05	0	-0.06	-5.00	200.00	0.00
0	20	61420527	811	380	666	384	145.06	0	-0.06	-5.00	200.00	0.00
0	21	61420567	811	379	673	384	138.09	0	-0.07	-5.00	200.00	0.00
0	22	61420608	811	379	682	384	129.10	0	-0.07	-5.00	200.00	0.00
0	23	61420649	811	379	689	384	122.10	0	-0.07	-5.00	200.00	0.00
0	24	61420690	811	379	699	384	112.11	0	-0.08	-5.00	200.00	0.00
0	25	61420731	811	379	706	384	105.12	0	-0.08	-5.00	200.00	0.00
0	26	61420772	811	378	715	384	96.19	0	-0.08	-5.00	200.00	0.00
0	27	61420813	811	378	722	384	89.20	0	-0.09	-5.00	200.00	0.00
0	28	61420854	811	378	732	384	79.23	0	-0.09	-5.00	200.00	0.00
0	29	61420895	811	378	739	384	72.25	0	-0.09	-5.00	200.00	0.00
0	30	61420936	811	378	748	384	63.29	0	-0.10	-5.00	200.00	0.00
0	31	61420977	811	377	755	384	56.44	0	-0.10	-5.00	200.00	0.00
0	32	61421018	811	377	764	384	47.52	0	-0.11	-5.00	200.00	0.00
0	33	61421058	811	377	772	384	39.62	0	-0.11	-5.00	0.00	0.00
0	34	61421099	811	377	772	384	39.62	0	-0.11	-5.00	0.00	0.00
0	35	61421140	811	377	772	384	39.62	0	-0.12	-5.00	0.00	0.00
0	36	61421181	811	376	772	384	39.81	0	-0.12	-5.00	0.00	0.00
0	37	61421221	811	376	772	384	39.81	0	-0.12	-5.00	0.00	0.00
0	38	61421262	811	376	772	384	39.81	0	-0.13	-5.00	0.00	0.00
0	39	61421303	811	376	772	384	39.81	0	-0.13	-5.00	0.00	0.00
0	40	61421344	811	376	772	384	39.81	0	-0.13	-5.00	0.00	0.00
0	41	61421385	811	375	772	384	40.02	0	-0.14	-5.00	0.00	0.00
0	42	61421425	811	375	772	384	40.02	0	-0.14	-5.00	0.00	0.00
0	43	61421466	811	375	772	384	40.02	0	-0.14	-5.00	0.00	0.00
0	44	61421507	811	375	772	384	40.02	0	-0.15	-5.00	200.00	0.00
0	45	61421548	811	375	780	384	32.28	0	-0.15	-5.00	200.00	0.00
0	46	61421589	811	374	789	384	24.17	0	-0.15	-5.00	200.00	0.00
0	47	61421630	811	374	796	384	18.03	0	-0.16	-5.00	200.00	-200.00
0	48	61421671	811	374	805	374	6.00	1	-0.16	-5.00	200.00	-200.00
0	49	61421712	811	374	812	367	7.07	1	-0.16	-5.00	200.00	-200.00
0	50	61421753	811	373	821	358	18.03	0	-0.17	-5.00	200.00	-200.00
0	51	61421794	811	373	828	351	27.80	0	-0.17	-5.00	200.00	-200.00
0	52	61421835	811	373	837	342	40.46	0	-0.17	-5.00	0.00	0.00
0	53	61421876	811	373	837	342	40.46	0	-0.18	-5.00	0.00	0.00
0	54	61421917	811	373	837	342	40.46	0	-0.18	-5.00	0.00	0.00
0	55	61421957	811	372	837	342	39.70	0	-0.18	-5.00	0.00	0.00
0	56	61421998	811	372	837	342	39.70	0	-0.19	-5.00	0.00	0.00
0	57	61422039	811	372	837	342	39.70	0	-0.19	-5.00	0.00	0.00
0	58	61422080	811	372	837	342	39.70	0	-0.19	-5.00	0.00	0.00
0	59	61422121	811	372	837	342	39.70	0	-0.20	-5.00	0.00	0.00
0	60	61422162	811	371	837	342	38.95	0	-0.20	-5.00	0.00	0.00
0	61	61422203	811	371	837	342	38.95	0	-0.20	-5.00	0.00	0.00
0	62	61422244	811	371	837	342	38.95	0	-0.21	-5.00	0.00	0.00
0	63	61422285	811	371	837	342	38.95	0	-0.21	-5.00	0.00	0.00
0	64	61422326	811	371	837	342	38.95	0	-0.21	-5.00	0.00	0.00
0	65	61422367	811	370	837	342	38.21	0	-0.22	-5.00	0.00	0.00
0	66	61422408	811	370	837	342	38.21	0	-0.22	-5.00	0.00	0.00
0	67	61422449	811	370	837	342	38.21	0	-0.22	-4.99	0.00	0.00
0	68	61422490	811	370	837	342	38.21	0	-0.23	-4.99	0.00	0.00
0	69	61422531	811	370	837	342	38.21	0	-0.23	-4.99	0.00	0.00
0	70	61422572	811	369	837	342	37.48	0	-0.23	-4.99	0.00	0.00
0	71	61422613	811	369	837	342	37.48	0	-0.24	-4.99	0.00	0.00
0	72	61422654	811	369	837	342	37.48	0	-0.24	-4.99	0.00	0.00
0	73	61422695	811	369	837	342	37.48	0	-0.25	-4.99	0.00	0.00
0	74	61422735	811	369	837	342	37.48	0	-0.25	-4.99	0.00	0.00
0	75	61422776	811	368	837	342	36.77	0	-0.25	-4.99	0.00	0.00
0	76	61422817	811	368	837	342	36.77	0	-0.26	-4.99	0.00	0.00
0	77	61422858	811	368	837	342	36.77	0	-0.26	-4.99	0.00	0.00
0	78	61422899	811	368	837	342	36.77	0	-0.26	-4.99	0.00	0.00
0	79	61422940	811	368	837	342	36.77	0	-0.27	-4.99	0.00	0.00
0	80	61422981	811	367	837	342	36.07	0	-0.27	-4.99	0.00	0.00
0	81	61423022	811	367	837	342	36.07	0	-0.27	-4.99	0.00	0.00
0	82	61423063	811	367	837	342	36.07	0	-0.28	-4.99	0.00	0.00
0	83	61423104	811	367	837	342	36.07	0	-0.28	-4.99	0.00	0.00
0	84	61423145	811	367	837	342	36.07	0	-0.28	-4.99	0.00	0.00
0	85	61423186	811	366	837	342	35.38	0	-0.29	-4.99	0.00	0.00
0	86	61423227	811	366	837	342	35.38	0	-0.29	-4.99	0.00	0.00
0	87	61423268	811	366	837	342	35.38	0	-0.29	-4.99	0.00	0.00
0	88	61423309	811	366	837	342	35.38	0	-0.30	-4.99	0.00	0.00
0	89	61423350	811	366	837	342	35.38	0	-0.30	-4.99	0.00	0.00
0	90	61423391	811	365	837	342	34.71	0	-0.30	-4.99	0.00	0.00
0	91	61423432	811	365	837	342	34.71	0	-0.31	-4.99	0.00	0.00
0	92	61423473	811	365	837	342	34.71	0	-0.31	-4.99	0.00	0.00
0	93	61423514	811	365	837	342	34.71	0	-0.31	-4.99	0.00	0.00
0	94	61423555	811	364	837	342	34.06	0	-0.32	-4.99	0.00	0.00
0	95	61423596	811	364	837	342	34.06	0	-0.32	-4.99	0.00	0.00
0	96	61423637	811	364	837	342	34.06	0	-0.32	-4.99	0.00	0.00
0	97	61423678	811	364	837	342	34.06	0	-0.33	-4.99	0.00	0.00
0	98	61423719	811	364	837	342	34.06	0	-0.33	-4.99	0.00	0.00
0	99	61423760	811	363	837	342	33.42	0	-0.33	-4.99	0.00	0.00
0	100	61423801	811	363	837	342	33.42	0	-0.34	-4.99	0.00	0.00
0	101	61423842	811	363	837	342	33.42	0	-0.34	-4.99	0.00	0.00
0	102	61423883	811	363	837	342	33.42	0	-0.34	-4.99	0.00	0.00
0	103	61423924	811	363	837	342	33.42	0	-0.35	-4.99	0.00	0.00
0	104	61423964	811	362	837	342	32.80	0	-0.35	-4.99	0.00	0.00
0	105	61424005	811	362	837	342	32.80	0	-0.35	-4.99	0.00	0.00
0	106	61424046	811	362	837	342	32.80	0	-0.36	-4.99	0.00	0.00
0	107	61424087	811	362	837	342	32.80	0	-0.36	-4.99	0.00	0.00
0	108	61424128	811	362	837	342	32.80	0	-0.36	-4.99	0.00	0.00
0	109	61424169	811	361	837	342	32.20	0	-0.37	-4.99	0.00	0.00
0	110	61424210	811	361	837	342	32.20	0	-0.37	-4.99	0.00	0.00
0	111	61424251	811	361	837	342	32.20	0	-0.38	-4.99	0.00	0.00
0	112	61424292	811	361	837	342	32.20	0	-0.38	-4.99	0.00	0.00
0	113	61424333	811	361	837	342	32.20	0	-0.38	-4.99	-200.00	0.00
0	114	61424373	811	360	830	342	26.17	0	-0.38	-4.99	-200.00	0.00
0	115	61424414	811	360	821	342	20.59	0	-0.39	-4.98	-200.00	0.00
0	116	61424455	811	360	814	342	18.25	0	-0.39	-4.98	-200.00	0.00
0	117	61424496	811	360	805	342	18.97	0	-0.40	-4.98	-200.00	0.00
0	118	61424537	811	360	798	342	22.20	0	-0.40	-4.98	-200.00	0.00
0	119	61424578	811	359	788	342	28.60	0	-0.40	-4.98	-200.00	0.00
0	120	61424619	811	359	781	342	34.48	0	-0.41	-4.98	-200.00	0.00
0	121	61424660	810	359	772	342	41.63	0	-0.41	-4.98	-200.00	0.00
0	122	61424701	810	359	765	342	48.10	0	-0.41	-4.98	0.00	0.00
0	123	61424742	810	359	765	342	48.10	0	-0.42	-4.98	0.00	200.00
0	124	61424783	810	358	765	349	45.89	0	-0.42	-4.98	0.00	200.00
0	125	61424824	810	358	765	358	45.00	0	-0.42	-4.98	0.00	200.00
0	126	61424865	810	358	765	365	45.54	0	-0.43	-4.98	0.00	200.00
0	127	61424906	810	358	765	375	48.10	0	-0.43	-4.98	0.00	200.00
0	128	61424947	810	358	765	382	51.00	0	-0.43	-4.98	0.00	200.00
0	129	61424988	810	357	765	391	56.40	0	-0.44	-4.98	0.00	200.00
0	130	61425029	810	357	765	398	60.88	0	-0.44	-4.98	0.00	0.00
0	131	61425070	810	357	765	398	60.88	0	-0.44	-4.98	0.00	0.00
0	132	61425111	810	357	765	398	60.88	0	-0.45	-4.98	0.00	0.00
0	133	61425152	810	356	765	398	61.55	0	-0.45	-4.98	0.00	0.00
0	134	61425193	810	356	765	398	61.55	0	-0.45	-4.98	0.00	0.00
0	135	61425234	810	356	765	398	61.55	0	-0.46	-4.98	0.00	0.00
0	136	61425275	810	356	765	398	61.55	0	-0.46	-4.98	0.00	0.00
0	137	61425316	810	356	765	398	61.55	0	-0.46	-4.98	0.00	0.00
0	138	61425357	810	355	765	398	62.24	0	-0.47	-4.98	0.00	0.00
0	139	61425398	810	355	765	398	62.24	0	-0.47	-4.98	200.00	0.00
0	140	61425439	810	355	772	398	57.38	0	-0.47	-4.98	200.00	0.00
0	141	61425479	810	355	782	398	51.31	0	-0.48	-4.98	200.00	0.00
0	142	61425520	810	355	788	398	48.30	0	-0.48	-4.98	200.00	0.00
0	143	61425561	810	354	798	398	45.61	0	-0.48	-4.98	200.00	0.00
0	144	61425602	810	354	805	398	44.28	0	-0.49	-4.98	200.00	0.00
0	145	61425643	810	354	814	398	44.18	0	-0.49	-4.98	200.00	0.00
0	146	61425683	810	354	821	398	45.35	0	-0.49	-4.98	0.00	0.00
0	147	61425724	810	354	821	398	45.35	0	-0.50	-4.98	0.00	0.00
0	148	61425765	810	353	821	398	46.32	0	-0.50	-4.97	0.00	0.00
0	149	61425806	810	353	821	398	46.32	0	-0.50	-4.97	0.00	0.00
0	150	61425847	810	353	821	398	46.32	0	-0.51	-4.97	0.00	0.00
0	151	61425888	810	353	821	398	46.32	0	-0.51	-4.97	0.00	0.00
0	152	61425929	810	353	821	398	46.32	0	-0.51	-4.97	0.00	0.00
0	153	61425970	810	352	821	398	47.30	0	-0.52	-4.97	0.00	0.00
0	154	61426011	810	352	821	398	47.30	0	-0.52	-4.97	0.00	0.00
0	155	61426051	810	352	821	398	47.30	0	-0.52	-4.97	0.00	0.00
0	156	61426092	810	352	821	398	47.30	0	-0.53	-4.97	0.00	0.00
0	157	61426133	810	352	821	398	47.30	0	-0.53	-4.97	0.00	0.00
0	158	61426174	810	351	821	398	48.27	0	-0.54	-4.97	0.00	0.00
0	159	61426215	810	351	821	398	48.27	0	-0.54	-4.97	0.00	0.00
0	160	61426256	810	351	821	398	48.27	0	-0.54	-4.97	0.00	0.00
0	161	61426297	810	351	821	398	48.27	0	-0.55	-4.97	0.00	0.00
0	162	61426338	810	351	821	398	48.27	0	-0.55	-4.97	0.00	0.00
0	163	61426379	810	350	821	398	49.24	0	-0.55	-4.97	0.00	0.00
0	164	61426420	810	350	821	398	49.24	0	-0.56	-4.97	0.00	0.00
0	165	61426461	810	350	821	398	49.24	0	-0.56	-4.97	0.00	0.00
0	166	61426502	810	350	821	398	49.24	0	-0.56	-4.97	0.00	0.00
0	167	61426542	810	350	821	398	49.24	0	-0.57	-4.97	0.00	0.00
0	168	61426583	810	349	821	398	50.22	0	-0.57	-4.97	0.00	0.00
0	169	61426624	810	349	821	398	50.22	0	-0.57	-4.97	0.00	0.00
0	170	61426665	810	349	821	398	50.22	0	-0.58	-4.97	0.00	0.00
0	171	61426706	809	349	821	398	50.45	0	-0.58	-4.97	0.00	0.00
0	172	61426747	809	349	821	398	50.45	0	-0.58	-4.97	0.00	0.00
0	173	61426788	809	348	821	398	51.42	0	-0.59	-4.97	0.00	0.00
0	174	61426829	809	348	821	398	51.42	0	-0.59	-4.97	0.00	0.00
0	175	61426870	809	348	821	398	51.42	0	-0.59	-4.96	0.00	0.00
0	176	61426911	809	348	821	398	51.42	0	-0.60	-4.96	0.00	0.00
0	177	61426952	809	348	821	398	51.42	0	-0.60	-4.96	0.00	0.00
0	178	61426993	809	347	821	398	52.39	0	-0.60	-4.96	0.00	0.00
0	179	61427034	809	347	821	398	52.39	0	-0.61	-4.96	0.00	-200.00
0	180	61427075	809	347	821	392	46.57	0	-0.61	-4.96	0.00	-200.00
0	181	61427116	809	347	821	382	37.00	0	-0.61	-4.96	0.00	-200.00
0	182	61427157	809	347	821	375	30.46	0	-0.62	-4.96	0.00	-200.00
0	183	61427198	809	346	821	366	23.32	0	-0.62	-4.96	0.00	-200.00
0	184	61427239	809	346	821	359	17.69	0	-0.62	-4.96	0.00	-200.00
0	185	61427280	809	346	821	350	12.65	0	-0.63	-4.96	0.00	-200.00
0	186	61427321	809	346	821	342	12.65	0	-0.63	-4.96	0.00	-200.00
0	187	61427362	809	345	821	333	16.97	0	-0.63	-4.96	0.00	0.00
0	188	61427403	809	345	821	333	16.97	0	-0.64	-4.96	0.00	0.00
0	189	61427444	809	345	821	333	16.97	0	-0.64	-4.96	0.00	0.00
0	190	61427485	809	345	821	333	16.97	0	-0.64	-4.96	0.00	0.00
0	191	61427526	809	345	821	333	16.97	0	-0.65	-4.96	0.00	0.00
0	192	61427567	809	344	821	333	16.28	0	-0.65	-4.96	0.00	0.00
0	193	61427607	809	344	821	333	16.28	0	-0.65	-4.96	0.00	0.00
0	194	61427648	809	344	821	333	16.28	0	-0.66	-4.96	0.00	0.00
0	195	61427689	809	344	821	333	16.28	0	-0.66	-4.96	0.00	0.00
0	196	61427730	809	344	821	333	16.28	0	-0.66	-4.96	0.00	0.00
0	197	61427771	809	343	821	333	15.62	0	-0.67	-4.96	0.00	0.00
0	198	61427812	809	343	821	333	15.62	0	-0.67	-4.95	0.00	0.00
0	199	61427853	809	343	821	333	15.62	0	-0.67	-4.95	0.00	0.00
0	200	61427894	809	343	821	333	15.62	0	-0.68	-4.95	0.00	0.00
0	201	61427935	809	343	821	333	15.62	0	-0.68	-4.95	0.00	0.00
0	202	61427976	809	342	821	333	15.00	0	-0.68	-4.95	0.00	0.00
0	203	61428017	809	342	821	333	15.00	0	-0.69	-4.95	0.00	0.00
0	204	61428058	809	342	821	333	15.00	0	-0.69	-4.95	0.00	0.00
0	205	61428099	809	342	821	333	15.00	0	-0.69	-4.95	0.00	0.00
0	206	61428140	809	342	821	333	15.00	0	-0.70	-4.95	0.00	0.00
0	207	61428181	809	341	821	333	14.42	0	-0.70	-4.95	0.00	0.00
0	208	61428221	809	341	821	333	14.42	0	-0.70	-4.95	0.00	0.00
0	209	61428262	808	341	821	333	15.26	0	-0.71	-4.95	0.00	0.00
0	210	61428303	808	341	821	333	15.26	0	-0.71	-4.95	0.00	0.00
0	211	61428344	808	341	821	333	15.26	0	-0.71	-4.95	0.00	0.00
0	212	61428385	808	340	821	333	14.76	0	-0.72	-4.95	0.00	0.00
0	213	61428426	808	340	821	333	14.76	0	-0.72	-4.95	0.00	0.00
0	214	61428467	808	340	821	333	14.76	0	-0.72	-4.95	0.00	0.00
0	215	61428508	808	340	821	333	14.76	0	-0.73	-4.95	0.00	0.00
0	216	61428548	808	340	821	333	14.76	0	-0.73	-4.95	0.00	0.00
0	217	61428589	808	339	821	333	14.32	0	-0.73	-4.95	0.00	0.00
0	218	61428630	808	339	821	333	14.32	0	-0.74	-4.95	0.00	0.00
0	219	61428671	808	339	821	333	14.32	0	-0.74	-4.94	0.00	0.00
0	220	61428712	808	339	821	333	14.32	0	-0.75	-4.94	0.00	0.00
0	221	61428753	808	339	821	333	14.32	0	-0.75	-4.94	0.00	0.00
0	222	61428794	808	338	821	333	13.93	0	-0.75	-4.94	0.00	0.00
0	223	61428835	808	338	821	333	13.93	0	-0.75	-4.94	0.00	0.00
0	224	61428876	808	338	821	333	13.93	0	-0.76	-4.94	0.00	0.00
0	225	61428917	808	338	821	333	13.93	0	-0.76	-4.94	0.00	0.00
0	226	61428958	808	338	821	333	13.93	0	-0.77	-4.94	0.00	0.00
0	227	61428999	808	337	821	333	13.60	0	-0.77	-4.94	0.00	0.00
0	228	61429040	808	337	821	333	13.60	0	-0.77	-4.94	0.00	0.00
0	229	61429081	808	337	821	333	13.60	0	-0.78	-4.94	0.00	0.00
0	230	61429122	808	337	821	333	13.60	0	-0.78	-4.94	0.00	0.00
0	231	61429163	808	337	821	333	13.60	0	-0.78	-4.94	0.00	0.00
0	232	61429203	808	336	821	333	13.34	0	-0.79	-4.94	0.00	0.00
0	233	61429244	808	336	821	333	13.34	0	-0.79	-4.94	0.00	0.00
0	234	61429285	808	336	821	333	13.34	0	-0.79	-4.94	0.00	0.00
0	235	61429326	808	336	821	333	13.34	0	-0.80	-4.94	0.00	0.00
0	236	61429367	808	336	821	333	13.34	0	-0.80	-4.94	0.00	0.00
0	237	61429408	808	335	821	333	13.15	0	-0.80	-4.94	0.00	0.00
0	238	61429449	808	335	821	333	13.15	0	-0.81	-4.93	0.00	0.00
0	239	61429490	808	335	821	333	13.15	0	-0.81	-4.93	0.00	0.00
0	240	61429531	808	335	821	333	13.15	0	-0.81	-4.93	0.00	0.00
0	241	61429572	807	335	821	333	14.14	0	-0.82	-4.93	0.00	0.00
0	242	61429613	807	334	821	333	14.04	0	-0.82	-4.93	0.00	0.00
0	243	61429654	807	334	821	333	14.04	0	-0.82	-4.93	0.00	0.00
0	244	61429695	807	334	821	333	14.04	0	-0.83	-4.93	0.00	0.00
0	245	61429736	807	334	821	333	14.04	0	-0.83	-4.93	0.00	0.00
0	246	61429777	807	334	821	333	14.04	0	-0.83	-4.93	0.00	0.00
0	247	61429818	807	333	821	333	14.00	0	-0.84	-4.93	0.00	0.00
0	248	61429859	807	333	821	333	14.00	0	-0.84	-4.93	0.00	0.00
0	249	61429899	807	333	821	333	14.00	0	-0.84	-4.93	0.00	0.00
0	250	61429940	807	333	821	333	14.00	0	-0.85	-4.93	0.00	0.00
0	251	61429981	807	333	821	333	14.00	0	-0.85	-4.93	0.00	0.00
0	252	61430022	807	332	821	333	14.04	0	-0.85	-4.93	0.00	0.00
0	253	61430063	807	332	821	333	14.04	0	-0.86	-4.93	0.00	0.00
0	254	61430104	807	332	821	333	14.04	0	-0.86	-4.93	0.00	0.00
0	255	61430145	807	332	821	333	14.04	0	-0.86	-4.92	0.00	0.00
0	256	61430186	807	332	821	333	14.04	0	-0.87	-4.92	0.00	0.00
0	257	61430227	807	331	821	333	14.14	0	-0.87	-4.92	0.00	0.00
0	258	61430268	807	331	821	333	14.14	0	-0.87	-4.92	0.00	0.00
0	259	61430309	807	331	821	333	14.14	0	-0.88	-4.92	0.00	0.00
0	260	61430350	807	331	821	333	14.14	0	-0.88	-4.92	0.00	0.00
0	261	61430391	807	330	821	333	14.32	0	-0.88	-4.92	0.00	0.00
0	262	61430431	807	330	821	333	14.32	0	-0.89	-4.92	0.00	0.00
0	263	61430472	807	330	821	333	14.32	0	-0.89	-4.92	0.00	0.00
0	264	61430513	807	330	821	333	14.32	0	-0.89	-4.92	0.00	0.00
0	265	61430554	807	330	821	333	14.32	0	-0.90	-4.92	0.00	0.00
0	266	61430595	807	330	821	333	14.32	0	-0.90	-4.92	0.00	0.00
0	267	61430636	807	329	821	333	14.56	0	-0.90	-4.92	0.00	0.00
0	268	61430677	807	329	821	333	14.56	0	-0.91	-4.92	0.00	0.00
0	269	61430718	806	329	821	333	15.52	0	-0.91	-4.92	0.00	0.00
0	270	61430759	806	329	821	333	15.52	0	-0.91	-4.92	0.00	0.00
0	271	61430800	806	328	821	333	15.81	0	-0.92	-4.92	0.00	0.00
0	272	61430841	806	328	821	333	15.81	0	-0.92	-4.91	0.00	0.00
0	273	61430882	806	328	821	333	15.81	0	-0.92	-4.91	0.00	0.00
0	274	61430923	806	328	821	333	15.81	0	-0.93	-4.91	0.00	0.00
0	275	61430964	806	328	821	333	15.81	0	-0.93	-4.91	0.00	0.00
0	276	61431005	806	328	821	333	15.81	0	-0.93	-4.91	0.00	0.00
0	277	61431046	806	327	821	333	16.16	0	-0.94	-4.91	0.00	0.00
0	278	61431087	806	327	821	333	16.16	0	-0.94	-4.91	0.00	0.00
0	279	61431128	806	327	821	333	16.16	0	-0.94	-4.91	0.00	0.00
0	280	61431169	806	327	821	333	16.16	0	-0.95	-4.91	0.00	0.00
0	281	61431210	806	326	821	333	16.55	0	-0.95	-4.91	0.00	0.00
0	282	61431251	806	326	821	333	16.55	0	-0.95	-4.91	0.00	0.00
0	283	61431292	806	326	821	333	16.55	0	-0.96	-4.91	0.00	0.00
0	284	61431333	806	326	821	333	16.55	0	-0.96	-4.91	0.00	0.00
0	285	61431374	806	326	821	333	16.55	0	-0.96	-4.91	0.00	0.00
0	286	61431415	806	325	821	333	17.00	0	-0.97	-4.91	0.00	0.00
0	287	61431456	806	325	821	333	17.00	0	-0.97	-4.90	0.00	0.00
0	288	61431497	806	325	821	333	17.00	0	-0.97	-4.90	0.00	0.00
0	289	61431538	806	325	821	333	17.00	0	-0.98	-4.90	0.00	0.00
0	290	61431579	806	325	821	333	17.00	0	-0.98	-4.90	0.00	0.00
0	291	61431620	806	324	821	333	17.49	0	-0.98	-4.90	0.00	0.00
0	292	61431661	806	324	821	333	17.49	0	-0.99	-4.90	0.00	-200.00
0	293	61431702	806	324	821	324	15.00	0	-0.99	-4.90	0.00	-200.00
0	294	61431743	806	324	821	317	16.55	0	-0.99	-4.90	0.00	-200.00
0	295	61431784	805	324	821	308	22.63	0	-1.00	-4.90	0.00	-200.00
0	296	61431824	805	323	821	301	27.20	0	-1.00	-4.90	0.00	-200.00
0	297	61431865	805	323	821	291	35.78	0	-1.00	-4.90	0.00	-200.00
0	298	61431906	805	323	821	284	42.15	0	-1.01	-4.90	0.00	-200.00
0	299	61431947	805	323	821	275	50.60	0	-1.01	-4.90	0.00	-200.00
0	300	61431988	805	323	821	268	57.28	0	-1.01	-4.90	0.00	0.00
0	301	61432029	805	322	821	268	56.32	0	-1.02	-4.90	0.00	0.00
0	302	61432070	805	322	821	268	56.32	0	-1.02	-4.89	0.00	0.00
0	303	61432111	805	322	821	268	56.32	0	-1.02	-4.89	0.00	0.00
0	304	61432152	805	322	821	268	56.32	0	-1.03	-4.89	0.00	0.00
0	305	61432193	805	322	821	268	56.32	0	-1.03	-4.89	0.00	0.00
0	306	61432234	805	321	821	268	55.36	0	-1.03	-4.89	0.00	0.00
0	307	61432275	805	321	821	268	55.36	0	-1.04	-4.89	0.00	0.00
0	308	61432315	805	321	821	268	55.36	0	-1.04	-4.89	0.00	0.00
0	309	61432356	805	321	821	268	55.36	0	-1.04	-4.89	0.00	0.00
0	310	61432397	805	321	821	268	55.36	0	-1.05	-4.89	0.00	0.00
0	311	61432438	805	320	821	268	54.41	0	-1.05	-4.89	0.00	0.00
0	312	61432479	805	320	821	268	54.41	0	-1.05	-4.89	0.00	0.00
0	313	61432520	805	320	821	268	54.41	0	-1.06	-4.89	0.00	0.00
0	314	61432561	805	320	821	268	54.41	0	-1.06	-4.89	-200.00	200.00
0	315	61432602	805	320	814	275	45.89	0	-1.06	-4.89	-200.00	200.00
0	316	61432643	805	319	805	284	35.00	0	-1.07	-4.88	-200.00	200.00
0	317	61432684	805	319	798	291	28.86	0	-1.07	-4.88	-200.00	200.00
0	318	61432725	804	319	788	301	24.08	0	-1.07	-4.88	-200.00	200.00
0	319	61432766	804	319	781	308	25.50	0	-1.08	-4.88	-200.00	200.00
0	320	61432807	804	319	772	317	32.06	0	-1.08	-4.88	-200.00	200.00
0	321	61432848	804	318	765	324	39.46	0	-1.08	-4.88	-200.00	200.00
0	322	61432889	804	318	755	333	51.24	0	-1.09	-4.88	0.00	200.00
0	323	61432930	804	318	755	341	54.13	0	-1.09	-4.88	0.00	0.00
0	324	61432970	804	318	755	341	54.13	0	-1.09	-4.88	0.00	0.00
0	325	61433011	804	318	755	341	54.13	0	-1.10	-4.88	0.00	0.00
0	326	61433052	804	317	755	341	54.56	0	-1.10	-4.88	0.00	0.00
0	327	61433093	804	317	755	341	54.56	0	-1.10	-4.88	0.00	0.00
0	328	61433134	804	317	755	341	54.56	0	-1.11	-4.88	200.00	0.00
0	329	61433175	804	317	762	341	48.37	0	-1.11	-4.88	200.00	0.00
0	330	61433216	804	317	772	341	40.00	0	-1.11	-4.87	200.00	0.00
0	331	61433257	804	316	779	341	35.36	0	-1.12	-4.87	200.00	0.00
0	332	61433298	804	316	788	341	29.68	0	-1.12	-4.87	200.00	0.00
0	333	61433339	804	316	795	341	26.57	0	-1.12	-4.87	200.00	0.00
0	334	61433380	804	316	805	341	25.02	0	-1.13	-4.87	200.00	0.00
0	335	61433421	804	316	812	341	26.25	0	-1.13	-4.87	0.00	0.00
0	336	61433462	804	315	812	341	27.20	0	-1.13	-4.87	0.00	0.00
0	337	61433503	804	315	812	341	27.20	0	-1.14	-4.87	0.00	0.00
0	338	61433543	804	315	812	341	27.20	0	-1.14	-4.87	0.00	0.00
0	339	61433584	804	315	812	341	27.20	0	-1.14	-4.87	0.00	0.00
0	340	61433625	803	315	812	341	27.51	0	-1.15	-4.87	0.00	0.00
0	341	61433666	803	314	812	341	28.46	0	-1.15	-4.87	0.00	0.00
0	342	61433707	803	314	812	341	28.46	0	-1.15	-4.86	0.00	0.00
0	343	61433748	803	314	812	341	28.46	0	-1.16	-4.86	0.00	0.00
0	344	61433789	803	314	812	341	28.46	0	-1.16	-4.86	0.00	0.00
0	345	61433830	803	314	812	341	28.46	0	-1.16	-4.86	0.00	0.00
0	346	61433871	803	313	812	341	29.41	0	-1.17	-4.86	0.00	0.00
0	347	61433912	803	313	812	341	29.41	0	-1.17	-4.86	0.00	0.00
0	348	61433953	803	313	812	341	29.41	0	-1.17	-4.86	0.00	0.00
0	349	61433994	803	313	812	341	29.41	0	-1.18	-4.86	0.00	0.00
0	350	61434035	803	313	812	341	29.41	0	-1.18	-4.86	0.00	0.00
0	351	61434076	803	312	812	341	30.36	0	-1.18	-4.86	0.00	0.00
0	352	61434117	803	312	812	341	30.36	0	-1.19	-4.86	0.00	0.00
0	353	61434158	803	312	812	341	30.36	0	-1.19	-4.86	0.00	0.00
0	354	61434199	803	312	812	341	30.36	0	-1.19	-4.86	0.00	0.00
0	355	61434240	803	312	812	341	30.36	0	-1.20	-4.85	0.00	0.00
0	356	61434281	803	311	812	341	31.32	0	-1.20	-4.85	0.00	0.00
0	357	61434322	803	311	812	341	31.32	0	-1.20	-4.85	0.00	0.00
0	358	61434363	803	311	812	341	31.32	0	-1.21	-4.85	0.00	0.00
0	359	61434403	803	311	812	341	31.32	0	-1.21	-4.85	0.00	0.00
0	360	61434444	803	311	812	341	31.32	0	-1.21	-4.85	0.00	0.00
0	361	61434485	802	310	812	341	32.57	0	-1.22	-4.85	0.00	0.00
0	362	61434526	802	310	812	341	32.57	0	-1.22	-4.85	0.00	0.00
0	363	61434566	802	310	812	341	32.57	0	-1.22	-4.85	0.00	0.00
0	364	61434607	802	310	812	341	32.57	0	-1.23	-4.85	0.00	0.00
0	365	61434648	802	310	812	341	32.57	0	-1.23	-4.85	-200.00	0.00
0	366	61434689	802	309	805	341	32.14	0	-1.23	-4.85	-200.00	0.00
0	367	61434730	802	309	795	341	32.76	0	-1.24	-4.84	-200.00	0.00
0	368	61434771	802	309	788	341	34.93	0	-1.24	-4.84	-200.00	0.00
0	369	61434812	802	309	779	341	39.41	0	-1.24	-4.84	0.00	-200.00
0	370	61434853	802	309	779	333	33.24	0	-1.25	-4.84	0.00	-200.00
0	371	61434894	802	308	779	324	28.02	0	-1.25	-4.84	0.00	-200.00
0	372	61434935	802	308	779	317	24.70	0	-1.25	-4.84	0.00	-200.00
0	373	61434975	802	308	779	308	23.00	0	-1.26	-4.84	0.00	-200.00
0	374	61435016	802	308	779	300	24.35	0	-1.26	-4.84	0.00	-200.00
0	375	61435057	802	308	779	291	28.60	0	-1.26	-4.84	0.00	-200.00
0	376	61435098	802	307	779	283	33.24	0	-1.27	-4.84	0.00	-200.00
0	377	61435139	802	307	779	274	40.22	0	-1.27	-4.84	0.00	-200.00
0	378	61435180	802	307	779	267	46.14	0	-1.27	-4.84	0.00	-200.00
0	379	61435221	802	307	779	258	54.13	0	-1.28	-4.83	0.00	0.00
0	380	61435262	802	307	779	258	54.13	0	-1.28	-4.83	0.00	0.00
0	381	61435303	801	306	779	258	52.80	0	-1.28	-4.83	0.00	0.00
0	382	61435344	801	306	779	258	52.80	0	-1.29	-4.83	0.00	0.00
0	383	61435385	801	306	779	258	52.80	0	-1.29	-4.83	0.00	0.00
0	384	61435426	801	306	779	258	52.80	0	-1.29	-4.83	0.00	0.00
0	385	61435467	801	306	779	258	52.80	0	-1.30	-4.83	0.00	0.00
0	386	61435508	801	306	779	258	52.80	0	-1.30	-4.83	0.00	0.00
0	387	61435548	801	305	779	258	51.89	0	-1.30	-4.83	0.00	0.00
0	388	61435589	801	305	779	258	51.89	0	-1.31	-4.83	0.00	0.00
0	389	61435630	801	305	779	258	51.89	0	-1.31	-4.83	0.00	0.00
0	390	61435671	801	305	779	258	51.89	0	-1.31	-4.82	0.00	0.00
0	391	61435712	801	304	779	258	50.99	0	-1.32	-4.82	0.00	0.00
0	392	61435753	801	304	779	258	50.99	0	-1.32	-4.82	0.00	0.00
0	393	61435794	801	304	779	258	50.99	0	-1.32	-4.82	0.00	200.00
0	394	61435835	801	304	779	265	44.78	0	-1.33	-4.82	0.00	200.00
0	395	61435875	801	304	779	272	38.83	0	-1.33	-4.82	0.00	200.00
0	396	61435916	801	304	779	282	31.11	0	-1.33	-4.82	0.00	200.00
0	397	61435957	801	303	779	291	25.06	0	-1.34	-4.82	0.00	200.00
0	398	61435998	801	303	779	299	22.36	0	-1.34	-4.82	0.00	200.00
0	399	61436039	800	303	779	305	21.10	0	-1.34	-4.82	0.00	200.00
0	400	61436080	800	303	779	315	24.19	0	-1.35	-4.82	0.00	200.00
0	401	61436121	800	303	779	322	28.32	0	-1.35	-4.81	0.00	0.00
0	402	61436162	800	302	779	322	29.00	0	-1.35	-4.81	0.00	0.00
0	403	61436203	800	302	779	322	29.00	0	-1.36	-4.81	0.00	0.00
0	404	61436244	800	302	779	322	29.00	0	-1.36	-4.81	0.00	0.00
0	405	61436285	800	302	779	322	29.00	0	-1.36	-4.81	0.00	0.00
0	406	61436326	800	302	779	322	29.00	0	-1.37	-4.81	0.00	0.00
0	407	61436367	800	301	779	322	29.70	0	-1.37	-4.81	0.00	0.00
0	408	61436408	800	301	779	322	29.70	0	-1.37	-4.81	0.00	-200.00
0	409	61436449	800	301	779	315	25.24	0	-1.38	-4.81	0.00	-200.00
0	410	61436490	800	301	779	305	21.38	0	-1.38	-4.81	0.00	-200.00
0	411	61436531	800	301	779	298	21.21	0	-1.38	-4.81	0.00	-200.00
0	412	61436572	800	300	779	289	23.71	0	-1.39	-4.80	0.00	-200.00
0	413	61436612	800	300	779	282	27.66	0	-1.39	-4.80	0.00	-200.00
0	414	61436653	800	300	779	272	35.00	0	-1.39	-4.80	0.00	-200.00
0	415	61436694	800	300	779	266	39.96	0	-1.40	-4.80	0.00	0.00
0	416	61436735	800	300	779	266	39.96	0	-1.40	-4.80	0.00	0.00
0	417	61436776	799	299	779	266	38.59	0	-1.40	-4.80	0.00	0.00
0	418	61436817	799	299	779	266	38.59	0	-1.41	-4.80	0.00	0.00
0	419	61436858	799	299	779	266	38.59	0	-1.41	-4.80	0.00	0.00
0	420	61436899	799	299	779	266	38.59	0	-1.41	-4.80	0.00	0.00
0	421	61436940	799	299	779	266	38.59	0	-1.41	-4.80	0.00	0.00
0	422	61436981	799	298	779	266	37.74	0	-1.42	-4.79	0.00	0.00
0	423	61437021	799	298	779	266	37.74	0	-1.42	-4.79	0.00	200.00
0	424	61437062	799	298	779	273	32.02	0	-1.42	-4.79	0.00	200.00
0	425	61437103	799	298	779	282	25.61	0	-1.43	-4.79	0.00	200.00
0	426	61437144	799	298	779	289	21.93	0	-1.43	-4.79	0.00	200.00
0	427	61437185	799	297	779	298	20.02	0	-1.43	-4.79	0.00	200.00
0	428	61437226	799	297	779	305	21.54	0	-1.44	-4.79	0.00	200.00
0	429	61437267	799	297	779	315	26.91	0	-1.44	-4.79	0.00	0.00
0	430	61437308	799	297	779	315	26.91	0	-1.44	-4.79	0.00	0.00
0	431	61437349	799	297	779	315	26.91	0	-1.45	-4.79	0.00	0.00
0	432	61437390	799	296	779	315	27.59	0	-1.45	-4.78	0.00	0.00
0	433	61437431	799	296	779	315	27.59	0	-1.45	-4.78	0.00	0.00
0	434	61437472	798	296	779	315	26.87	0	-1.46	-4.78	0.00	0.00
0	435	61437513	798	296	779	315	26.87	0	-1.46	-4.78	0.00	0.00
0	436	61437553	798	296	779	315	26.87	0	-1.46	-4.78	200.00	0.00
0	437	61437594	798	295	788	315	22.36	0	-1.47	-4.78	200.00	0.00
0	438	61437635	798	295	795	315	20.22	0	-1.47	-4.78	200.00	0.00
0	439	61437676	798	295	805	315	21.19	0	-1.47	-4.78	200.00	0.00
0	440	61437717	798	295	812	315	24.41	0	-1.48	-4.78	200.00	0.00
0	441	61437757	798	295	821	315	30.48	0	-1.48	-4.78	200.00	0.00
0	442	61437798	798	295	828	315	36.06	0	-1.48	-4.77	0.00	0.00
0	443	61437839	798	294	828	315	36.62	0	-1.49	-4.77	0.00	0.00
0	444	61437880	798	294	828	315	36.62	0	-1.49	-4.77	0.00	0.00
0	445	61437921	798	294	828	315	36.62	0	-1.49	-4.77	0.00	0.00
0	446	61437962	798	294	828	315	36.62	0	-1.50	-4.77	0.00	0.00
0	447	61438003	798	293	828	315	37.20	0	-1.50	-4.77	0.00	0.00
0	448	61438044	798	293	828	315	37.20	0	-1.50	-4.77	0.00	0.00
0	449	61438085	798	293	828	315	37.20	0	-1.51	-4.77	0.00	0.00
0	450	61438126	797	293	828	315	38.01	0	-1.51	-4.77	0.00	0.00
0	451	61438167	797	293	828	315	38.01	0	-1.51	-4.77	0.00	0.00
0	452	61438208	797	293	828	315	38.01	0	-1.52	-4.76	0.00	0.00
0	453	61438249	797	292	828	315	38.60	0	-1.52	-4.76	0.00	0.00
0	454	61438290	797	292	828	315	38.60	0	-1.52	-4.76	0.00	0.00
0	455	61438331	797	292	828	315	38.60	0	-1.53	-4.76	0.00	0.00
0	456	61438372	797	292	828	315	38.60	0	-1.53	-4.76	0.00	0.00
0	457	61438413	797	292	828	315	38.60	0	-1.53	-4.76	-200.00	0.00
0	458	61438454	797	291	821	315	33.94	0	-1.54	-4.76	-200.00	0.00
0	459	61438495	797	291	812	315	28.30	0	-1.54	-4.76	-200.00	0.00
0	460	61438536	797	291	805	315	25.30	0	-1.54	-4.76	-200.00	0.00
0	461	61438577	797	291	795	315	24.08	0	-1.55	-4.76	-200.00	0.00
0	462	61438618	797	291	788	315	25.63	0	-1.55	-4.75	-200.00	0.00
0	463	61438659	797	290	779	315	30.81	0	-1.55	-4.75	-200.00	0.00
0	464	61438700	797	290	772	315	35.36	0	-1.56	-4.75	0.00	0.00
0	465	61438741	797	290	772	315	35.36	0	-1.56	-4.75	0.00	0.00
0	466	61438782	796	290	772	315	34.66	0	-1.56	-4.75	0.00	0.00
0	467	61438823	796	290	772	315	34.66	0	-1.57	-4.75	0.00	0.00
0	468	61438864	796	289	772	315	35.38	0	-1.57	-4.75	0.00	0.00
0	469	61438905	796	289	772	315	35.38	0	-1.57	-4.75	0.00	0.00
0	470	61438946	796	289	772	315	35.38	0	-1.57	-4.75	0.00	-200.00
0	471	61438987	796	289	772	308	30.61	0	-1.58	-4.74	0.00	-200.00
0	472	61439028	796	289	772	298	25.63	0	-1.58	-4.74	0.00	-200.00
0	473	61439069	796	288	772	291	24.19	0	-1.58	-4.74	0.00	-200.00
0	474	61439110	796	288	772	281	25.00	0	-1.59	-4.74	0.00	-200.00
0	475	61439151	796	288	772	274	27.78	0	-1.59	-4.74	0.00	-200.00
0	476	61439192	796	288	772	265	33.24	0	-1.59	-4.74	0.00	0.00
0	477	61439233	796	288	772	265	33.24	0	-1.60	-4.74	0.00	0.00
0	478	61439274	796	287	772	265	32.56	0	-1.60	-4.74	0.00	0.00
0	479	61439315	796	287	772	265	32.56	0	-1.60	-4.74	0.00	0.00
0	480	61439356	796	287	772	265	32.56	0	-1.61	-4.73	0.00	0.00
0	481	61439397	796	287	772	265	32.56	0	-1.61	-4.73	0.00	0.00
0	482	61439438	795	287	772	265	31.83	0	-1.61	-4.73	0.00	0.00
0	483	61439479	795	287	772	265	31.83	0	-1.62	-4.73	0.00	0.00
0	484	61439520	795	286	772	265	31.14	0	-1.62	-4.73	0.00	0.00
0	485	61439561	795	286	772	265	31.14	0	-1.62	-4.73	0.00	0.00
0	486	61439602	795	286	772	265	31.14	0	-1.63	-4.73	0.00	0.00
0	487	61439643	795	286	772	265	31.14	0	-1.63	-4.73	0.00	0.00
0	488	61439684	795	286	772	265	31.14	0	-1.63	-4.73	0.00	0.00
0	489	61439725	795	285	772	265	30.48	0	-1.64	-4.72	0.00	0.00
0	490	61439766	795	285	772	265	30.48	0	-1.64	-4.72	0.00	0.00
0	491	61439807	795	285	772	265	30.48	0	-1.64	-4.72	0.00	0.00
0	492	61439848	795	285	772	265	30.48	0	-1.65	-4.72	0.00	0.00
0	493	61439888	795	285	772	265	30.48	0	-1.65	-4.72	0.00	0.00
0	494	61439929	795	284	772	265	29.83	0	-1.65	-4.72	0.00	0.00
0	495	61439970	795	284	772	265	29.83	0	-1.66	-4.72	0.00	0.00
0	496	61440011	795	284	772	265	29.83	0	-1.66	-4.72	0.00	0.00
0	497	61440052	794	284	772	265	29.07	0	-1.66	-4.72	0.00	0.00
0	498	61440093	794	284	772	265	29.07	0	-1.66	-4.71	0.00	0.00
0	499	61440134	794	283	772	265	28.43	0	-1.67	-4.71	0.00	0.00
0	500	61440175	794	283	772	265	28.43	0	-1.67	-4.71	0.00	0.00
0	501	61440216	794	283	772	265	28.43	0	-1.68	-4.71	0.00	0.00
0	502	61440257	794	283	772	265	28.43	0	-1.68	-4.71	0.00	0.00
0	503	61440298	794	283	772	265	28.43	0	-1.68	-4.71	0.00	0.00
0	504	61440339	794	282	772	265	27.80	0	-1.68	-4.71	0.00	0.00
0	505	61440380	794	282	772	265	27.80	0	-1.69	-4.71	0.00	0.00
0	506	61440421	794	282	772	265	27.80	0	-1.69	-4.71	200.00	200.00
0	507	61440462	794	282	781	274	15.26	0	-1.69	-4.70	200.00	200.00
0	508	61440503	794	282	788	281	6.08	1	-1.70	-4.70	200.00	200.00
0	509	61440544	794	281	798	291	10.77	0	-1.70	-4.70	200.00	200.00
0	510	61440584	794	281	805	298	20.25	0	-1.70	-4.70	200.00	200.00
0	511	61440625	793	281	814	307	33.42	0	-1.71	-4.70	200.00	200.00
0	512	61440666	793	281	821	314	43.28	0	-1.71	-4.70	200.00	200.00
0	513	61440707	793	281	830	323	55.97	0	-1.71	-4.70	0.00	0.00
0	514	61440748	793	281	830	323	55.97	0	-1.72	-4.70	0.00	0.00
0	515	61440789	793	280	830	323	56.73	0	-1.72	-4.69	0.00	0.00
0	516	61440830	793	280	830	323	56.73	0	-1.72	-4.69	0.00	0.00
0	517	61440871	793	280	830	323	56.73	0	-1.73	-4.69	0.00	0.00
0	518	61440912	793	280	830	323	56.73	0	-1.73	-4.69	0.00	0.00
0	519	61440953	793	280	830	323	56.73	0	-1.73	-4.69	-200.00	0.00
0	520	61440994	793	279	823	323	53.25	0	-1.74	-4.69	-200.00	0.00
0	521	61441035	793	279	813	323	48.33	0	-1.74	-4.69	-200.00	0.00
0	522	61441076	793	279	806	323	45.88	0	-1.74	-4.69	-200.00	0.00
0	523	61441117	793	279	797	323	44.18	0	-1.75	-4.69	-200.00	0.00
0	524	61441158	793	279	790	323	44.10	0	-1.75	-4.68	-200.00	0.00
0	525	61441199	792	278	780	323	46.57	0	-1.75	-4.68	0.00	0.00
0	526	61441240	792	278	780	323	46.57	0	-1.76	-4.68	0.00	0.00
0	527	61441281	792	278	780	323	46.57	0	-1.76	-4.68	0.00	0.00
0	528	61441322	792	278	780	323	46.57	0	-1.76	-4.68	0.00	0.00
0	529	61441363	792	278	780	323	46.57	0	-1.77	-4.68	0.00	0.00
0	530	61441404	792	277	780	323	47.54	0	-1.77	-4.68	0.00	0.00
0	531	61441445	792	277	780	323	47.54	0	-1.77	-4.68	200.00	0.00
0	532	61441486	792	277	787	323	46.27	0	-1.77	-4.67	200.00	0.00
0	533	61441527	792	277	797	323	46.27	0	-1.78	-4.67	200.00	0.00
0	534	61441568	792	277	804	323	47.54	0	-1.78	-4.67	200.00	0.00
0	535	61441609	792	276	813	323	51.48	0	-1.78	-4.67	200.00	0.00
0	536	61441650	792	276	820	323	54.71	0	-1.79	-4.67	200.00	0.00
0	537	61441691	792	276	830	323	60.44	0	-1.79	-4.67	200.00	0.00
0	538	61441732	792	276	837	323	65.07	0	-1.79	-4.67	0.00	0.00
0	539	61441773	791	276	837	323	65.76	0	-1.80	-4.67	0.00	0.00
0	540	61441814	791	276	837	323	65.76	0	-1.80	-4.66	0.00	0.00
0	541	61441855	791	275	837	323	66.48	0	-1.80	-4.66	0.00	0.00
0	542	61441896	791	275	837	323	66.48	0	-1.81	-4.66	0.00	0.00
0	543	61441937	791	275	837	323	66.48	0	-1.81	-4.66	0.00	-200.00
0	544	61441977	791	275	837	316	61.62	0	-1.81	-4.66	0.00	-200.00
0	545	61442018	791	275	837	307	56.04	0	-1.82	-4.66	0.00	-200.00
0	546	61442059	791	274	837	300	52.84	0	-1.82	-4.66	0.00	-200.00
0	547	61442100	791	274	837	291	49.04	0	-1.82	-4.66	0.00	-200.00
0	548	61442141	791	274	837	284	47.07	0	-1.83	-4.65	0.00	0.00
0	549	61442182	791	274	837	284	47.07	0	-1.83	-4.65	0.00	0.00
0	550	61442222	791	274	837	284	47.07	0	-1.83	-4.65	0.00	0.00
0	551	61442263	791	273	837	284	47.30	0	-1.84	-4.65	0.00	0.00
0	552	61442304	790	273	837	284	48.27	0	-1.84	-4.65	0.00	0.00
0	553	61442345	790	273	837	284	48.27	0	-1.84	-4.65	0.00	0.00
0	554	61442386	790	273	837	284	48.27	0	-1.84	-4.65	0.00	0.00
0	555	61442427	790	273	837	284	48.27	0	-1.85	-4.65	0.00	0.00
0	556	61442468	790	272	837	284	48.51	0	-1.85	-4.64	0.00	0.00
0	557	61442509	790	272	837	284	48.51	0	-1.85	-4.64	0.00	0.00
0	558	61442549	790	272	837	284	48.51	0	-1.86	-4.64	0.00	0.00
0	559	61442590	790	272	837	284	48.51	0	-1.86	-4.64	0.00	0.00
0	560	61442631	790	272	837	284	48.51	0	-1.86	-4.64	0.00	0.00
0	561	61442672	790	272	837	284	48.51	0	-1.87	-4.64	0.00	0.00
0	562	61442713	790	271	837	284	48.76	0	-1.87	-4.64	0.00	0.00
0	563	61442753	790	271	837	284	48.76	0	-1.87	-4.64	-200.00	0.00
0	564	61442794	790	271	827	284	39.22	0	-1.88	-4.63	-200.00	0.00
0	565	61442835	790	271	820	284	32.70	0	-1.88	-4.63	-200.00	0.00
0	566	61442876	789	271	811	284	25.55	0	-1.88	-4.63	-200.00	0.00
0	567	61442917	789	270	804	284	20.52	0	-1.89	-4.63	-200.00	0.00
0	568	61442958	789	270	795	284	15.23	0	-1.89	-4.63	-200.00	0.00
0	569	61442999	789	270	787	284	14.14	0	-1.89	-4.63	-200.00	0.00
0	570	61443040	789	270	778	284	17.80	0	-1.90	-4.63	0.00	0.00
0	571	61443081	789	270	778	284	17.80	0	-1.90	-4.63	0.00	0.00
0	572	61443122	789	269	778	284	18.60	0	-1.90	-4.62	0.00	0.00
0	573	61443163	789	269	778	284	18.60	0	-1.90	-4.62	0.00	0.00
0	574	61443204	789	269	778	284	18.60	0	-1.91	-4.62	0.00	0.00
0	575	61443245	789	269	778	284	18.60	0	-1.91	-4.62	0.00	0.00
0	576	61443286	789	269	778	284	18.60	0	-1.91	-4.62	0.00	0.00
0	577	61443327	789	268	778	284	19.42	0	-1.92	-4.62	0.00	0.00
0	578	61443368	788	268	778	284	18.87	0	-1.92	-4.62	0.00	0.00
0	579	61443409	788	268	778	284	18.87	0	-1.92	-4.62	0.00	0.00
0	580	61443450	788	268	778	284	18.87	0	-1.93	-4.61	0.00	0.00
0	581	61443491	788	268	778	284	18.87	0	-1.93	-4.61	0.00	-200.00
0	582	61443532	788	268	778	274	11.66	0	-1.93	-4.61	0.00	-200.00
0	583	61443573	788	267	778	267	10.00	0	-1.94	-4.61	0.00	-200.00
0	584	61443614	788	267	778	258	13.45	0	-1.94	-4.61	0.00	-200.00
0	585	61443655	788	267	778	250	19.72	0	-1.94	-4.61	0.00	-200.00
0	586	61443696	788	267	778	241	27.86	0	-1.95	-4.61	0.00	-200.00
0	587	61443737	788	267	778	234	34.48	0	-1.95	-4.60	0.00	-200.00
0	588	61443778	788	266	778	225	42.20	0	-1.95	-4.60	0.00	0.00
0	589	61443819	788	266	778	225	42.20	0	-1.95	-4.60	0.00	0.00
0	590	61443860	788	266	778	225	42.20	0	-1.96	-4.60	0.00	0.00
0	591	61443901	787	266	778	225	41.98	0	-1.96	-4.60	0.00	0.00
0	592	61443942	787	266	778	225	41.98	0	-1.96	-4.60	0.00	0.00
0	593	61443983	787	265	778	225	41.00	0	-1.97	-4.60	0.00	0.00
0	594	61444024	787	265	778	225	41.00	0	-1.97	-4.60	0.00	200.00
0	595	61444065	787	265	778	232	34.21	0	-1.97	-4.59	0.00	200.00
0	596	61444106	787	265	778	241	25.63	0	-1.98	-4.59	0.00	200.00
0	597	61444147	787	265	778	248	19.24	0	-1.98	-4.59	0.00	200.00
0	598	61444188	787	264	778	258	10.82	0	-1.98	-4.59	0.00	200.00
0	599	61444229	787	264	778	265	9.06	1	-1.99	-4.59	0.00	200.00
0	600	61444270	787	264	778	274	13.45	0	-1.99	-4.59	0.00	200.00
0	601	61444311	787	264	778	281	19.24	0	-1.99	-4.59	0.00	0.00
0	602	61444352	787	264	778	281	19.24	0	-2.00	-4.58	0.00	0.00
0	603	61444393	786	264	778	281	18.79	0	-2.00	-4.58	0.00	0.00
0	604	61444434	786	263	778	281	19.70	0	-2.00	-4.58	0.00	0.00
0	605	61444475	786	263	778	281	19.70	0	-2.01	-4.58	0.00	0.00
0	606	61444516	786	263	778	281	19.70	0	-2.01	-4.58	0.00	0.00
0	607	61444557	786	263	778	281	19.70	0	-2.01	-4.58	0.00	0.00
0	608	61444598	786	263	778	281	19.70	0	-2.02	-4.58	0.00	0.00
0	609	61444639	786	262	778	281	20.62	0	-2.02	-4.57	0.00	0.00
0	610	61444680	786	262	778	281	20.62	0	-2.02	-4.57	0.00	0.00
0	611	61444721	786	262	778	281	20.62	0	-2.02	-4.57	0.00	0.00
0	612	61444762	786	262	778	281	20.62	0	-2.03	-4.57	0.00	0.00
0	613	61444803	786	262	778	281	20.62	0	-2.03	-4.57	0.00	0.00
0	614	61444844	786	261	778	281	21.54	0	-2.03	-4.57	0.00	0.00
0	615	61444885	785	261	778	281	21.19	0	-2.04	-4.57	0.00	-200.00
0	616	61444926	785	261	778	272	13.04	0	-2.04	-4.56	0.00	-200.00
0	617	61444966	785	261	778	264	7.62	1	-2.04	-4.56	0.00	-200.00
0	618	61445007	785	261	778	255	9.22	1	-2.05	-4.56	0.00	-200.00
0	619	61445048	785	261	778	248	14.76	0	-2.05	-4.56	0.00	-200.00
0	620	61445089	785	260	778	239	22.14	0	-2.05	-4.56	0.00	-200.00
0	621	61445130	785	260	778	231	29.83	0	-2.06	-4.56	0.00	-200.00
0	622	61445171	785	260	778	223	37.66	0	-2.06	-4.56	0.00	0.00
0	623	61445212	785	260	778	223	37.66	0	-2.06	-4.56	0.00	0.00
0	624	61445253	785	260	778	223	37.66	0	-2.06	-4.55	0.00	0.00
0	625	61445294	785	259	778	223	36.67	0	-2.07	-4.55	0.00	0.00
0	626	61445335	785	259	778	223	36.67	0	-2.07	-4.55	0.00	0.00
0	627	61445376	784	259	778	223	36.50	0	-2.07	-4.55	0.00	0.00
0	628	61445417	784	259	778	223	36.50	0	-2.08	-4.55	0.00	0.00
0	629	61445458	784	259	778	223	36.50	0	-2.08	-4.55	0.00	0.00
0	630	61445499	784	258	778	223	35.51	0	-2.08	-4.55	0.00	0.00
0	631	61445540	784	258	778	223	35.51	0	-2.09	-4.54	0.00	0.00
0	632	61445581	784	258	778	223	35.51	0	-2.09	-4.54	0.00	0.00
0	633	61445622	784	258	778	223	35.51	0	-2.09	-4.54	0.00	0.00
0	634	61445663	784	258	778	223	35.51	0	-2.10	-4.54	0.00	0.00
0	635	61445704	784	258	778	223	35.51	0	-2.10	-4.54	0.00	0.00
0	636	61445745	784	257	778	223	34.53	0	-2.10	-4.54	0.00	0.00
0	637	61445786	784	257	778	223	34.53	0	-2.11	-4.54	0.00	0.00
0	638	61445827	784	257	778	223	34.53	0	-2.11	-4.53	0.00	0.00
0	639	61445868	783	257	778	223	34.37	0	-2.11	-4.53	0.00	0.00
0	640	61445909	783	257	778	223	34.37	0	-2.11	-4.53	0.00	0.00
0	641	61445950	783	256	778	223	33.38	0	-2.12	-4.53	0.00	0.00
0	642	61445991	783	256	778	223	33.38	0	-2.12	-4.53	0.00	0.00
0	643	61446032	783	256	778	223	33.38	0	-2.12	-4.53	0.00	0.00
0	644	61446073	783	256	778	223	33.38	0	-2.13	-4.53	0.00	200.00
0	645	61446114	783	256	778	232	24.52	0	-2.13	-4.52	0.00	200.00
0	646	61446155	783	256	778	239	17.72	0	-2.13	-4.52	0.00	200.00
0	647	61446196	783	255	778	248	8.60	1	-2.14	-4.52	0.00	200.00
0	648	61446237	783	255	778	255	5.00	1	-2.14	-4.52	0.00	200.00
0	649	61446278	783	255	778	265	11.18	0	-2.14	-4.52	0.00	200.00
0	650	61446319	782	255	778	272	17.46	0	-2.14	-4.52	0.00	200.00
0	651	61446360	782	255	778	281	26.31	0	-2.15	-4.51	0.00	200.00
0	652	61446401	782	254	778	288	34.23	0	-2.15	-4.51	0.00	0.00
0	653	61446442	782	254	778	288	34.23	0	-2.15	-4.51	0.00	0.00
0	654	61446483	782	254	778	288	34.23	0	-2.16	-4.51	0.00	0.00
0	655	61446524	782	254	778	288	34.23	0	-2.16	-4.51	0.00	0.00
0	656	61446565	782	254	778	288	34.23	0	-2.16	-4.51	0.00	0.00
0	657	61446606	782	253	778	288	35.23	0	-2.17	-4.51	0.00	0.00
0	658	61446647	782	253	778	288	35.23	0	-2.17	-4.50	0.00	0.00
0	659	61446688	782	253	778	288	35.23	0	-2.17	-4.50	0.00	0.00
0	660	61446729	782	253	778	288	35.23	0	-2.18	-4.50	0.00	0.00
0	661	61446770	782	253	778	288	35.23	0	-2.18	-4.50	0.00	0.00
0	662	61446811	781	253	778	288	35.13	0	-2.18	-4.50	0.00	0.00
0	663	61446852	781	252	778	288	36.12	0	-2.19	-4.50	0.00	0.00
0	664	61446893	781	252	778	288	36.12	0	-2.19	-4.50	0.00	0.00
0	665	61446934	781	252	778	288	36.12	0	-2.19	-4.49	0.00	0.00
0	666	61446975	781	252	778	288	36.12	0	-2.19	-4.49	0.00	0.00
0	667	61447016	781	252	778	288	36.12	0	-2.20	-4.49	0.00	0.00
0	668	61447057	781	251	778	288	37.12	0	-2.20	-4.49	0.00	0.00
0	669	61447098	781	251	778	288	37.12	0	-2.20	-4.49	0.00	0.00
0	670	61447139	781	251	778	288	37.12	0	-2.21	-4.49	0.00	0.00
0	671	61447180	781	251	778	288	37.12	0	-2.21	-4.49	0.00	0.00
0	672	61447221	781	251	778	288	37.12	0	-2.21	-4.48	0.00	0.00
0	673	61447262	780	251	778	288	37.05	0	-2.22	-4.48	0.00	0.00
0	674	61447303	780	250	778	288	38.05	0	-2.22	-4.48	0.00	0.00
0	675	61447344	780	250	778	288	38.05	0	-2.22	-4.48	0.00	0.00
0	676	61447385	780	250	778	288	38.05	0	-2.23	-4.48	0.00	0.00
0	677	61447426	780	250	778	288	38.05	0	-2.23	-4.48	0.00	0.00
0	678	61447467	780	250	778	288	38.05	0	-2.23	-4.47	0.00	0.00
0	679	61447508	780	249	778	288	39.05	0	-2.23	-4.47	0.00	0.00
0	680	61447549	780	249	778	288	39.05	0	-2.24	-4.47	0.00	0.00
0	681	61447590	780	249	778	288	39.05	0	-2.24	-4.47	0.00	0.00
0	682	61447631	780	249	778	288	39.05	0	-2.24	-4.47	0.00	0.00
0	683	61447672	780	249	778	288	39.05	0	-2.25	-4.47	0.00	0.00
0	684	61447713	779	249	778	288	39.01	0	-2.25	-4.47	0.00	0.00
0	685	61447753	779	248	778	288	40.01	0	-2.25	-4.46	0.00	0.00
0	686	61447794	779	248	778	288	40.01	0	-2.26	-4.46	0.00	0.00
0	687	61447834	779	248	778	288	40.01	0	-2.26	-4.46	0.00	0.00
0	688	61447875	779	248	778	288	40.01	0	-2.26	-4.46	0.00	0.00
0	689	61447916	779	248	778	288	40.01	0	-2.26	-4.46	0.00	0.00
0	690	61447957	779	247	778	288	41.01	0	-2.27	-4.46	0.00	0.00
0	691	61447998	779	247	778	288	41.01	0	-2.27	-4.45	0.00	-200.00
0	692	61448039	779	247	778	281	34.01	0	-2.27	-4.45	0.00	-200.00
0	693	61448080	779	247	778	272	25.02	0	-2.28	-4.45	0.00	-200.00
0	694	61448121	778	247	778	262	15.00	0	-2.28	-4.45	0.00	0.00
0	695	61448162	778	247	778	262	15.00	0	-2.28	-4.45	0.00	0.00
0	696	61448203	778	246	778	262	16.00	0	-2.29	-4.45	0.00	0.00
0	697	61448244	778	246	778	262	16.00	0	-2.29	-4.45	0.00	0.00
0	698	61448285	778	246	778	262	16.00	0	-2.29	-4.44	0.00	0.00
0	699	61448326	778	246	778	262	16.00	0	-2.30	-4.44	0.00	0.00
0	700	61448367	778	246	778	262	16.00	0	-2.30	-4.44	0.00	0.00
0	701	61448408	778	245	778	262	17.00	0	-2.30	-4.44	0.00	0.00
0	702	61448449	778	245	778	262	17.00	0	-2.30	-4.44	0.00	0.00
0	703	61448490	778	245	778	262	17.00	0	-2.31	-4.44	0.00	0.00
0	704	61448531	778	245	778	262	17.00	0	-2.31	-4.43	0.00	0.00
0	705	61448572	777	245	778	262	17.03	0	-2.31	-4.43	0.00	0.00
0	706	61448613	777	244	778	262	18.03	0	-2.32	-4.43	0.00	0.00
0	707	61448654	777	244	778	262	18.03	0	-2.32	-4.43	0.00	0.00
0	708	61448695	777	244	778	262	18.03	0	-2.32	-4.43	0.00	0.00
0	709	61448736	777	244	778	262	18.03	0	-2.33	-4.43	0.00	0.00
0	710	61448777	777	244	778	262	18.03	0	-2.33	-4.42	0.00	0.00
0	711	61448818	777	244	778	262	18.03	0	-2.33	-4.42	0.00	0.00
0	712	61448859	777	243	778	262	19.03	0	-2.33	-4.42	0.00	0.00
0	713	61448900	777	243	778	262	19.03	0	-2.34	-4.42	0.00	0.00
0	714	61448941	777	243	778	262	19.03	0	-2.34	-4.42	0.00	0.00
0	715	61448981	776	243	778	262	19.10	0	-2.34	-4.42	0.00	0.00
0	716	61449022	776	243	778	262	19.10	0	-2.35	-4.42	0.00	0.00
0	717	61449063	776	243	778	262	19.10	0	-2.35	-4.41	0.00	-200.00
0	718	61449104	776	242	778	255	13.15	0	-2.35	-4.41	0.00	-200.00
0	719	61449145	776	242	778	246	4.47	1	-2.36	-4.41	0.00	-200.00
0	720	61449186	776	242	778	239	3.61	1	-2.36	-4.41	0.00	-200.00
0	721	61449227	776	242	778	230	12.17	0	-2.36	-4.41	0.00	-200.00
0	722	61449268	776	242	778	223	19.10	0	-2.36	-4.41	0.00	-200.00
0	723	61449309	776	241	778	213	28.07	0	-2.37	-4.40	0.00	-200.00
0	724	61449350	776	241	778	206	35.06	0	-2.37	-4.40	0.00	0.00
0	725	61449391	776	241	778	206	35.06	0	-2.37	-4.40	0.00	0.00
0	726	61449432	775	241	778	206	35.13	0	-2.38	-4.40	0.00	0.00
0	727	61449473	775	241	778	206	35.13	0	-2.38	-4.40	0.00	0.00
0	728	61449514	775	241	778	206	35.13	0	-2.38	-4.40	0.00	0.00
0	729	61449555	775	240	778	206	34.13	0	-2.39	-4.39	0.00	0.00
0	730	61449596	775	240	778	206	34.13	0	-2.39	-4.39	0.00	0.00
0	731	61449637	775	240	778	206	34.13	0	-2.39	-4.39	0.00	200.00
0	732	61449678	775	240	778	213	27.17	0	-2.39	-4.39	0.00	200.00
0	733	61449719	775	240	778	223	17.26	0	-2.40	-4.39	0.00	200.00
0	734	61449760	775	239	778	230	9.49	1	-2.40	-4.39	0.00	200.00
0	735	61449801	775	239	778	239	3.00	1	-2.40	-4.38	0.00	200.00
0	736	61449842	774	239	778	246	8.06	1	-2.41	-4.38	0.00	200.00
0	737	61449883	774	239	778	255	16.49	0	-2.41	-4.38	0.00	0.00
0	738	61449924	774	239	778	255	16.49	0	-2.41	-4.38	0.00	0.00
0	739	61449965	774	239	778	255	16.49	0	-2.42	-4.38	0.00	0.00
0	740	61450006	774	238	778	255	17.46	0	-2.42	-4.38	0.00	0.00
0	741	61450047	774	238	778	255	17.46	0	-2.42	-4.37	0.00	0.00
0	742	61450088	774	238	778	255	17.46	0	-2.42	-4.37	0.00	0.00
0	743	61450129	774	238	778	255	17.46	0	-2.43	-4.37	0.00	0.00
0	744	61450170	774	238	778	255	17.46	0	-2.43	-4.37	0.00	0.00
0	745	61450211	774	237	778	255	18.44	0	-2.43	-4.37	0.00	0.00
0	746	61450252	773	237	778	255	18.68	0	-2.44	-4.37	0.00	0.00
0	747	61450293	773	237	778	255	18.68	0	-2.44	-4.36	0.00	0.00
0	748	61450333	773	237	778	255	18.68	0	-2.44	-4.36	0.00	0.00
0	749	61450374	773	237	778	255	18.68	0	-2.45	-4.36	0.00	0.00
0	750	61450415	773	237	778	255	18.68	0	-2.45	-4.36	0.00	0.00
0	751	61450456	773	236	778	255	19.65	0	-2.45	-4.36	0.00	0.00
0	752	61450497	773	236	778	255	19.65	0	-2.45	-4.36	0.00	0.00
0	753	61450537	773	236	778	255	19.65	0	-2.46	-4.35	0.00	0.00
0	754	61450578	773	236	778	255	19.65	0	-2.46	-4.35	0.00	0.00
0	755	61450619	773	236	778	255	19.65	0	-2.46	-4.35	0.00	-200.00
0	756	61450660	772	236	778	246	11.66	0	-2.47	-4.35	0.00	-200.00
0	757	61450701	772	235	778	239	7.21	1	-2.47	-4.35	0.00	-200.00
0	758	61450742	772	235	778	230	7.81	1	-2.47	-4.35	0.00	-200.00
0	759	61450783	772	235	778	223	13.42	0	-2.48	-4.34	0.00	-200.00
0	760	61450824	772	235	778	213	22.80	0	-2.48	-4.34	0.00	-200.00
0	761	61450865	772	235	778	206	29.61	0	-2.48	-4.34	0.00	-200.00
0	762	61450906	772	234	778	197	37.48	0	-2.48	-4.34	0.00	0.00
0	763	61450946	772	234	778	197	37.48	0	-2.49	-4.34	0.00	0.00
0	764	61450987	772	234	778	197	37.48	0	-2.49	-4.34	0.00	0.00
0	765	61451028	772	234	778	197	37.48	0	-2.49	-4.33	0.00	0.00
0	766	61451069	771	234	778	197	37.66	0	-2.50	-4.33	0.00	0.00
0	767	61451110	771	234	778	197	37.66	0	-2.50	-4.33	0.00	0.00
0	768	61451151	771	233	778	197	36.67	0	-2.50	-4.33	0.00	0.00
0	769	61451192	771	233	778	197	36.67	0	-2.50	-4.33	0.00	0.00
0	770	61451233	771	233	778	197	36.67	0	-2.51	-4.33	0.00	0.00
0	771	61451274	771	233	778	197	36.67	0	-2.51	-4.32	0.00	0.00
0	772	61451315	771	233	778	197	36.67	0	-2.51	-4.32	0.00	0.00
0	773	61451356	771	233	778	197	36.67	0	-2.52	-4.32	0.00	0.00
0	774	61451397	771	232	778	197	35.69	0	-2.52	-4.32	0.00	0.00
0	775	61451438	771	232	778	197	35.69	0	-2.52	-4.32	0.00	0.00
0	776	61451479	770	232	778	197	35.90	0	-2.53	-4.32	0.00	0.00
0	777	61451520	770	232	778	197	35.90	0	-2.53	-4.31	0.00	0.00
0	778	61451561	770	232	778	197	35.90	0	-2.53	-4.31	0.00	0.00
0	779	61451602	770	231	778	197	34.93	0	-2.53	-4.31	0.00	0.00
0	780	61451643	770	231	778	197	34.93	0	-2.54	-4.31	0.00	0.00
0	781	61451684	770	231	778	197	34.93	0	-2.54	-4.31	0.00	0.00
0	782	61451725	770	231	778	197	34.93	0	-2.54	-4.30	0.00	0.00
0	783	61451766	770	231	778	197	34.93	0	-2.55	-4.30	0.00	0.00
0	784	61451807	770	231	778	197	34.93	0	-2.55	-4.30	0.00	0.00
0	785	61451848	769	230	778	197	34.21	0	-2.55	-4.30	0.00	0.00
0	786	61451889	769	230	778	197	34.21	0	-2.56	-4.30	0.00	0.00
0	787	61451930	769	230	778	197	34.21	0	-2.56	-4.30	0.00	0.00
0	788	61451971	769	230	778	197	34.21	0	-2.56	-4.29	0.00	0.00
0	789	61452012	769	230	778	197	34.21	0	-2.56	-4.29	0.00	0.00
0	790	61452053	769	229	778	197	33.24	0	-2.57	-4.29	0.00	0.00
0	791	61452094	769	229	778	197	33.24	0	-2.57	-4.29	0.00	0.00
0	792	61452135	769	229	778	197	33.24	0	-2.57	-4.29	0.00	200.00
0	793	61452176	769	229	778	204	26.57	0	-2.58	-4.29	0.00	200.00
0	794	61452217	769	229	778	213	18.36	0	-2.58	-4.28	0.00	200.00
0	795	61452258	768	229	778	220	13.45	0	-2.58	-4.28	0.00	200.00
0	796	61452299	768	228	778	230	10.20	0	-2.58	-4.28	0.00	200.00
0	797	61452340	768	228	778	237	13.45	0	-2.59	-4.28	0.00	200.00
0	798	61452381	768	228	778	246	20.59	0	-2.59	-4.28	0.00	200.00
0	799	61452422	768	228	778	253	26.93	0	-2.59	-4.28	0.00	0.00
0	800	61452463	768	228	778	253	26.93	0	-2.60	-4.27	0.00	0.00
0	801	61452504	768	228	778	253	26.93	0	-2.60	-4.27	0.00	0.00
0	802	61452545	768	227	778	253	27.86	0	-2.60	-4.27	0.00	0.00
0	803	61452586	768	227	778	253	27.86	0	-2.60	-4.27	0.00	0.00
0	804	61452627	767	227	778	253	28.23	0	-2.61	-4.27	-200.00	0.00
0	805	61452668	767	227	771	253	26.31	0	-2.61	-4.26	-200.00	0.00
0	806	61452709	767	227	762	253	26.48	0	-2.61	-4.26	-200.00	0.00
0	807	61452750	767	227	755	253	28.64	0	-2.62	-4.26	-200.00	0.00
0	808	61452791	767	226	745	253	34.83	0	-2.62	-4.26	-200.00	0.00
0	809	61452832	767	226	738	253	39.62	0	-2.62	-4.26	-200.00	0.00
0	810	61452873	767	226	729	253	46.62	0	-2.63	-4.26	-200.00	0.00
0	811	61452913	767	226	722	253	52.48	0	-2.63	-4.25	0.00	0.00
0	812	61452954	767	226	722	253	52.48	0	-2.63	-4.25	0.00	0.00
0	813	61452995	766	225	722	253	52.15	0	-2.63	-4.25	0.00	0.00
0	814	61453036	766	225	722	253	52.15	0	-2.64	-4.25	0.00	0.00
0	815	61453077	766	225	722	253	52.15	0	-2.64	-4.25	0.00	0.00
0	816	61453118	766	225	722	253	52.15	0	-2.64	-4.24	0.00	0.00
0	817	61453159	766	225	722	253	52.15	0	-2.65	-4.24	0.00	0.00
0	818	61453199	766	225	722	253	52.15	0	-2.65	-4.24	0.00	0.00
0	819	61453240	766	224	722	253	52.70	0	-2.65	-4.24	0.00	0.00
0	820	61453281	766	224	722	253	52.70	0	-2.65	-4.24	0.00	0.00
0	821	61453322	766	224	722	253	52.70	0	-2.66	-4.24	200.00	0.00
0	822	61453363	766	224	731	253	45.45	0	-2.66	-4.23	200.00	0.00
0	823	61453404	765	224	739	253	38.95	0	-2.66	-4.23	200.00	0.00
0	824	61453445	765	224	748	253	33.62	0	-2.67	-4.23	200.00	0.00
0	825	61453486	765	223	755	253	31.62	0	-2.67	-4.23	200.00	0.00
0	826	61453527	765	223	762	253	30.15	0	-2.67	-4.23	200.00	0.00
0	827	61453568	765	223	771	253	30.59	0	-2.67	-4.22	200.00	0.00
0	828	61453609	765	223	778	253	32.70	0	-2.68	-4.22	0.00	0.00
0	829	61453650	765	223	778	253	32.70	0	-2.68	-4.22	0.00	0.00
0	830	61453691	765	223	778	253	32.70	0	-2.68	-4.22	0.00	0.00
0	831	61453732	765	222	778	253	33.62	0	-2.69	-4.22	0.00	0.00
0	832	61453773	764	222	778	253	34.01	0	-2.69	-4.22	0.00	0.00
0	833	61453814	764	222	778	253	34.01	0	-2.69	-4.21	0.00	0.00
0	834	61453855	764	222	778	253	34.01	0	-2.69	-4.21	0.00	0.00
0	835	61453896	764	222	778	253	34.01	0	-2.70	-4.21	0.00	0.00
0	836	61453937	764	221	778	253	34.93	0	-2.70	-4.21	0.00	0.00
0	837	61453978	764	221	778	253	34.93	0	-2.70	-4.21	0.00	0.00
0	838	61454019	764	221	778	253	34.93	0	-2.71	-4.20	-200.00	0.00
0	839	61454060	764	221	769	253	32.39	0	-2.71	-4.20	-200.00	0.00
0	840	61454101	764	221	762	253	32.06	0	-2.71	-4.20	-200.00	0.00
0	841	61454142	763	221	753	253	33.53	0	-2.71	-4.20	-200.00	0.00
0	842	61454183	763	220	746	253	37.12	0	-2.72	-4.20	-200.00	0.00
0	843	61454224	763	220	736	253	42.64	0	-2.72	-4.19	0.00	0.00
0	844	61454265	763	220	736	253	42.64	0	-2.72	-4.19	0.00	0.00
0	845	61454306	763	220	736	253	42.64	0	-2.73	-4.19	0.00	0.00
0	846	61454347	763	220	736	253	42.64	0	-2.73	-4.19	0.00	0.00
0	847	61454388	763	220	736	253	42.64	0	-2.73	-4.19	0.00	0.00
0	848	61454429	763	219	736	253	43.42	0	-2.73	-4.19	0.00	0.00
0	849	61454470	763	219	736	253	43.42	0	-2.74	-4.18	0.00	0.00
0	850	61454511	762	219	736	253	42.80	0	-2.74	-4.18	0.00	0.00
0	851	61454551	762	219	736	253	42.80	0	-2.74	-4.18	0.00	0.00
0	852	61454592	762	219	736	253	42.80	0	-2.75	-4.18	0.00	0.00
0	853	61454633	762	219	736	253	42.80	0	-2.75	-4.18	0.00	0.00
0	854	61454674	762	218	736	253	43.60	0	-2.75	-4.17	0.00	0.00
0	855	61454715	762	218	736	253	43.60	0	-2.75	-4.17	0.00	0.00
0	856	61454756	762	218	736	253	43.60	0	-2.76	-4.17	0.00	0.00
0	857	61454797	762	218	736	253	43.60	0	-2.76	-4.17	0.00	0.00
0	858	61454838	762	218	736	253	43.60	0	-2.76	-4.17	0.00	0.00
0	859	61454879	761	218	736	253	43.01	0	-2.77	-4.17	0.00	0.00
0	860	61454920	761	217	736	253	43.83	0	-2.77	-4.16	0.00	0.00
0	861	61454961	761	217	736	253	43.83	0	-2.77	-4.16	0.00	0.00
0	862	61455002	761	217	736	253	43.83	0	-2.78	-4.16	0.00	0.00
0	863	61455043	761	217	736	253	43.83	0	-2.78	-4.16	0.00	0.00
0	864	61455084	761	217	736	253	43.83	0	-2.78	-4.16	0.00	0.00
0	865	61455125	761	217	736	253	43.83	0	-2.78	-4.15	0.00	0.00
0	866	61455166	761	216	736	253	44.65	0	-2.79	-4.15	0.00	-200.00
0	867	61455207	760	216	736	246	38.42	0	-2.79	-4.15	0.00	-200.00
0	868	61455248	760	216	736	236	31.24	0	-2.79	-4.15	0.00	-200.00
0	869	61455289	760	216	736	230	27.78	0	-2.79	-4.15	0.00	-200.00
0	870	61455330	760	216	736	220	24.33	0	-2.80	-4.14	0.00	-200.00
0	871	61455371	760	215	736	213	24.08	0	-2.80	-4.14	0.00	0.00
0	872	61455412	760	215	736	213	24.08	0	-2.80	-4.14	0.00	0.00
0	873	61455453	760	215	736	213	24.08	0	-2.81	-4.14	0.00	0.00
0	874	61455494	760	215	736	213	24.08	0	-2.81	-4.14	0.00	0.00
0	875	61455535	760	215	736	213	24.08	0	-2.81	-4.13	0.00	0.00
0	876	61455576	759	215	736	213	23.09	0	-2.81	-4.13	0.00	0.00
0	877	61455617	759	214	736	213	23.02	0	-2.82	-4.13	0.00	0.00
0	878	61455658	759	214	736	213	23.02	0	-2.82	-4.13	0.00	0.00
0	879	61455699	759	214	736	213	23.02	0	-2.82	-4.13	0.00	0.00
0	880	61455739	759	214	736	213	23.02	0	-2.83	-4.12	0.00	0.00
0	881	61455780	759	214	736	213	23.02	0	-2.83	-4.12	0.00	0.00
0	882	61455821	759	214	736	213	23.02	0	-2.83	-4.12	0.00	0.00
0	883	61455862	759	213	736	213	23.00	0	-2.83	-4.12	0.00	0.00
0	884	61455903	759	213	736	213	23.00	0	-2.84	-4.12	0.00	0.00
0	885	61455944	758	213	736	213	22.00	0	-2.84	-4.12	200.00	0.00
0	886	61455985	758	213	745	213	13.00	0	-2.84	-4.11	200.00	0.00
0	887	61456026	758	213	752	213	6.00	1	-2.85	-4.11	200.00	0.00
0	888	61456067	758	213	762	213	4.00	1	-2.85	-4.11	200.00	0.00
0	889	61456108	758	212	769	213	11.05	0	-2.85	-4.11	0.00	0.00
0	890	61456149	758	212	769	213	11.05	0	-2.85	-4.11	0.00	0.00
0	891	61456190	758	212	769	213	11.05	0	-2.86	-4.10	0.00	0.00
0	892	61456231	758	212	769	213	11.05	0	-2.86	-4.10	0.00	0.00
0	893	61456272	757	212	769	213	12.04	0	-2.86	-4.10	0.00	0.00
0	894	61456313	757	212	769	213	12.04	0	-2.87	-4.10	0.00	0.00
0	895	61456353	757	211	769	213	12.17	0	-2.87	-4.10	0.00	0.00
0	896	61456394	757	211	769	213	12.17	0	-2.87	-4.09	0.00	0.00
0	897	61456435	757	211	769	213	12.17	0	-2.87	-4.09	0.00	0.00
0	898	61456476	757	211	769	213	12.17	0	-2.88	-4.09	0.00	0.00
0	899	61456517	757	211	769	213	12.17	0	-2.88	-4.09	0.00	0.00
0	900	61456558	757	211	769	213	12.17	0	-2.88	-4.09	0.00	0.00
0	901	61456599	757	210	769	213	12.37	0	-2.88	-4.08	0.00	0.00
0	902	61456640	756	210	769	213	13.34	0	-2.89	-4.08	0.00	0.00
0	903	61456681	756	210	769	213	13.34	0	-2.89	-4.08	0.00	0.00
0	904	61456722	756	210	769	213	13.34	0	-2.89	-4.08	0.00	0.00
0	905	61456763	756	210	769	213	13.34	0	-2.90	-4.08	0.00	0.00
0	906	61456804	756	210	769	213	13.34	0	-2.90	-4.07	0.00	0.00
0	907	61456845	756	209	769	213	13.60	0	-2.90	-4.07	0.00	0.00
0	908	61456886	756	209	769	213	13.60	0	-2.90	-4.07	0.00	0.00
0	909	61456927	756	209	769	213	13.60	0	-2.91	-4.07	0.00	0.00
0	910	61456968	755	209	769	213	14.56	0	-2.91	-4.07	0.00	0.00
0	911	61457009	755	209	769	213	14.56	0	-2.91	-4.06	-200.00	0.00
0	912	61457050	755	209	759	213	5.66	1	-2.92	-4.06	0.00	0.00
0	913	61457091	755	208	759	213	6.40	1	-2.92	-4.06	0.00	0.00
0	914	61457132	755	208	759	213	6.40	1	-2.92	-4.06	0.00	0.00
0	915	61457173	755	208	759	213	6.40	1	-2.92	-4.06	0.00	0.00
0	916	61457214	755	208	759	213	6.40	1	-2.93	-4.05	0.00	0.00
0	917	61457254	755	208	759	213	6.40	1	-2.93	-4.05	0.00	0.00
0	918	61457295	755	208	759	213	6.40	1	-2.93	-4.05	0.00	0.00
0	919	61457336	754	207	759	213	7.81	1	-2.93	-4.05	0.00	0.00
0	920	61457377	754	207	759	213	7.81	1	-2.94	-4.05	0.00	0.00
0	921	61457418	754	207	759	213	7.81	1	-2.94	-4.04	0.00	0.00
0	922	61457459	754	207	759	213	7.81	1	-2.94	-4.04	0.00	0.00
0	923	61457500	754	207	759	213	7.81	1	-2.95	-4.04	0.00	0.00
0	924	61457541	754	207	759	213	7.81	1	-2.95	-4.04	0.00	0.00
0	925	61457582	754	206	759	213	8.60	1	-2.95	-4.04	0.00	0.00
0	926	61457623	754	206	759	213	8.60	1	-2.95	-4.03	0.00	0.00
0	927	61457664	753	206	759	213	9.22	1	-2.96	-4.03	0.00	0.00
0	928	61457705	753	206	759	213	9.22	1	-2.96	-4.03	0.00	0.00
0	929	61457746	753	206	759	213	9.22	1	-2.96	-4.03	0.00	0.00
0	930	61457787	753	206	759	213	9.22	1	-2.96	-4.03	0.00	0.00
0	931	61457828	753	205	759	213	10.00	0	-2.97	-4.02	0.00	0.00
0	932	61457869	753	205	759	213	10.00	0	-2.97	-4.02	0.00	0.00
0	933	61457910	753	205	759	213	10.00	0	-2.97	-4.02	0.00	0.00
0	934	61457951	753	205	759	213	10.00	0	-2.98	-4.02	0.00	0.00
0	935	61457992	752	205	759	213	10.63	0	-2.98	-4.02	0.00	0.00
0	936	61458033	752	205	759	213	10.63	0	-2.98	-4.01	0.00	0.00
0	937	61458074	752	204	759	213	11.40	0	-2.98	-4.01	0.00	0.00
0	938	61458115	752	204	759	213	11.40	0	-2.99	-4.01	0.00	0.00
0	939	61458156	752	204	759	213	11.40	0	-2.99	-4.01	0.00	0.00
0	940	61458197	752	204	759	213	11.40	0	-2.99	-4.01	0.00	0.00
0	941	61458238	752	204	759	213	11.40	0	-3.00	-4.00	0.00	0.00
0	942	61458279	752	204	759	213	11.40	0	-3.00	-4.00	0.00	-200.00
0	943	61458320	751	203	759	204	8.06	1	-3.00	-4.00	-200.00	-200.00
0	944	61458361	751	203	752	197	6.08	1	-3.00	-4.00	-200.00	-200.00
0	945	61458401	751	203	743	187	17.89	0	-3.01	-4.00	-200.00	-200.00
0	946	61458442	751	203	736	180	27.46	0	-3.01	-3.99	0.00	-200.00
0	947	61458483	751	203	736	171	35.34	0	-3.01	-3.99	0.00	0.00
0	948	61458523	751	203	736	171	35.34	0	-3.01	-3.99	0.00	0.00
0	949	61458564	751	202	736	171	34.44	0	-3.02	-3.99	0.00	0.00
0	950	61458605	751	202	736	171	34.44	0	-3.02	-3.99	0.00	0.00
0	951	61458646	750	202	736	171	34.01	0	-3.02	-3.98	0.00	0.00
0	952	61458687	750	202	736	171	34.01	0	-3.03	-3.98	0.00	0.00
0	953	61458728	750	202	736	171	34.01	0	-3.03	-3.98	0.00	0.00
0	954	61458769	750	202	736	171	34.01	0	-3.03	-3.98	0.00	0.00
0	955	61458810	750	201	736	171	33.11	0	-3.03	-3.97	0.00	0.00
0	956	61458850	750	201	736	171	33.11	0	-3.04	-3.97	0.00	0.00
0	957	61458891	750	201	736	171	33.11	0	-3.04	-3.97	0.00	0.00
0	958	61458931	750	201	736	171	33.11	0	-3.04	-3.97	0.00	0.00
0	959	61458972	749	201	736	171	32.70	0	-3.04	-3.97	0.00	0.00
0	960	61459013	749	201	736	171	32.70	0	-3.05	-3.96	0.00	0.00
0	961	61459054	749	201	736	171	32.70	0	-3.05	-3.96	0.00	0.00
0	962	61459095	749	200	736	171	31.78	0	-3.05	-3.96	0.00	200.00
0	963	61459136	749	200	736	178	25.55	0	-3.05	-3.96	0.00	200.00
0	964	61459177	749	200	736	187	18.38	0	-3.06	-3.96	0.00	200.00
0	965	61459218	749	200	736	194	14.32	0	-3.06	-3.95	0.00	200.00
0	966	61459259	749	200	736	204	13.60	0	-3.06	-3.95	0.00	0.00
0	967	61459300	748	200	736	204	12.65	0	-3.07	-3.95	0.00	0.00
0	968	61459341	748	199	736	204	13.00	0	-3.07	-3.95	0.00	0.00
0	969	61459382	748	199	736	204	13.00	0	-3.07	-3.95	0.00	0.00
0	970	61459423	748	199	736	204	13.00	0	-3.07	-3.94	0.00	0.00
0	971	61459464	748	199	736	204	13.00	0	-3.08	-3.94	0.00	0.00
0	972	61459505	748	199	736	204	13.00	0	-3.08	-3.94	0.00	0.00
0	973	61459546	748	199	736	204	13.00	0	-3.08	-3.94	0.00	0.00
0	974	61459587	748	198	736	204	13.42	0	-3.08	-3.93	0.00	0.00
0	975	61459628	747	198	736	204	12.53	0	-3.09	-3.93	0.00	0.00
0	976	61459669	747	198	736	204	12.53	0	-3.09	-3.93	0.00	0.00
0	977	61459710	747	198	736	204	12.53	0	-3.09	-3.93	0.00	0.00
0	978	61459751	747	198	736	204	12.53	0	-3.10	-3.93	0.00	0.00
0	979	61459792	747	198	736	204	12.53	0	-3.10	-3.92	0.00	0.00
0	980	61459833	747	197	736	204	13.04	0	-3.10	-3.92	200.00	0.00
0	981	61459874	747	197	743	204	8.06	1	-3.10	-3.92	200.00	0.00
0	982	61459915	747	197	752	204	8.60	1	-3.11	-3.92	200.00	0.00
0	983	61459956	746	197	759	204	14.76	0	-3.11	-3.92	200.00	0.00
0	984	61459997	746	197	769	204	24.04	0	-3.11	-3.91	200.00	0.00
0	985	61460038	746	197	776	204	30.81	0	-3.11	-3.91	200.00	0.00
0	986	61460079	746	196	786	204	40.79	0	-3.12	-3.91	200.00	0.00
0	987	61460120	746	196	793	204	47.68	0	-3.12	-3.91	200.00	0.00
0	988	61460161	746	196	802	204	56.57	0	-3.12	-3.90	0.00	0.00
0	989	61460202	746	196	802	204	56.57	0	-3.13	-3.90	0.00	0.00
0	990	61460243	746	196	802	204	56.57	0	-3.13	-3.90	0.00	0.00
0	991	61460284	745	196	802	204	57.56	0	-3.13	-3.90	0.00	0.00
0	992	61460325	745	195	802	204	57.71	0	-3.13	-3.90	0.00	0.00
0	993	61460366	745	195	802	204	57.71	0	-3.14	-3.89	0.00	0.00
0	994	61460407	745	195	802	204	57.71	0	-3.14	-3.89	0.00	0.00
0	995	61460448	745	195	802	204	57.71	0	-3.14	-3.89	0.00	0.00
0	996	61460488	745	195	802	204	57.71	0	-3.14	-3.89	0.00	0.00
0	997	61460529	745	195	802	204	57.71	0	-3.15	-3.89	0.00	0.00
0	998	61460570	745	195	802	204	57.71	0	-3.15	-3.88	0.00	0.00
0	999	61460611	744	194	802	204	58.86	0	-3.15	-3.88	0.00	0.00
0	1000	61460652	744	194	802	204	58.86	0	-3.15	-3.88	0.00	0.00
0	1001	61460693	744	194	802	204	58.86	0	-3.16	-3.88	0.00	0.00
0	1002	61460734	744	194	802	204	58.86	0	-3.16	-3.88	0.00	0.00
0	1003	61460775	744	194	802	204	58.86	0	-3.16	-3.87	0.00	0.00
0	1004	61460816	744	194	802	204	58.86	0	-3.17	-3.87	0.00	0.00
0	1005	61460856	744	193	802	204	59.03	0	-3.17	-3.87	0.00	0.00
0	1006	61460897	744	193	802	204	59.03	0	-3.17	-3.87	0.00	0.00
0	1007	61460938	743	193	802	204	60.02	0	-3.17	-3.86	0.00	0.00
0	1008	61460979	743	193	802	204	60.02	0	-3.18	-3.86	0.00	0.00
0	1009	61461020	743	193	802	204	60.02	0	-3.18	-3.86	0.00	0.00
0	1010	61461061	743	193	802	204	60.02	0	-3.18	-3.86	0.00	0.00
0	1011	61461102	743	192	802	204	60.21	0	-3.18	-3.86	0.00	0.00
0	1012	61461143	743	192	802	204	60.21	0	-3.19	-3.85	0.00	0.00
0	1013	61461184	743	192	802	204	60.21	0	-3.19	-3.85	0.00	0.00
0	1014	61461225	742	192	802	204	61.19	0	-3.19	-3.85	0.00	0.00
0	1015	61461266	742	192	802	204	61.19	0	-3.19	-3.85	0.00	0.00
0	1016	61461307	742	192	802	204	61.19	0	-3.20	-3.84	0.00	0.00
0	1017	61461348	742	192	802	204	61.19	0	-3.20	-3.84	0.00	0.00
0	1018	61461389	742	191	802	204	61.39	0	-3.20	-3.84	0.00	0.00
0	1019	61461430	742	191	802	204	61.39	0	-3.20	-3.84	0.00	0.00
0	1020	61461471	742	191	802	204	61.39	0	-3.21	-3.84	0.00	0.00
0	1021	61461512	742	191	802	204	61.39	0	-3.21	-3.83	0.00	0.00
0	1022	61461552	741	191	802	204	62.37	0	-3.21	-3.83	0.00	0.00
0	1023	61461593	741	191	802	204	62.37	0	-3.22	-3.83	0.00	0.00
0	1024	61461634	741	190	802	204	62.59	0	-3.22	-3.83	0.00	0.00
0	1025	61461675	741	190	802	204	62.59	0	-3.22	-3.82	0.00	0.00
0	1026	61461716	741	190	802	204	62.59	0	-3.22	-3.82	0.00	0.00
0	1027	61461757	741	190	802	204	62.59	0	-3.23	-3.82	0.00	0.00
0	1028	61461798	741	190	802	204	62.59	0	-3.23	-3.82	0.00	0.00
0	1029	61461839	740	190	802	204	63.56	0	-3.23	-3.82	0.00	0.00
0	1030	61461880	740	190	802	204	63.56	0	-3.23	-3.81	0.00	0.00
0	1031	61461921	740	189	802	204	63.79	0	-3.24	-3.81	-200.00	0.00
0	1032	61461962	740	189	795	204	57.01	0	-3.24	-3.81	-200.00	0.00
0	1033	61462003	740	189	786	204	48.38	0	-3.24	-3.81	-200.00	0.00
0	1034	61462044	740	189	778	204	40.85	0	-3.24	-3.81	-200.00	0.00
0	1035	61462085	740	189	769	204	32.65	0	-3.25	-3.80	0.00	0.00
0	1036	61462126	740	189	769	204	32.65	0	-3.25	-3.80	0.00	0.00
0	1037	61462167	739	188	769	204	34.00	0	-3.25	-3.80	0.00	0.00
0	1038	61462207	739	188	769	204	34.00	0	-3.25	-3.80	0.00	0.00
0	1039	61462248	739	188	769	204	34.00	0	-3.26	-3.79	0.00	0.00
0	1040	61462289	739	188	769	204	34.00	0	-3.26	-3.79	0.00	0.00
0	1041	61462330	739	188	769	204	34.00	0	-3.26	-3.79	0.00	0.00
0	1042	61462371	739	188	769	204	34.00	0	-3.26	-3.79	0.00	0.00
0	1043	61462412	739	187	769	204	34.48	0	-3.27	-3.78	-200.00	-200.00
0	1044	61462452	738	187	762	197	26.00	0	-3.27	-3.78	-200.00	-200.00
0	1045	61462493	738	187	753	187	15.00	0	-3.27	-3.78	-200.00	-200.00
0	1046	61462534	738	187	746	180	10.63	0	-3.27	-3.78	-200.00	-200.00
0	1047	61462575	738	187	736	171	16.12	0	-3.28	-3.78	-200.00	-200.00
0	1048	61462616	738	187	729	164	24.70	0	-3.28	-3.77	-200.00	-200.00
0	1049	61462657	738	187	720	155	36.72	0	-3.28	-3.77	0.00	0.00
0	1050	61462698	738	186	720	155	35.85	0	-3.28	-3.77	0.00	0.00
0	1051	61462739	738	186	720	155	35.85	0	-3.29	-3.77	0.00	0.00
0	1052	61462780	737	186	720	155	35.36	0	-3.29	-3.77	0.00	0.00
0	1053	61462821	737	186	720	155	35.36	0	-3.29	-3.76	0.00	0.00
0	1054	61462862	737	186	720	155	35.36	0	-3.30	-3.76	0.00	0.00
0	1055	61462903	737	186	720	155	35.36	0	-3.30	-3.76	0.00	200.00
0	1056	61462944	737	185	720	162	28.60	0	-3.30	-3.76	0.00	200.00
0	1057	61462985	737	185	720	169	23.35	0	-3.30	-3.75	0.00	200.00
0	1058	61463026	737	185	720	178	18.38	0	-3.31	-3.75	0.00	0.00
0	1059	61463067	736	185	720	178	17.46	0	-3.31	-3.75	0.00	0.00
0	1060	61463108	736	185	720	178	17.46	0	-3.31	-3.75	0.00	0.00
0	1061	61463149	736	185	720	178	17.46	0	-3.31	-3.74	0.00	0.00
0	1062	61463190	736	185	720	178	17.46	0	-3.32	-3.74	0.00	0.00
0	1063	61463231	736	184	720	178	17.09	0	-3.32	-3.74	0.00	0.00
0	1064	61463272	736	184	720	178	17.09	0	-3.32	-3.74	0.00	0.00
0	1065	61463313	736	184	720	178	17.09	0	-3.32	-3.74	0.00	0.00
0	1066	61463354	735	184	720	178	16.16	0	-3.33	-3.73	0.00	0.00
0	1067	61463395	735	184	720	178	16.16	0	-3.33	-3.73	0.00	0.00
0	1068	61463436	735	184	720	178	16.16	0	-3.33	-3.73	200.00	0.00
0	1069	61463477	735	183	727	178	9.43	1	-3.33	-3.73	200.00	0.00
0	1070	61463518	735	183	736	178	5.10	1	-3.34	-3.72	200.00	0.00
0	1071	61463559	735	183	743	178	9.43	1	-3.34	-3.72	0.00	0.00
0	1072	61463600	735	183	743	178	9.43	1	-3.34	-3.72	0.00	0.00
0	1073	61463641	735	183	743	178	9.43	1	-3.34	-3.72	0.00	0.00
0	1074	61463682	734	183	743	178	10.30	0	-3.35	-3.71	0.00	0.00
0	1075	61463723	734	183	743	178	10.30	0	-3.35	-3.71	0.00	0.00
0	1076	61463764	734	182	743	178	9.85	1	-3.35	-3.71	0.00	0.00
0	1077	61463805	734	182	743	178	9.85	1	-3.35	-3.71	0.00	0.00
0	1078	61463846	734	182	743	178	9.85	1	-3.36	-3.71	0.00	0.00
0	1079	61463887	734	182	743	178	9.85	1	-3.36	-3.70	0.00	0.00
0	1080	61463928	734	182	743	178	9.85	1	-3.36	-3.70	0.00	0.00
0	1081	61463969	733	182	743	178	10.77	0	-3.36	-3.70	0.00	0.00
0	1082	61464010	733	181	743	178	10.44	0	-3.37	-3.70	0.00	0.00
0	1083	61464051	733	181	743	178	10.44	0	-3.37	-3.69	0.00	0.00
0	1084	61464092	733	181	743	178	10.44	0	-3.37	-3.69	0.00	0.00
0	1085	61464133	733	181	743	178	10.44	0	-3.37	-3.69	0.00	0.00
0	1086	61464174	733	181	743	178	10.44	0	-3.38	-3.69	0.00	0.00
0	1087	61464215	733	181	743	178	10.44	0	-3.38	-3.69	0.00	0.00
0	1088	61464256	732	181	743	178	11.40	0	-3.38	-3.68	0.00	0.00
0	1089	61464297	732	180	743	178	11.18	0	-3.38	-3.68	0.00	0.00
0	1090	61464338	732	180	743	178	11.18	0	-3.39	-3.68	0.00	0.00
0	1091	61464379	732	180	743	178	11.18	0	-3.39	-3.68	0.00	0.00
0	1092	61464420	732	180	743	178	11.18	0	-3.39	-3.67	0.00	0.00
0	1093	61464461	732	180	743	178	11.18	0	-3.39	-3.67	0.00	0.00
0	1094	61464502	732	180	743	178	11.18	0	-3.40	-3.67	0.00	0.00
0	1095	61464543	732	180	743	178	11.18	0	-3.40	-3.67	0.00	0.00
0	1096	61464584	731	179	743	178	12.04	0	-3.40	-3.66	0.00	0.00
0	1097	61464625	731	179	743	178	12.04	0	-3.40	-3.66	0.00	0.00
0	1098	61464666	731	179	743	178	12.04	0	-3.41	-3.66	0.00	0.00
0	1099	61464707	731	179	743	178	12.04	0	-3.41	-3.66	0.00	0.00
0	1100	61464748	731	179	743	178	12.04	0	-3.41	-3.65	0.00	0.00
0	1101	61464789	731	179	743	178	12.04	0	-3.41	-3.65	0.00	0.00
0	1102	61464830	731	178	743	178	12.00	0	-3.42	-3.65	-200.00	0.00
0	1103	61464871	730	178	736	178	6.00	1	-3.42	-3.65	-200.00	0.00
0	1104	61464912	730	178	727	178	3.00	1	-3.42	-3.65	-200.00	0.00
0	1105	61464953	730	178	720	178	10.00	0	-3.42	-3.64	-200.00	0.00
0	1106	61464994	730	178	711	178	19.00	0	-3.43	-3.64	0.00	0.00
0	1107	61465035	730	178	711	178	19.00	0	-3.43	-3.64	0.00	0.00
0	1108	61465076	730	178	711	178	19.00	0	-3.43	-3.64	0.00	0.00
0	1109	61465117	730	177	711	178	19.03	0	-3.43	-3.63	0.00	0.00
0	1110	61465158	729	177	711	178	18.03	0	-3.44	-3.63	0.00	0.00
0	1111	61465199	729	177	711	178	18.03	0	-3.44	-3.63	0.00	0.00
0	1112	61465240	729	177	711	178	18.03	0	-3.44	-3.63	0.00	0.00
0	1113	61465281	729	177	711	178	18.03	0	-3.44	-3.62	0.00	0.00
0	1114	61465322	729	177	711	178	18.03	0	-3.45	-3.62	0.00	0.00
0	1115	61465363	729	177	711	178	18.03	0	-3.45	-3.62	0.00	0.00
0	1116	61465404	729	176	711	178	18.11	0	-3.45	-3.62	200.00	0.00
0	1117	61465445	728	176	718	178	10.20	0	-3.45	-3.62	200.00	0.00
0	1118	61465486	728	176	725	178	3.61	1	-3.46	-3.61	200.00	0.00
0	1119	61465527	728	176	734	178	6.32	1	-3.46	-3.61	200.00	0.00
0	1120	61465568	728	176	741	178	13.15	0	-3.46	-3.61	0.00	0.00
0	1121	61465609	728	176	741	178	13.15	0	-3.46	-3.61	0.00	0.00
0	1122	61465650	728	176	741	178	13.15	0	-3.47	-3.60	0.00	0.00
0	1123	61465691	728	175	741	178	13.34	0	-3.47	-3.60	0.00	0.00
0	1124	61465732	727	175	741	178	14.32	0	-3.47	-3.60	0.00	0.00
0	1125	61465773	727	175	741	178	14.32	0	-3.47	-3.60	0.00	0.00
0	1126	61465813	727	175	741	178	14.32	0	-3.48	-3.59	0.00	0.00
0	1127	61465854	727	175	741	178	14.32	0	-3.48	-3.59	0.00	0.00
0	1128	61465894	727	175	741	178	14.32	0	-3.48	-3.59	0.00	0.00
0	1129	61465935	727	174	741	178	14.56	0	-3.48	-3.59	0.00	0.00
0	1130	61465976	727	174	741	178	14.56	0	-3.49	-3.58	0.00	0.00
0	1131	61466017	726	174	741	178	15.52	0	-3.49	-3.58	0.00	0.00
0	1132	61466057	726	174	741	178	15.52	0	-3.49	-3.58	0.00	0.00
0	1133	61466098	726	174	741	178	15.52	0	-3.49	-3.58	0.00	0.00
0	1134	61466139	726	174	741	178	15.52	0	-3.50	-3.57	0.00	0.00
0	1135	61466180	726	174	741	178	15.52	0	-3.50	-3.57	0.00	0.00
0	1136	61466220	726	173	741	178	15.81	0	-3.50	-3.57	0.00	0.00
0	1137	61466261	726	173	741	178	15.81	0	-3.50	-3.57	0.00	0.00
0	1138	61466302	725	173	741	178	16.76	0	-3.51	-3.57	0.00	0.00
0	1139	61466343	725	173	741	178	16.76	0	-3.51	-3.56	0.00	0.00
0	1140	61466383	725	173	741	178	16.76	0	-3.51	-3.56	0.00	0.00
0	1141	61466424	725	173	741	178	16.76	0	-3.51	-3.56	0.00	0.00
0	1142	61466465	725	173	741	178	16.76	0	-3.52	-3.56	0.00	0.00
0	1143	61466505	725	172	741	178	17.09	0	-3.52	-3.55	0.00	0.00
0	1144	61466546	725	172	741	178	17.09	0	-3.52	-3.55	0.00	0.00
0	1145	61466586	724	172	741	178	18.03	0	-3.52	-3.55	0.00	0.00
0	1146	61466627	724	172	741	178	18.03	0	-3.53	-3.55	0.00	0.00
0	1147	61466668	724	172	741	178	18.03	0	-3.53	-3.54	0.00	0.00
0	1148	61466709	724	172	741	178	18.03	0	-3.53	-3.54	0.00	0.00
0	1149	61466750	724	172	741	178	18.03	0	-3.53	-3.54	0.00	0.00
0	1150	61466791	724	171	741	178	18.38	0	-3.53	-3.54	-200.00	0.00
0	1151	61466832	724	171	734	178	12.21	0	-3.54	-3.53	-200.00	-200.00
0	1152	61466873	723	171	725	169	2.83	1	-3.54	-3.53	-200.00	-200.00
0	1153	61466914	723	171	718	162	10.30	0	-3.54	-3.53	-200.00	0.00
0	1154	61466955	723	171	709	162	16.64	0	-3.54	-3.53	0.00	0.00
0	1155	61466996	723	171	709	162	16.64	0	-3.55	-3.52	0.00	0.00
0	1156	61467037	723	171	709	162	16.64	0	-3.55	-3.52	0.00	0.00
0	1157	61467077	723	170	709	162	16.12	0	-3.55	-3.52	0.00	0.00
0	1158	61467118	723	170	709	162	16.12	0	-3.55	-3.52	0.00	0.00
0	1159	61467159	722	170	709	162	15.26	0	-3.56	-3.51	0.00	0.00
0	1160	61467200	722	170	709	162	15.26	0	-3.56	-3.51	0.00	0.00
0	1161	61467241	722	170	709	162	15.26	0	-3.56	-3.51	0.00	0.00
0	1162	61467282	722	170	709	162	15.26	0	-3.56	-3.51	0.00	0.00
0	1163	61467323	722	170	709	162	15.26	0	-3.57	-3.50	0.00	0.00
0	1164	61467364	722	169	709	162	14.76	0	-3.57	-3.50	0.00	0.00
0	1165	61467405	721	169	709	162	13.89	0	-3.57	-3.50	0.00	0.00
0	1166	61467446	721	169	709	162	13.89	0	-3.57	-3.50	0.00	0.00
0	1167	61467487	721	169	709	162	13.89	0	-3.58	-3.49	0.00	0.00
0	1168	61467528	721	169	709	162	13.89	0	-3.58	-3.49	0.00	0.00
0	1169	61467569	721	169	709	162	13.89	0	-3.58	-3.49	0.00	0.00
0	1170	61467610	721	169	709	162	13.89	0	-3.58	-3.49	0.00	0.00
0	1171	61467651	721	168	709	162	13.42	0	-3.59	-3.49	0.00	0.00
0	1172	61467692	720	168	709	162	12.53	0	-3.59	-3.48	0.00	0.00
0	1173	61467732	720	168	709	162	12.53	0	-3.59	-3.48	0.00	0.00
0	1174	61467773	720	168	709	162	12.53	0	-3.59	-3.48	0.00	0.00
0	1175	61467814	720	168	709	162	12.53	0	-3.59	-3.48	0.00	0.00
0	1176	61467855	720	168	709	162	12.53	0	-3.60	-3.47	0.00	0.00
0	1177	61467896	720	168	709	162	12.53	0	-3.60	-3.47	0.00	0.00
0	1178	61467937	720	167	709	162	12.08	0	-3.60	-3.47	0.00	0.00
0	1179	61467978	719	167	709	162	11.18	0	-3.60	-3.47	0.00	0.00
0	1180	61468019	719	167	709	162	11.18	0	-3.61	-3.46	0.00	0.00
0	1181	61468060	719	167	709	162	11.18	0	-3.61	-3.46	0.00	0.00
0	1182	61468100	719	167	709	162	11.18	0	-3.61	-3.46	0.00	0.00
0	1183	61468141	719	167	709	162	11.18	0	-3.61	-3.46	0.00	0.00
0	1184	61468182	719	167	709	162	11.18	0	-3.62	-3.45	0.00	0.00
0	1185	61468223	719	166	709	162	10.77	0	-3.62	-3.45	0.00	0.00
0	1186	61468263	718	166	709	162	9.85	1	-3.62	-3.45	0.00	0.00
0	1187	61468304	718	166	709	162	9.85	1	-3.62	-3.45	0.00	0.00
0	1188	61468345	718	166	709	162	9.85	1	-3.63	-3.44	0.00	0.00
0	1189	61468386	718	166	709	162	9.85	1	-3.63	-3.44	0.00	0.00
0	1190	61468427	718	166	709	162	9.85	1	-3.63	-3.44	0.00	0.00
0	1191	61468467	718	166	709	162	9.85	1	-3.63	-3.44	0.00	0.00
0	1192	61468508	718	165	709	162	9.49	1	-3.63	-3.43	0.00	0.00
0	1193	61468549	717	165	709	162	8.54	1	-3.64	-3.43	0.00	0.00
0	1194	61468590	717	165	709	162	8.54	1	-3.64	-3.43	0.00	0.00
0	1195	61468631	717	165	709	162	8.54	1	-3.64	-3.43	0.00	0.00
0	1196	61468672	717	165	709	162	8.54	1	-3.64	-3.42	0.00	0.00
0	1197	61468712	717	165	709	162	8.54	1	-3.65	-3.42	0.00	0.00
0	1198	61468753	717	165	709	162	8.54	1	-3.65	-3.42	0.00	0.00
0	1199	61468794	716	164	709	162	7.28	1	-3.65	-3.42	0.00	0.00
0	1200	61468835	716	164	709	162	7.28	1	-3.65	-3.41	0.00	0.00
0	1201	61468876	716	164	709	162	7.28	1	-3.66	-3.41	0.00	0.00
0	1202	61468916	716	164	709	162	7.28	1	-3.66	-3.41	0.00	0.00
0	1203	61468957	716	164	709	162	7.28	1	-3.66	-3.41	0.00	0.00
0	1204	61468998	716	164	709	162	7.28	1	-3.66	-3.40	0.00	0.00
0	1205	61469039	716	164	709	162	7.28	1	-3.67	-3.40	0.00	0.00
0	1206	61469080	715	163	709	162	6.08	1	-3.67	-3.40	0.00	0.00
0	1207	61469121	715	163	709	162	6.08	1	-3.67	-3.40	0.00	0.00
0	1208	61469162	715	163	709	162	6.08	1	-3.67	-3.39	0.00	0.00
0	1209	61469203	715	163	709	162	6.08	1	-3.67	-3.39	0.00	0.00
0	1210	61469244	715	163	709	162	6.08	1	-3.68	-3.39	0.00	0.00
0	1211	61469285	715	163	709	162	6.08	1	-3.68	-3.39	0.00	0.00
0	1212	61469326	715	163	709	162	6.08	1	-3.68	-3.38	0.00	0.00
0	1213	61469366	714	162	709	162	5.00	1	-3.68	-3.38	0.00	0.00
0	1214	61469407	714	162	709	162	5.00	1	-3.69	-3.38	0.00	0.00
0	1215	61469448	714	162	709	162	5.00	1	-3.69	-3.38	0.00	0.00
0	1216	61469489	714	162	709	162	5.00	1	-3.69	-3.37	0.00	0.00
0	1217	61469530	714	162	709	162	5.00	1	-3.69	-3.37	0.00	0.00
0	1218	61469571	714	162	709	162	5.00	1	-3.70	-3.37	0.00	0.00
0	1219	61469612	713	162	709	162	4.00	1	-3.70	-3.37	0.00	0.00
0	1220	61469653	713	162	709	162	4.00	1	-3.70	-3.36	0.00	0.00
0	1221	61469693	713	161	709	162	4.12	1	-3.70	-3.36	0.00	0.00
0	1222	61469734	713	161	709	162	4.12	1	-3.70	-3.36	0.00	0.00
0	1223	61469775	713	161	709	162	4.12	1	-3.71	-3.36	0.00	0.00
0	1224	61469816	713	161	709	162	4.12	1	-3.71	-3.35	0.00	0.00
0	1225	61469857	713	161	709	162	4.12	1	-3.71	-3.35	0.00	0.00
0	1226	61469898	712	161	709	162	3.16	1	-3.71	-3.35	0.00	0.00
0	1227	61469939	712	161	709	162	3.16	1	-3.72	-3.35	0.00	0.00
0	1228	61469980	712	160	709	162	3.61	1	-3.72	-3.34	0.00	0.00
0	1229	61470021	712	160	709	162	3.61	1	-3.72	-3.34	0.00	0.00
0	1230	61470062	712	160	709	162	3.61	1	-3.72	-3.34	0.00	0.00
0	1231	61470103	712	160	709	162	3.61	1	-3.72	-3.34	0.00	0.00
0	1232	61470144	711	160	709	162	2.83	1	-3.73	-3.33	0.00	0.00
0	1233	61470185	711	160	709	162	2.83	1	-3.73	-3.33	0.00	0.00
0	1234	61470226	711	160	709	162	2.83	1	-3.73	-3.33	0.00	0.00
0	1235	61470267	711	159	709	162	3.61	1	-3.73	-3.33	0.00	0.00
0	1236	61470308	711	159	709	162	3.61	1	-3.74	-3.32	0.00	0.00
0	1237	61470349	711	159	709	162	3.61	1	-3.74	-3.32	0.00	0.00
0	1238	61470390	711	159	709	162	3.61	1	-3.74	-3.32	0.00	0.00
0	1239	61470431	710	159	709	162	3.16	1	-3.74	-3.32	0.00	0.00
0	1240	61470472	710	159	709	162	3.16	1	-3.75	-3.31	0.00	0.00
0	1241	61470513	710	159	709	162	3.16	1	-3.75	-3.31	0.00	0.00
0	1242	61470554	710	158	709	162	4.12	1	-3.75	-3.31	0.00	0.00
0	1243	61470595	710	158	709	162	4.12	1	-3.75	-3.30	0.00	0.00
0	1244	61470636	710	158	709	162	4.12	1	-3.75	-3.30	0.00	0.00
0	1245	61470677	709	158	709	162	4.00	1	-3.76	-3.30	0.00	0.00
0	1246	61470718	709	158	709	162	4.00	1	-3.76	-3.30	0.00	0.00
0	1247	61470759	709	158	709	162	4.00	1	-3.76	-3.29	0.00	0.00
0	1248	61470800	709	158	709	162	4.00	1	-3.76	-3.29	0.00	0.00
0	1249	61470841	709	158	709	162	4.00	1	-3.77	-3.29	0.00	0.00
0	1250	61470882	709	157	709	162	5.00	1	-3.77	-3.29	0.00	0.00
0	1251	61470923	709	157	709	162	5.00	1	-3.77	-3.28	0.00	0.00
0	1252	61470964	708	157	709	162	5.10	1	-3.77	-3.28	0.00	0.00
0	1253	61471004	708	157	709	162	5.10	1	-3.77	-3.28	0.00	0.00
0	1254	61471045	708	157	709	162	5.10	1	-3.78	-3.28	0.00	0.00
0	1255	61471086	708	157	709	162	5.10	1	-3.78	-3.27	0.00	0.00
0	1256	61471127	708	157	709	162	5.10	1	-3.78	-3.27	0.00	0.00
0	1257	61471168	708	156	709	162	6.08	1	-3.78	-3.27	0.00	0.00
0	1258	61471209	707	156	709	162	6.32	1	-3.79	-3.27	0.00	0.00
0	1259	61471250	707	156	709	162	6.32	1	-3.79	-3.26	0.00	0.00
0	1260	61471290	707	156	709	162	6.32	1	-3.79	-3.26	0.00	0.00
0	1261	61471331	707	156	709	162	6.32	1	-3.79	-3.26	0.00	0.00
0	1262	61471372	707	156	709	162	6.32	1	-3.80	-3.26	0.00	0.00
0	1263	61471413	707	156	709	162	6.32	1	-3.80	-3.25	0.00	0.00
0	1264	61471454	707	156	709	162	6.32	1	-3.80	-3.25	0.00	0.00
0	1265	61471495	706	155	709	162	7.62	1	-3.80	-3.25	0.00	0.00
0	1266	61471536	706	155	709	162	7.62	1	-3.80	-3.25	0.00	0.00
0	1267	61471577	706	155	709	162	7.62	1	-3.81	-3.24	0.00	0.00
0	1268	61471618	706	155	709	162	7.62	1	-3.81	-3.24	0.00	0.00
0	1269	61471659	706	155	709	162	7.62	1	-3.81	-3.24	0.00	0.00
0	1270	61471699	706	155	709	162	7.62	1	-3.81	-3.24	0.00	0.00
0	1271	61471740	705	155	709	162	8.06	1	-3.81	-3.23	0.00	0.00
0	1272	61471781	705	154	709	162	8.94	1	-3.82	-3.23	0.00	0.00
0	1273	61471822	705	154	709	162	8.94	1	-3.82	-3.23	0.00	0.00
0	1274	61471863	705	154	709	162	8.94	1	-3.82	-3.22	0.00	0.00
0	1275	61471903	705	154	709	162	8.94	1	-3.82	-3.22	0.00	0.00
0	1276	61471944	705	154	709	162	8.94	1	-3.83	-3.22	0.00	0.00
0	1277	61471985	704	154	709	162	9.43	1	-3.83	-3.22	0.00	0.00
0	1278	61472026	704	154	709	162	9.43	1	-3.83	-3.21	0.00	0.00
0	1279	61472067	704	154	709	162	9.43	1	-3.83	-3.21	0.00	0.00
0	1280	61472108	704	153	709	162	10.30	0	-3.83	-3.21	0.00	0.00
0	1281	61472149	704	153	709	162	10.30	0	-3.84	-3.21	0.00	0.00
0	1282	61472190	704	153	709	162	10.30	0	-3.84	-3.20	0.00	0.00
0	1283	61472231	704	153	709	162	10.30	0	-3.84	-3.20	0.00	0.00
0	1284	61472272	703	153	709	162	10.82	0	-3.84	-3.20	0.00	0.00
0	1285	61472313	703	153	709	162	10.82	0	-3.85	-3.20	0.00	0.00
0	1286	61472354	703	153	709	162	10.82	0	-3.85	-3.19	0.00	0.00
0	1287	61472395	703	152	709	162	11.66	0	-3.85	-3.19	0.00	0.00
0	1288	61472436	703	152	709	162	11.66	0	-3.85	-3.19	0.00	0.00
0	1289	61472477	703	152	709	162	11.66	0	-3.85	-3.18	0.00	0.00
0	1290	61472517	702	152	709	162	12.21	0	-3.86	-3.18	0.00	0.00
0	1291	61472558	702	152	709	162	12.21	0	-3.86	-3.18	0.00	0.00
0	1292	61472599	702	152	709	162	12.21	0	-3.86	-3.18	0.00	0.00
0	1293	61472640	702	152	709	162	12.21	0	-3.86	-3.17	0.00	0.00
0	1294	61472681	702	152	709	162	12.21	0	-3.86	-3.17	0.00	0.00
0	1295	61472722	702	151	709	162	13.04	0	-3.87	-3.17	0.00	0.00
0	1296	61472763	702	151	709	162	13.04	0	-3.87	-3.17	0.00	0.00
0	1297	61472804	701	151	709	162	13.60	0	-3.87	-3.16	0.00	0.00
0	1298	61472845	701	151	709	162	13.60	0	-3.87	-3.16	0.00	0.00
0	1299	61472886	701	151	709	162	13.60	0	-3.88	-3.16	0.00	-200.00
0	1300	61472927	701	151	709	155	8.94	1	-3.88	-3.16	0.00	-200.00
0	1301	61472968	701	151	709	145	10.00	0	-3.88	-3.15	-200.00	-200.00
0	1302	61473009	701	151	702	138	13.04	0	-3.88	-3.15	-200.00	-200.00
0	1303	61473050	700	150	692	128	23.41	0	-3.88	-3.15	0.00	0.00
0	1304	61473091	700	150	692	128	23.41	0	-3.89	-3.15	0.00	0.00
0	1305	61473132	700	150	692	128	23.41	0	-3.89	-3.14	0.00	0.00
0	1306	61473173	700	150	692	128	23.41	0	-3.89	-3.14	0.00	0.00
0	1307	61473214	700	150	692	128	23.41	0	-3.89	-3.14	0.00	0.00
0	1308	61473255	700	150	692	128	23.41	0	-3.90	-3.13	0.00	0.00
0	1309	61473296	699	150	692	128	23.09	0	-3.90	-3.13	0.00	0.00
0	1310	61473337	699	150	692	128	23.09	0	-3.90	-3.13	0.00	0.00
0	1311	61473378	699	149	692	128	22.14	0	-3.90	-3.13	0.00	200.00
0	1312	61473419	699	149	692	135	15.65	0	-3.90	-3.12	0.00	200.00
0	1313	61473460	699	149	692	145	8.06	1	-3.91	-3.12	0.00	200.00
0	1314	61473500	699	149	692	152	7.62	1	-3.91	-3.12	0.00	200.00
0	1315	61473541	698	149	692	161	13.42	0	-3.91	-3.12	0.00	0.00
0	1316	61473582	698	149	692	161	13.42	0	-3.91	-3.11	0.00	0.00
0	1317	61473623	698	149	692	161	13.42	0	-3.91	-3.11	0.00	0.00
0	1318	61473664	698	149	692	161	13.42	0	-3.92	-3.11	0.00	0.00
0	1319	61473705	698	148	692	161	14.32	0	-3.92	-3.10	0.00	0.00
0	1320	61473746	698	148	692	161	14.32	0	-3.92	-3.10	0.00	0.00
0	1321	61473787	697	148	692	161	13.93	0	-3.92	-3.10	0.00	0.00
0	1322	61473828	697	148	692	161	13.93	0	-3.93	-3.10	0.00	0.00
0	1323	61473869	697	148	692	161	13.93	0	-3.93	-3.09	0.00	0.00
0	1324	61473909	697	148	692	161	13.93	0	-3.93	-3.09	0.00	0.00
0	1325	61473950	697	148	692	161	13.93	0	-3.93	-3.09	0.00	-200.00
0	1326	61473991	697	147	692	152	7.07	1	-3.93	-3.09	0.00	-200.00
0	1327	61474032	697	147	692	145	5.39	1	-3.94	-3.08	0.00	-200.00
0	1328	61474073	696	147	692	135	12.65	0	-3.94	-3.08	0.00	-200.00
0	1329	61474114	696	147	692	128	19.42	0	-3.94	-3.08	0.00	0.00
0	1330	61474155	696	147	692	128	19.42	0	-3.94	-3.08	0.00	0.00
0	1331	61474196	696	147	692	128	19.42	0	-3.94	-3.07	0.00	0.00
0	1332	61474237	696	147	692	128	19.42	0	-3.95	-3.07	0.00	0.00
0	1333	61474277	696	147	692	128	19.42	0	-3.95	-3.07	0.00	0.00
0	1334	61474318	695	146	692	128	18.25	0	-3.95	-3.06	0.00	0.00
0	1335	61474359	695	146	692	128	18.25	0	-3.95	-3.06	0.00	0.00
0	1336	61474399	695	146	692	128	18.25	0	-3.95	-3.06	0.00	0.00
0	1337	61474440	695	146	692	128	18.25	0	-3.96	-3.06	0.00	0.00
0	1338	61474481	695	146	692	128	18.25	0	-3.96	-3.05	0.00	0.00
0	1339	61474522	695	146	692	128	18.25	0	-3.96	-3.05	0.00	0.00
0	1340	61474562	694	146	692	128	18.11	0	-3.96	-3.05	0.00	0.00
0	1341	61474603	694	146	692	128	18.11	0	-3.96	-3.05	0.00	0.00
0	1342	61474644	694	145	692	128	17.12	0	-3.97	-3.04	0.00	0.00
0	1343	61474685	694	145	692	128	17.12	0	-3.97	-3.04	0.00	0.00
0	1344	61474726	694	145	692	128	17.12	0	-3.97	-3.04	0.00	0.00
0	1345	61474767	694	145	692	128	17.12	0	-3.97	-3.04	0.00	0.00
0	1346	61474808	693	145	692	128	17.03	0	-3.98	-3.03	0.00	0.00
0	1347	61474849	693	145	692	128	17.03	0	-3.98	-3.03	0.00	0.00
0	1348	61474890	693	145	692	128	17.03	0	-3.98	-3.03	0.00	0.00
0	1349	61474931	693	145	692	128	17.03	0	-3.98	-3.02	0.00	0.00
0	1350	61474972	693	144	692	128	16.03	0	-3.98	-3.02	0.00	0.00
0	1351	61475013	693	144	692	128	16.03	0	-3.99	-3.02	0.00	0.00
0	1352	61475054	692	144	692	128	16.00	0	-3.99	-3.02	0.00	0.00
0	1353	61475095	692	144	692	128	16.00	0	-3.99	-3.01	0.00	0.00
0	1354	61475136	692	144	692	128	16.00	0	-3.99	-3.01	0.00	0.00
0	1355	61475177	692	144	692	128	16.00	0	-3.99	-3.01	0.00	0.00
0	1356	61475218	692	144	692	128	16.00	0	-4.00	-3.01	0.00	0.00
0	1357	61475259	692	144	692	128	16.00	0	-4.00	-3.00	0.00	0.00
0	1358	61475300	692	144	692	128	16.00	0	-4.00	-3.00	0.00	0.00
0	1359	61475341	691	143	692	128	15.03	0	-4.00	-3.00	0.00	0.00
0	1360	61475381	691	143	692	128	15.03	0	-4.00	-2.99	0.00	0.00
0	1361	61475422	691	143	692	128	15.03	0	-4.01	-2.99	0.00	0.00
0	1362	61475463	691	143	692	128	15.03	0	-4.01	-2.99	0.00	0.00
0	1363	61475503	691	143	692	128	15.03	0	-4.01	-2.99	0.00	0.00
0	1364	61475544	691	143	692	128	15.03	0	-4.01	-2.98	0.00	0.00
0	1365	61475585	690	143	692	128	15.13	0	-4.01	-2.98	0.00	0.00
0	1366	61475626	690	143	692	128	15.13	0	-4.02	-2.98	0.00	0.00
0	1367	61475667	690	142	692	128	14.14	0	-4.02	-2.97	0.00	0.00
0	1368	61475707	690	142	692	128	14.14	0	-4.02	-2.97	0.00	0.00
0	1369	61475748	690	142	692	128	14.14	0	-4.02	-2.97	0.00	0.00
0	1370	61475789	690	142	692	128	14.14	0	-4.02	-2.97	0.00	0.00
0	1371	61475830	689	142	692	128	14.32	0	-4.03	-2.96	0.00	0.00
0	1372	61475871	689	142	692	128	14.32	0	-4.03	-2.96	0.00	0.00
0	1373	61475912	689	142	692	128	14.32	0	-4.03	-2.96	0.00	0.00
0	1374	61475953	689	142	692	128	14.32	0	-4.03	-2.96	0.00	0.00
0	1375	61475994	689	141	692	128	13.34	0	-4.03	-2.95	0.00	0.00
0	1376	61476035	689	141	692	128	13.34	0	-4.04	-2.95	0.00	0.00
0	1377	61476076	688	141	692	128	13.60	0	-4.04	-2.95	0.00	0.00
0	1378	61476117	688	141	692	128	13.60	0	-4.04	-2.95	0.00	200.00
0	1379	61476158	688	141	692	138	5.00	1	-4.04	-2.94	0.00	200.00
0	1380	61476199	688	141	692	145	5.66	1	-4.04	-2.94	0.00	200.00
0	1381	61476239	688	141	692	154	13.60	0	-4.05	-2.94	0.00	200.00
0	1382	61476280	688	141	692	161	20.40	0	-4.05	-2.93	0.00	200.00
0	1383	61476321	687	140	692	171	31.40	0	-4.05	-2.93	0.00	200.00
0	1384	61476362	687	140	692	178	38.33	0	-4.05	-2.93	0.00	200.00
0	1385	61476403	687	140	692	187	47.27	0	-4.05	-2.93	0.00	200.00
0	1386	61476444	687	140	692	194	54.23	0	-4.06	-2.92	0.00	0.00
0	1387	61476485	687	140	692	194	54.23	0	-4.06	-2.92	0.00	0.00
0	1388	61476526	687	140	692	194	54.23	0	-4.06	-2.92	0.00	0.00
0	1389	61476567	686	140	692	194	54.33	0	-4.06	-2.91	0.00	0.00
0	1390	61476608	686	140	692	194	54.33	0	-4.06	-2.91	0.00	0.00
0	1391	61476649	686	139	692	194	55.33	0	-4.07	-2.91	0.00	0.00
0	1392	61476690	686	139	692	194	55.33	0	-4.07	-2.91	0.00	0.00
0	1393	61476731	686	139	692	194	55.33	0	-4.07	-2.90	0.00	0.00
0	1394	61476772	686	139	692	194	55.33	0	-4.07	-2.90	0.00	0.00
0	1395	61476812	685	139	692	194	55.44	0	-4.07	-2.90	0.00	0.00
0	1396	61476853	685	139	692	194	55.44	0	-4.08	-2.90	0.00	0.00
0	1397	61476893	685	139	692	194	55.44	0	-4.08	-2.89	0.00	0.00
0	1398	61476934	685	139	692	194	55.44	0	-4.08	-2.89	0.00	0.00
0	1399	61476975	685	139	692	194	55.44	0	-4.08	-2.89	0.00	0.00
0	1400	61477016	685	138	692	194	56.44	0	-4.08	-2.88	0.00	0.00
0	1401	61477057	684	138	692	194	56.57	0	-4.09	-2.88	0.00	0.00
0	1402	61477098	684	138	692	194	56.57	0	-4.09	-2.88	0.00	0.00
0	1403	61477139	684	138	692	194	56.57	0	-4.09	-2.88	0.00	0.00
0	1404	61477179	684	138	692	194	56.57	0	-4.09	-2.87	0.00	0.00
0	1405	61477220	684	138	692	194	56.57	0	-4.09	-2.87	0.00	0.00
0	1406	61477260	684	138	692	194	56.57	0	-4.10	-2.87	0.00	0.00
0	1407	61477301	683	138	692	194	56.72	0	-4.10	-2.86	0.00	-200.00
0	1408	61477342	683	137	692	187	50.80	0	-4.10	-2.86	0.00	-200.00
0	1409	61477383	683	137	692	178	41.98	0	-4.10	-2.86	0.00	-200.00
0	1410	61477424	683	137	692	171	35.17	0	-4.10	-2.86	0.00	-200.00
0	1411	61477464	683	137	692	161	25.63	0	-4.11	-2.85	0.00	0.00
0	1412	61477505	683	137	692	161	25.63	0	-4.11	-2.85	0.00	0.00
0	1413	61477546	682	137	692	161	26.00	0	-4.11	-2.85	0.00	0.00
0	1414	61477587	682	137	692	161	26.00	0	-4.11	-2.84	0.00	0.00
0	1415	61477628	682	137	692	161	26.00	0	-4.11	-2.84	0.00	0.00
0	1416	61477669	682	137	692	161	26.00	0	-4.12	-2.84	0.00	0.00
0	1417	61477709	682	136	692	161	26.93	0	-4.12	-2.84	0.00	0.00
0	1418	61477750	682	136	692	161	26.93	0	-4.12	-2.83	0.00	0.00
0	1419	61477791	681	136	692	161	27.31	0	-4.12	-2.83	0.00	0.00
0	1420	61477832	681	136	692	161	27.31	0	-4.12	-2.83	0.00	0.00
0	1421	61477873	681	136	692	161	27.31	0	-4.13	-2.82	0.00	0.00
0	1422	61477914	681	136	692	161	27.31	0	-4.13	-2.82	0.00	0.00
0	1423	61477955	681	136	692	161	27.31	0	-4.13	-2.82	0.00	0.00
0	1424	61477996	680	136	692	161	27.73	0	-4.13	-2.82	0.00	0.00
0	1425	61478037	680	135	692	161	28.64	0	-4.13	-2.81	0.00	0.00
0	1426	61478078	680	135	692	161	28.64	0	-4.14	-2.81	-200.00	0.00
0	1427	61478119	680	135	683	161	26.17	0	-4.14	-2.81	-200.00	0.00
0	1428	61478160	680	135	676	161	26.31	0	-4.14	-2.81	-200.00	0.00
0	1429	61478201	680	135	666	161	29.53	0	-4.14	-2.80	0.00	0.00
0	1430	61478242	679	135	666	161	29.07	0	-4.14	-2.80	0.00	0.00
0	1431	61478283	679	135	666	161	29.07	0	-4.15	-2.80	0.00	0.00
0	1432	61478324	679	135	666	161	29.07	0	-4.15	-2.79	0.00	0.00
0	1433	61478365	679	135	666	161	29.07	0	-4.15	-2.79	0.00	0.00
0	1434	61478406	679	134	666	161	29.97	0	-4.15	-2.79	0.00	0.00
0	1435	61478447	679	134	666	161	29.97	0	-4.15	-2.79	0.00	0.00
0	1436	61478488	678	134	666	161	29.55	0	-4.15	-2.78	0.00	0.00
0	1437	61478528	678	134	666	161	29.55	0	-4.16	-2.78	0.00	0.00
0	1438	61478569	678	134	666	161	29.55	0	-4.16	-2.78	0.00	0.00
0	1439	61478610	678	134	666	161	29.55	0	-4.16	-2.77	0.00	0.00
0	1440	61478651	678	134	666	161	29.55	0	-4.16	-2.77	0.00	0.00
0	1441	61478692	678	134	666	161	29.55	0	-4.16	-2.77	0.00	0.00
0	1442	61478733	677	134	666	161	29.15	0	-4.17	-2.77	0.00	0.00
0	1443	61478774	677	133	666	161	30.08	0	-4.17	-2.76	0.00	0.00
0	1444	61478815	677	133	666	161	30.08	0	-4.17	-2.76	0.00	0.00
0	1445	61478856	677	133	666	161	30.08	0	-4.17	-2.76	0.00	0.00
0	1446	61478897	677	133	666	161	30.08	0	-4.17	-2.75	0.00	0.00
0	1447	61478938	677	133	666	161	30.08	0	-4.17	-2.75	0.00	0.00
0	1448	61478979	676	133	666	161	29.73	0	-4.18	-2.75	0.00	0.00
0	1449	61479020	676	133	666	161	29.73	0	-4.18	-2.75	0.00	0.00
0	1450	61479061	676	133	666	161	29.73	0	-4.18	-2.74	0.00	0.00
0	1451	61479102	676	133	666	161	29.73	0	-4.18	-2.74	0.00	0.00
0	1452	61479143	676	132	666	161	30.68	0	-4.18	-2.74	0.00	0.00
0	1453	61479183	676	132	666	161	30.68	0	-4.19	-2.73	0.00	0.00
0	1454	61479224	675	132	666	161	30.36	0	-4.19	-2.73	0.00	0.00
0	1455	61479265	675	132	666	161	30.36	0	-4.19	-2.73	0.00	0.00
0	1456	61479306	675	132	666	161	30.36	0	-4.19	-2.73	0.00	0.00
0	1457	61479347	675	132	666	161	30.36	0	-4.19	-2.72	0.00	0.00
0	1458	61479387	675	132	666	161	30.36	0	-4.20	-2.72	0.00	-200.00
0	1459	61479428	675	132	666	154	23.77	0	-4.20	-2.72	0.00	-200.00
0	1460	61479469	674	132	666	145	15.26	0	-4.20	-2.71	0.00	-200.00
0	1461	61479509	674	131	666	138	10.63	0	-4.20	-2.71	0.00	-200.00
0	1462	61479550	674	131	666	129	8.25	1	-4.20	-2.71	0.00	0.00
0	1463	61479591	674	131	666	129	8.25	1	-4.20	-2.71	0.00	0.00
0	1464	61479632	674	131	666	129	8.25	1	-4.21	-2.70	0.00	0.00
