Pra_Test	PointNum	PointTime	ObjPointX	ObjPointY	PostPointX	PostPointY	Distance	Hit	ObjSpeedX	ObjSpeedY	PostSpeedX	PostSpeedY
1	1	22652355	1259	597	960	600	299.02	0	-0.04	-5.00	0.00	-200.00
1	2	22652396	1259	597	960	594	299.02	0	-0.05	-5.00	0.00	-200.00
1	3	22652437	1259	597	960	585	299.24	0	-0.05	-5.00	0.00	-200.00
1	4	22652477	1259	596	960	576	299.67	0	-0.05	-5.00	0.00	0.00
1	5	22652518	1259	596	960	576	299.67	0	-0.06	-5.00	0.00	0.00
1	6	22652559	1259	596	960	576	299.67	0	-0.06	-5.00	0.00	0.00
1	7	22652600	1259	596	960	576	299.67	0	-0.06	-5.00	0.00	0.00
1	8	22652641	1259	595	960	576	299.60	0	-0.07	-5.00	0.00	0.00
1	9	22652682	1259	595	960	576	299.60	0	-0.07	-5.00	0.00	0.00
1	10	22652722	1259	595	960	576	299.60	0	-0.07	-5.00	0.00	0.00
1	11	22652763	1259	595	960	576	299.60	0	-0.08	-5.00	0.00	0.00
1	12	22652804	1259	595	960	576	299.60	0	-0.08	-5.00	0.00	0.00
1	13	22652844	1259	594	960	576	299.54	0	-0.08	-5.00	200.00	0.00
1	14	22652885	1259	594	968	576	291.56	0	-0.09	-5.00	200.00	0.00
1	15	22652926	1259	594	975	576	284.57	0	-0.09	-5.00	200.00	0.00
1	16	22652967	1259	594	985	576	274.59	0	-0.09	-5.00	0.00	0.00
1	17	22653008	1259	594	985	576	274.59	0	-0.10	-5.00	0.00	0.00
1	18	22653049	1259	593	985	576	274.53	0	-0.10	-5.00	0.00	0.00
1	19	22653090	1259	593	985	576	274.53	0	-0.10	-5.00	0.00	0.00
1	20	22653131	1259	593	985	576	274.53	0	-0.11	-5.00	0.00	0.00
1	21	22653172	1259	593	985	576	274.53	0	-0.11	-5.00	0.00	0.00
1	22	22653213	1259	593	985	576	274.53	0	-0.11	-5.00	0.00	0.00
1	23	22653254	1259	592	985	576	274.47	0	-0.12	-5.00	0.00	0.00
1	24	22653295	1259	592	985	576	274.47	0	-0.12	-5.00	0.00	0.00
1	25	22653336	1259	592	985	576	274.47	0	-0.12	-5.00	0.00	0.00
1	26	22653377	1259	592	985	576	274.47	0	-0.13	-5.00	0.00	0.00
1	27	22653418	1259	592	985	576	274.47	0	-0.13	-5.00	0.00	0.00
1	28	22653458	1259	591	985	576	274.41	0	-0.14	-5.00	0.00	0.00
1	29	22653499	1259	591	985	576	274.41	0	-0.14	-5.00	0.00	0.00
1	30	22653540	1259	591	985	576	274.41	0	-0.14	-5.00	0.00	0.00
1	31	22653581	1259	591	985	576	274.41	0	-0.15	-5.00	0.00	0.00
1	32	22653622	1259	591	985	576	274.41	0	-0.15	-5.00	0.00	0.00
1	33	22653663	1259	590	985	576	274.36	0	-0.15	-5.00	0.00	0.00
1	34	22653704	1259	590	985	576	274.36	0	-0.16	-5.00	0.00	0.00
1	35	22653745	1259	590	985	576	274.36	0	-0.16	-5.00	0.00	0.00
1	36	22653786	1259	590	985	576	274.36	0	-0.16	-5.00	0.00	0.00
1	37	22653827	1259	590	985	576	274.36	0	-0.17	-5.00	0.00	0.00
1	38	22653868	1259	589	985	576	274.31	0	-0.17	-5.00	0.00	0.00
1	39	22653908	1259	589	985	576	274.31	0	-0.17	-5.00	0.00	0.00
1	40	22653949	1259	589	985	576	274.31	0	-0.18	-5.00	0.00	0.00
1	41	22653990	1259	589	985	576	274.31	0	-0.18	-5.00	0.00	0.00
1	42	22654031	1259	588	985	576	274.26	0	-0.18	-5.00	0.00	0.00
1	43	22654072	1259	588	985	576	274.26	0	-0.19	-5.00	0.00	0.00
1	44	22654113	1259	588	985	576	274.26	0	-0.19	-5.00	0.00	0.00
1	45	22654154	1259	588	985	576	274.26	0	-0.19	-5.00	0.00	0.00
1	46	22654195	1259	588	985	576	274.26	0	-0.20	-5.00	0.00	0.00
1	47	22654236	1259	588	985	576	274.26	0	-0.20	-5.00	0.00	0.00
1	48	22654277	1259	587	985	576	274.22	0	-0.20	-5.00	0.00	0.00
1	49	22654318	1259	587	985	576	274.22	0	-0.21	-5.00	0.00	0.00
1	50	22654358	1259	587	985	576	274.22	0	-0.21	-5.00	0.00	0.00
1	51	22654399	1259	587	985	576	274.22	0	-0.21	-5.00	0.00	0.00
1	52	22654439	1259	586	985	576	274.18	0	-0.22	-5.00	0.00	0.00
1	53	22654480	1259	586	985	576	274.18	0	-0.22	-5.00	0.00	0.00
1	54	22654521	1259	586	985	576	274.18	0	-0.22	-4.99	0.00	0.00
1	55	22654562	1259	586	985	576	274.18	0	-0.23	-4.99	0.00	0.00
1	56	22654603	1259	586	985	576	274.18	0	-0.23	-4.99	0.00	0.00
1	57	22654644	1259	585	985	576	274.15	0	-0.23	-4.99	0.00	0.00
1	58	22654684	1259	585	985	576	274.15	0	-0.24	-4.99	0.00	0.00
1	59	22654724	1259	585	985	576	274.15	0	-0.24	-4.99	0.00	0.00
1	60	22654765	1259	585	985	576	274.15	0	-0.24	-4.99	0.00	0.00
1	61	22654806	1259	585	985	576	274.15	0	-0.25	-4.99	0.00	0.00
1	62	22654847	1259	584	985	576	274.12	0	-0.25	-4.99	0.00	0.00
1	63	22654888	1259	584	985	576	274.12	0	-0.25	-4.99	0.00	0.00
1	64	22654929	1259	584	985	576	274.12	0	-0.26	-4.99	0.00	0.00
1	65	22654969	1259	584	985	576	274.12	0	-0.26	-4.99	0.00	0.00
1	66	22655009	1259	584	985	576	274.12	0	-0.26	-4.99	0.00	0.00
1	67	22655050	1259	583	985	576	274.09	0	-0.27	-4.99	0.00	0.00
1	68	22655090	1259	583	985	576	274.09	0	-0.27	-4.99	0.00	0.00
1	69	22655131	1259	583	985	576	274.09	0	-0.28	-4.99	0.00	0.00
1	70	22655172	1259	583	985	576	274.09	0	-0.28	-4.99	0.00	0.00
1	71	22655212	1259	583	985	576	274.09	0	-0.28	-4.99	0.00	0.00
1	72	22655253	1259	582	985	576	274.07	0	-0.29	-4.99	0.00	0.00
1	73	22655293	1259	582	985	576	274.07	0	-0.29	-4.99	0.00	0.00
1	74	22655334	1259	582	985	576	274.07	0	-0.29	-4.99	0.00	0.00
1	75	22655374	1259	582	985	576	274.07	0	-0.30	-4.99	0.00	0.00
1	76	22655415	1259	582	985	576	274.07	0	-0.30	-4.99	0.00	0.00
1	77	22655456	1259	581	985	576	274.05	0	-0.30	-4.99	0.00	0.00
1	78	22655496	1259	581	985	576	274.05	0	-0.31	-4.99	0.00	0.00
1	79	22655537	1259	581	985	576	274.05	0	-0.31	-4.99	0.00	0.00
1	80	22655578	1259	581	985	576	274.05	0	-0.31	-4.99	0.00	0.00
1	81	22655618	1259	581	985	576	274.05	0	-0.32	-4.99	0.00	0.00
1	82	22655659	1259	580	985	576	274.03	0	-0.32	-4.99	0.00	0.00
1	83	22655701	1259	580	985	576	274.03	0	-0.32	-4.99	0.00	0.00
1	84	22655741	1259	580	985	576	274.03	0	-0.33	-4.99	0.00	0.00
1	85	22655781	1259	580	985	576	274.03	0	-0.33	-4.99	0.00	0.00
1	86	22655822	1259	579	985	576	274.02	0	-0.33	-4.99	0.00	0.00
1	87	22655863	1259	579	985	576	274.02	0	-0.34	-4.99	0.00	0.00
1	88	22655904	1259	579	985	576	274.02	0	-0.34	-4.99	0.00	0.00
1	89	22655945	1259	579	985	576	274.02	0	-0.34	-4.99	0.00	0.00
1	90	22655986	1259	579	985	576	274.02	0	-0.35	-4.99	0.00	0.00
1	91	22656027	1259	578	985	576	274.01	0	-0.35	-4.99	0.00	0.00
1	92	22656068	1259	578	985	576	274.01	0	-0.35	-4.99	0.00	0.00
1	93	22656109	1259	578	985	576	274.01	0	-0.36	-4.99	0.00	0.00
1	94	22656150	1259	578	985	576	274.01	0	-0.36	-4.99	0.00	0.00
1	95	22656191	1259	578	985	576	274.01	0	-0.36	-4.99	0.00	0.00
1	96	22656232	1259	577	985	576	274.00	0	-0.37	-4.99	0.00	0.00
1	97	22656273	1259	577	985	576	274.00	0	-0.37	-4.99	0.00	0.00
1	98	22656314	1259	577	985	576	274.00	0	-0.37	-4.99	0.00	0.00
1	99	22656355	1259	577	985	576	274.00	0	-0.38	-4.99	0.00	0.00
1	100	22656396	1259	577	985	576	274.00	0	-0.38	-4.99	0.00	0.00
1	101	22656437	1259	576	985	576	274.00	0	-0.38	-4.99	0.00	0.00
1	102	22656478	1259	576	985	576	274.00	0	-0.39	-4.98	0.00	0.00
1	103	22656519	1259	576	985	576	274.00	0	-0.39	-4.98	0.00	0.00
1	104	22656560	1259	576	985	576	274.00	0	-0.40	-4.98	0.00	0.00
1	105	22656601	1259	576	985	576	274.00	0	-0.40	-4.98	0.00	0.00
1	106	22656642	1259	575	985	576	274.00	0	-0.40	-4.98	0.00	0.00
1	107	22656683	1259	575	985	576	274.00	0	-0.40	-4.98	0.00	0.00
1	108	22656723	1258	575	985	576	273.00	0	-0.41	-4.98	0.00	0.00
1	109	22656764	1258	575	985	576	273.00	0	-0.41	-4.98	0.00	0.00
1	110	22656805	1258	575	985	576	273.00	0	-0.42	-4.98	0.00	0.00
1	111	22656846	1258	574	985	576	273.01	0	-0.42	-4.98	0.00	0.00
1	112	22656887	1258	574	985	576	273.01	0	-0.42	-4.98	0.00	0.00
1	113	22656928	1258	574	985	576	273.01	0	-0.43	-4.98	0.00	0.00
1	114	22656969	1258	574	985	576	273.01	0	-0.43	-4.98	0.00	0.00
1	115	22657009	1258	574	985	576	273.01	0	-0.43	-4.98	0.00	0.00
1	116	22657050	1258	573	985	576	273.02	0	-0.44	-4.98	0.00	0.00
1	117	22657091	1258	573	985	576	273.02	0	-0.44	-4.98	0.00	0.00
1	118	22657132	1258	573	985	576	273.02	0	-0.44	-4.98	0.00	0.00
1	119	22657173	1258	573	985	576	273.02	0	-0.45	-4.98	0.00	0.00
1	120	22657213	1258	573	985	576	273.02	0	-0.45	-4.98	0.00	0.00
1	121	22657254	1258	572	985	576	273.03	0	-0.45	-4.98	0.00	0.00
1	122	22657295	1258	572	985	576	273.03	0	-0.46	-4.98	0.00	0.00
1	123	22657336	1258	572	985	576	273.03	0	-0.46	-4.98	0.00	0.00
1	124	22657377	1258	572	985	576	273.03	0	-0.46	-4.98	0.00	0.00
1	125	22657417	1258	572	985	576	273.03	0	-0.47	-4.98	0.00	0.00
1	126	22657458	1258	571	985	576	273.05	0	-0.47	-4.98	0.00	0.00
1	127	22657498	1258	571	985	576	273.05	0	-0.47	-4.98	0.00	0.00
1	128	22657539	1258	571	985	576	273.05	0	-0.48	-4.98	0.00	0.00
1	129	22657580	1258	571	985	576	273.05	0	-0.48	-4.98	0.00	0.00
1	130	22657620	1258	570	985	576	273.07	0	-0.48	-4.98	0.00	0.00
1	131	22657661	1258	570	985	576	273.07	0	-0.49	-4.98	0.00	0.00
1	132	22657702	1258	570	985	576	273.07	0	-0.49	-4.98	0.00	0.00
1	133	22657743	1258	570	985	576	273.07	0	-0.49	-4.98	0.00	0.00
1	134	22657784	1258	570	985	576	273.07	0	-0.50	-4.98	0.00	0.00
1	135	22657825	1258	569	985	576	273.09	0	-0.50	-4.97	0.00	0.00
1	136	22657866	1258	569	985	576	273.09	0	-0.50	-4.97	0.00	0.00
1	137	22657907	1258	569	985	576	273.09	0	-0.51	-4.97	0.00	0.00
1	138	22657948	1258	569	985	576	273.09	0	-0.51	-4.97	0.00	0.00
1	139	22657989	1258	569	985	576	273.09	0	-0.51	-4.97	0.00	0.00
1	140	22658030	1258	568	985	576	273.12	0	-0.52	-4.97	0.00	0.00
1	141	22658071	1258	568	985	576	273.12	0	-0.52	-4.97	0.00	0.00
1	142	22658112	1258	568	985	576	273.12	0	-0.52	-4.97	0.00	0.00
1	143	22658153	1258	568	985	576	273.12	0	-0.53	-4.97	0.00	0.00
1	144	22658194	1258	568	985	576	273.12	0	-0.53	-4.97	0.00	0.00
1	145	22658235	1258	567	985	576	273.15	0	-0.53	-4.97	0.00	0.00
1	146	22658276	1258	567	985	576	273.15	0	-0.54	-4.97	0.00	0.00
1	147	22658318	1258	567	985	576	273.15	0	-0.54	-4.97	0.00	0.00
1	148	22658358	1258	567	985	576	273.15	0	-0.54	-4.97	0.00	0.00
1	149	22658398	1258	567	985	576	273.15	0	-0.55	-4.97	0.00	0.00
1	150	22658438	1258	566	985	576	273.18	0	-0.55	-4.97	0.00	0.00
1	151	22658478	1258	566	985	576	273.18	0	-0.55	-4.97	0.00	0.00
1	152	22658519	1258	566	985	576	273.18	0	-0.56	-4.97	0.00	0.00
1	153	22658559	1258	566	985	576	273.18	0	-0.56	-4.97	0.00	0.00
1	154	22658600	1258	566	985	576	273.18	0	-0.57	-4.97	0.00	0.00
1	155	22658641	1258	565	985	576	273.22	0	-0.57	-4.97	0.00	0.00
1	156	22658682	1258	565	985	576	273.22	0	-0.57	-4.97	0.00	0.00
1	157	22658723	1258	565	985	576	273.22	0	-0.57	-4.97	0.00	0.00
1	158	22658764	1257	565	985	576	272.22	0	-0.58	-4.97	0.00	0.00
1	159	22658805	1257	565	985	576	272.22	0	-0.58	-4.97	0.00	0.00
1	160	22658846	1257	564	985	576	272.26	0	-0.59	-4.97	0.00	0.00
1	161	22658887	1257	564	985	576	272.26	0	-0.59	-4.97	0.00	0.00
1	162	22658928	1257	564	985	576	272.26	0	-0.59	-4.96	0.00	0.00
1	163	22658969	1257	564	985	576	272.26	0	-0.60	-4.96	0.00	0.00
1	164	22659010	1257	564	985	576	272.26	0	-0.60	-4.96	0.00	0.00
1	165	22659051	1257	563	985	576	272.31	0	-0.60	-4.96	0.00	0.00
1	166	22659092	1257	563	985	576	272.31	0	-0.61	-4.96	0.00	0.00
1	167	22659133	1257	563	985	576	272.31	0	-0.61	-4.96	0.00	0.00
1	168	22659174	1257	563	985	576	272.31	0	-0.61	-4.96	0.00	0.00
1	169	22659215	1257	563	985	576	272.31	0	-0.62	-4.96	0.00	0.00
1	170	22659256	1257	562	985	576	272.36	0	-0.62	-4.96	0.00	0.00
1	171	22659297	1257	562	985	576	272.36	0	-0.62	-4.96	0.00	0.00
1	172	22659338	1257	562	985	576	272.36	0	-0.63	-4.96	0.00	0.00
1	173	22659379	1257	562	985	576	272.36	0	-0.63	-4.96	0.00	0.00
1	174	22659419	1257	562	985	576	272.36	0	-0.63	-4.96	0.00	0.00
1	175	22659460	1257	561	985	576	272.41	0	-0.64	-4.96	0.00	0.00
1	176	22659500	1257	561	985	576	272.41	0	-0.64	-4.96	0.00	0.00
1	177	22659541	1257	561	985	576	272.41	0	-0.64	-4.96	0.00	0.00
1	178	22659582	1257	561	985	576	272.41	0	-0.65	-4.96	0.00	0.00
1	179	22659623	1257	561	985	576	272.41	0	-0.65	-4.96	0.00	0.00
1	180	22659664	1257	560	985	576	272.47	0	-0.65	-4.96	0.00	0.00
1	181	22659705	1257	560	985	576	272.47	0	-0.66	-4.96	0.00	0.00
1	182	22659746	1257	560	985	576	272.47	0	-0.66	-4.96	0.00	0.00
1	183	22659787	1257	560	985	576	272.47	0	-0.66	-4.96	0.00	0.00
1	184	22659827	1257	560	985	576	272.47	0	-0.67	-4.96	0.00	0.00
1	185	22659868	1257	559	985	576	272.53	0	-0.67	-4.95	0.00	0.00
1	186	22659909	1257	559	985	576	272.53	0	-0.67	-4.95	0.00	0.00
1	187	22659950	1257	559	985	576	272.53	0	-0.68	-4.95	0.00	0.00
1	188	22659991	1257	559	985	576	272.53	0	-0.68	-4.95	0.00	0.00
1	189	22660032	1257	558	985	576	272.59	0	-0.68	-4.95	0.00	0.00
1	190	22660073	1257	558	985	576	272.59	0	-0.69	-4.95	0.00	0.00
1	191	22660114	1257	558	985	576	272.59	0	-0.69	-4.95	0.00	0.00
1	192	22660155	1257	558	985	576	272.59	0	-0.69	-4.95	0.00	0.00
1	193	22660196	1257	558	985	576	272.59	0	-0.70	-4.95	0.00	0.00
1	194	22660237	1257	557	985	576	272.66	0	-0.70	-4.95	0.00	0.00
1	195	22660277	1257	557	985	576	272.66	0	-0.70	-4.95	0.00	0.00
1	196	22660318	1256	557	985	576	271.67	0	-0.71	-4.95	0.00	0.00
1	197	22660359	1256	557	985	576	271.67	0	-0.71	-4.95	0.00	0.00
1	198	22660400	1256	557	985	576	271.67	0	-0.71	-4.95	0.00	0.00
1	199	22660441	1256	556	985	576	271.74	0	-0.72	-4.95	0.00	0.00
1	200	22660482	1256	556	985	576	271.74	0	-0.72	-4.95	0.00	0.00
1	201	22660522	1256	556	985	576	271.74	0	-0.72	-4.95	0.00	0.00
1	202	22660563	1256	556	985	576	271.74	0	-0.73	-4.95	0.00	0.00
1	203	22660604	1256	556	985	576	271.74	0	-0.73	-4.95	0.00	0.00
1	204	22660645	1256	555	985	576	271.81	0	-0.73	-4.95	0.00	0.00
1	205	22660686	1256	555	985	576	271.81	0	-0.74	-4.95	0.00	0.00
1	206	22660726	1256	555	985	576	271.81	0	-0.74	-4.94	0.00	0.00
1	207	22660767	1256	555	985	576	271.81	0	-0.74	-4.94	0.00	0.00
1	208	22660808	1256	555	985	576	271.81	0	-0.75	-4.94	0.00	0.00
1	209	22660849	1256	554	985	576	271.89	0	-0.75	-4.94	0.00	0.00
1	210	22660890	1256	554	985	576	271.89	0	-0.76	-4.94	0.00	0.00
1	211	22660930	1256	554	985	576	271.89	0	-0.76	-4.94	0.00	0.00
1	212	22660971	1256	554	985	576	271.89	0	-0.76	-4.94	0.00	0.00
1	213	22661011	1256	554	985	576	271.89	0	-0.76	-4.94	0.00	0.00
1	214	22661052	1256	553	985	576	271.97	0	-0.77	-4.94	0.00	0.00
1	215	22661093	1256	553	985	576	271.97	0	-0.77	-4.94	0.00	0.00
1	216	22661134	1256	553	985	576	271.97	0	-0.78	-4.94	0.00	0.00
1	217	22661174	1256	553	985	576	271.97	0	-0.78	-4.94	0.00	0.00
1	218	22661215	1256	553	985	576	271.97	0	-0.78	-4.94	0.00	0.00
1	219	22661256	1256	552	985	576	272.06	0	-0.79	-4.94	0.00	0.00
1	220	22661297	1256	552	985	576	272.06	0	-0.79	-4.94	0.00	0.00
1	221	22661337	1256	552	985	576	272.06	0	-0.79	-4.94	0.00	0.00
1	222	22661377	1256	552	985	576	272.06	0	-0.79	-4.94	0.00	0.00
1	223	22661418	1256	552	985	576	272.06	0	-0.80	-4.94	0.00	0.00
1	224	22661459	1256	551	985	576	272.15	0	-0.80	-4.94	0.00	0.00
1	225	22661500	1256	551	985	576	272.15	0	-0.81	-4.93	0.00	0.00
1	226	22661540	1256	551	985	576	272.15	0	-0.81	-4.93	0.00	0.00
1	227	22661581	1256	551	985	576	272.15	0	-0.81	-4.93	0.00	0.00
1	228	22661622	1255	551	985	576	271.15	0	-0.82	-4.93	0.00	0.00
1	229	22661663	1255	550	985	576	271.25	0	-0.82	-4.93	0.00	0.00
1	230	22661704	1255	550	985	576	271.25	0	-0.82	-4.93	0.00	0.00
1	231	22661744	1255	550	985	576	271.25	0	-0.83	-4.93	0.00	0.00
1	232	22661785	1255	550	985	576	271.25	0	-0.83	-4.93	0.00	0.00
1	233	22661826	1255	550	985	576	271.25	0	-0.83	-4.93	0.00	0.00
1	234	22661867	1255	549	985	576	271.35	0	-0.84	-4.93	0.00	0.00
1	235	22661908	1255	549	985	576	271.35	0	-0.84	-4.93	0.00	0.00
1	236	22661949	1255	549	985	576	271.35	0	-0.84	-4.93	0.00	0.00
1	237	22661990	1255	549	985	576	271.35	0	-0.85	-4.93	0.00	0.00
1	238	22662031	1255	549	985	576	271.35	0	-0.85	-4.93	0.00	0.00
1	239	22662071	1255	548	985	576	271.45	0	-0.85	-4.93	0.00	0.00
1	240	22662112	1255	548	985	576	271.45	0	-0.86	-4.93	0.00	0.00
1	241	22662153	1255	548	985	576	271.45	0	-0.86	-4.93	0.00	0.00
1	242	22662194	1255	548	985	576	271.45	0	-0.86	-4.93	0.00	0.00
1	243	22662235	1255	548	985	576	271.45	0	-0.87	-4.92	0.00	0.00
1	244	22662276	1255	547	985	576	271.55	0	-0.87	-4.92	0.00	0.00
1	245	22662317	1255	547	985	576	271.55	0	-0.87	-4.92	0.00	0.00
1	246	22662358	1255	547	985	576	271.55	0	-0.88	-4.92	0.00	0.00
1	247	22662398	1255	547	985	576	271.55	0	-0.88	-4.92	0.00	0.00
1	248	22662439	1255	547	985	576	271.55	0	-0.88	-4.92	0.00	0.00
1	249	22662480	1255	546	985	576	271.66	0	-0.89	-4.92	0.00	0.00
1	250	22662521	1255	546	985	576	271.66	0	-0.89	-4.92	0.00	0.00
1	251	22662562	1255	546	985	576	271.66	0	-0.89	-4.92	0.00	0.00
1	252	22662602	1255	546	985	576	271.66	0	-0.90	-4.92	0.00	0.00
1	253	22662643	1255	546	985	576	271.66	0	-0.90	-4.92	0.00	0.00
1	254	22662684	1255	545	985	576	271.77	0	-0.90	-4.92	0.00	0.00
1	255	22662725	1255	545	985	576	271.77	0	-0.91	-4.92	0.00	0.00
1	256	22662766	1254	545	985	576	270.78	0	-0.91	-4.92	0.00	0.00
1	257	22662806	1254	545	985	576	270.78	0	-0.91	-4.92	0.00	0.00
1	258	22662847	1254	545	985	576	270.78	0	-0.92	-4.92	0.00	0.00
1	259	22662888	1254	544	985	576	270.90	0	-0.92	-4.91	0.00	0.00
1	260	22662929	1254	544	985	576	270.90	0	-0.92	-4.91	0.00	0.00
1	261	22662970	1254	544	985	576	270.90	0	-0.93	-4.91	0.00	0.00
1	262	22663010	1254	544	985	576	270.90	0	-0.93	-4.91	0.00	0.00
1	263	22663051	1254	544	985	576	270.90	0	-0.93	-4.91	0.00	0.00
1	264	22663092	1254	543	985	576	271.02	0	-0.94	-4.91	0.00	0.00
1	265	22663133	1254	543	985	576	271.02	0	-0.94	-4.91	0.00	0.00
1	266	22663174	1254	543	985	576	271.02	0	-0.94	-4.91	0.00	0.00
1	267	22663215	1254	543	985	576	271.02	0	-0.95	-4.91	0.00	0.00
1	268	22663256	1254	542	985	576	271.14	0	-0.95	-4.91	0.00	0.00
1	269	22663297	1254	542	985	576	271.14	0	-0.95	-4.91	0.00	0.00
1	270	22663337	1254	542	985	576	271.14	0	-0.96	-4.91	0.00	0.00
1	271	22663378	1254	542	985	576	271.14	0	-0.96	-4.91	0.00	0.00
1	272	22663418	1254	542	985	576	271.14	0	-0.96	-4.91	0.00	0.00
1	273	22663459	1254	542	985	576	271.14	0	-0.97	-4.91	0.00	0.00
1	274	22663500	1254	541	985	576	271.27	0	-0.97	-4.90	0.00	0.00
1	275	22663541	1254	541	985	576	271.27	0	-0.97	-4.90	0.00	0.00
1	276	22663582	1254	541	985	576	271.27	0	-0.98	-4.90	0.00	0.00
1	277	22663623	1254	541	985	576	271.27	0	-0.98	-4.90	0.00	0.00
1	278	22663664	1254	540	985	576	271.40	0	-0.98	-4.90	0.00	0.00
1	279	22663704	1254	540	985	576	271.40	0	-0.99	-4.90	0.00	0.00
1	280	22663745	1254	540	985	576	271.40	0	-0.99	-4.90	0.00	0.00
1	281	22663786	1254	540	985	576	271.40	0	-0.99	-4.90	0.00	0.00
1	282	22663827	1253	540	985	576	270.41	0	-1.00	-4.90	0.00	0.00
1	283	22663868	1253	539	985	576	270.54	0	-1.00	-4.90	0.00	0.00
1	284	22663908	1253	539	985	576	270.54	0	-1.00	-4.90	0.00	0.00
1	285	22663949	1253	539	985	576	270.54	0	-1.01	-4.90	0.00	0.00
1	286	22663990	1253	539	985	576	270.54	0	-1.01	-4.90	0.00	0.00
1	287	22664031	1253	539	985	576	270.54	0	-1.01	-4.90	0.00	0.00
1	288	22664072	1253	539	985	576	270.54	0	-1.02	-4.90	0.00	0.00
1	289	22664112	1253	538	985	576	270.68	0	-1.02	-4.89	0.00	0.00
1	290	22664153	1253	538	985	576	270.68	0	-1.02	-4.89	0.00	0.00
1	291	22664194	1253	538	985	576	270.68	0	-1.03	-4.89	0.00	0.00
1	292	22664235	1253	538	985	576	270.68	0	-1.03	-4.89	0.00	0.00
1	293	22664276	1253	538	985	576	270.68	0	-1.03	-4.89	0.00	0.00
1	294	22664317	1253	537	985	576	270.82	0	-1.04	-4.89	0.00	0.00
1	295	22664358	1253	537	985	576	270.82	0	-1.04	-4.89	0.00	0.00
1	296	22664399	1253	537	985	576	270.82	0	-1.04	-4.89	0.00	0.00
1	297	22664439	1253	537	985	576	270.82	0	-1.05	-4.89	0.00	0.00
1	298	22664480	1253	536	985	576	270.97	0	-1.05	-4.89	0.00	0.00
1	299	22664521	1253	536	985	576	270.97	0	-1.05	-4.89	0.00	0.00
1	300	22664562	1253	536	985	576	270.97	0	-1.06	-4.89	0.00	0.00
1	301	22664603	1253	536	985	576	270.97	0	-1.06	-4.89	0.00	0.00
1	302	22664643	1253	536	985	576	270.97	0	-1.06	-4.89	0.00	0.00
1	303	22664683	1253	535	985	576	271.12	0	-1.07	-4.88	0.00	0.00
1	304	22664724	1253	535	985	576	271.12	0	-1.07	-4.88	0.00	0.00
1	305	22664765	1253	535	985	576	271.12	0	-1.07	-4.88	0.00	0.00
1	306	22664806	1252	535	985	576	270.13	0	-1.08	-4.88	0.00	0.00
1	307	22664847	1252	535	985	576	270.13	0	-1.08	-4.88	0.00	0.00
1	308	22664888	1252	534	985	576	270.28	0	-1.08	-4.88	0.00	0.00
1	309	22664929	1252	534	985	576	270.28	0	-1.09	-4.88	0.00	0.00
1	310	22664969	1252	534	985	576	270.28	0	-1.09	-4.88	0.00	0.00
1	311	22665010	1252	534	985	576	270.28	0	-1.09	-4.88	0.00	0.00
1	312	22665051	1252	534	985	576	270.28	0	-1.10	-4.88	0.00	0.00
1	313	22665092	1252	533	985	576	270.44	0	-1.10	-4.88	0.00	0.00
1	314	22665133	1252	533	985	576	270.44	0	-1.10	-4.88	0.00	0.00
1	315	22665174	1252	533	985	576	270.44	0	-1.11	-4.88	0.00	0.00
1	316	22665215	1252	533	985	576	270.44	0	-1.11	-4.88	0.00	0.00
1	317	22665256	1252	533	985	576	270.44	0	-1.11	-4.87	0.00	0.00
1	318	22665297	1252	532	985	576	270.60	0	-1.12	-4.87	0.00	0.00
1	319	22665338	1252	532	985	576	270.60	0	-1.12	-4.87	0.00	0.00
1	320	22665378	1252	532	985	576	270.60	0	-1.12	-4.87	0.00	0.00
1	321	22665419	1252	532	985	576	270.60	0	-1.13	-4.87	0.00	0.00
1	322	22665460	1252	532	985	576	270.60	0	-1.13	-4.87	0.00	0.00
1	323	22665500	1252	531	985	576	270.77	0	-1.13	-4.87	0.00	0.00
1	324	22665541	1252	531	985	576	270.77	0	-1.14	-4.87	0.00	0.00
1	325	22665582	1252	531	985	576	270.77	0	-1.14	-4.87	0.00	0.00
1	326	22665622	1252	531	985	576	270.77	0	-1.14	-4.87	0.00	0.00
1	327	22665663	1251	531	985	576	269.78	0	-1.15	-4.87	0.00	0.00
1	328	22665704	1251	530	985	576	269.95	0	-1.15	-4.87	0.00	0.00
1	329	22665745	1251	530	985	576	269.95	0	-1.15	-4.87	0.00	0.00
1	330	22665786	1251	530	985	576	269.95	0	-1.16	-4.86	0.00	0.00
1	331	22665827	1251	530	985	576	269.95	0	-1.16	-4.86	0.00	0.00
1	332	22665868	1251	530	985	576	269.95	0	-1.16	-4.86	0.00	0.00
1	333	22665909	1251	530	985	576	269.95	0	-1.17	-4.86	0.00	0.00
1	334	22665949	1251	529	985	576	270.12	0	-1.17	-4.86	0.00	0.00
1	335	22665990	1251	529	985	576	270.12	0	-1.17	-4.86	0.00	0.00
1	336	22666030	1251	529	985	576	270.12	0	-1.18	-4.86	0.00	0.00
1	337	22666071	1251	529	985	576	270.12	0	-1.18	-4.86	0.00	0.00
1	338	22666112	1251	528	985	576	270.30	0	-1.18	-4.86	0.00	0.00
1	339	22666152	1251	528	985	576	270.30	0	-1.19	-4.86	0.00	0.00
1	340	22666193	1251	528	985	576	270.30	0	-1.19	-4.86	0.00	0.00
1	341	22666234	1251	528	985	576	270.30	0	-1.19	-4.86	0.00	0.00
1	342	22666274	1251	528	985	576	270.30	0	-1.20	-4.85	0.00	0.00
1	343	22666315	1251	527	985	576	270.48	0	-1.20	-4.85	0.00	0.00
1	344	22666356	1251	527	985	576	270.48	0	-1.20	-4.85	0.00	0.00
1	345	22666397	1251	527	985	576	270.48	0	-1.21	-4.85	0.00	0.00
1	346	22666438	1251	527	985	576	270.48	0	-1.21	-4.85	0.00	0.00
1	347	22666479	1251	527	985	576	270.48	0	-1.21	-4.85	0.00	0.00
1	348	22666520	1250	526	985	576	269.68	0	-1.22	-4.85	0.00	0.00
1	349	22666561	1250	526	985	576	269.68	0	-1.22	-4.85	0.00	0.00
1	350	22666602	1250	526	985	576	269.68	0	-1.22	-4.85	0.00	0.00
1	351	22666643	1250	526	985	576	269.68	0	-1.23	-4.85	0.00	0.00
1	352	22666684	1250	526	985	576	269.68	0	-1.23	-4.85	0.00	0.00
1	353	22666725	1250	525	985	576	269.86	0	-1.23	-4.85	0.00	0.00
1	354	22666766	1250	525	985	576	269.86	0	-1.24	-4.84	0.00	0.00
1	355	22666806	1250	525	985	576	269.86	0	-1.24	-4.84	0.00	0.00
1	356	22666847	1250	525	985	576	269.86	0	-1.24	-4.84	0.00	0.00
1	357	22666887	1250	525	985	576	269.86	0	-1.25	-4.84	0.00	0.00
1	358	22666928	1250	524	985	576	270.05	0	-1.25	-4.84	0.00	0.00
1	359	22666969	1250	524	985	576	270.05	0	-1.25	-4.84	0.00	0.00
1	360	22667010	1250	524	985	576	270.05	0	-1.26	-4.84	0.00	0.00
1	361	22667051	1250	524	985	576	270.05	0	-1.26	-4.84	0.00	0.00
1	362	22667092	1250	524	985	576	270.05	0	-1.26	-4.84	0.00	0.00
1	363	22667133	1250	524	985	576	270.05	0	-1.27	-4.84	0.00	0.00
1	364	22667174	1250	523	985	576	270.25	0	-1.27	-4.84	0.00	0.00
1	365	22667215	1250	523	985	576	270.25	0	-1.27	-4.84	0.00	0.00
1	366	22667256	1250	523	985	576	270.25	0	-1.28	-4.83	0.00	0.00
1	367	22667297	1250	523	985	576	270.25	0	-1.28	-4.83	0.00	0.00
1	368	22667338	1249	523	985	576	269.27	0	-1.28	-4.83	0.00	0.00
1	369	22667379	1249	522	985	576	269.47	0	-1.29	-4.83	0.00	0.00
1	370	22667420	1249	522	985	576	269.47	0	-1.29	-4.83	0.00	0.00
1	371	22667460	1249	522	985	576	269.47	0	-1.29	-4.83	0.00	0.00
1	372	22667500	1249	522	985	576	269.47	0	-1.30	-4.83	0.00	0.00
1	373	22667540	1249	522	985	576	269.47	0	-1.30	-4.83	0.00	0.00
1	374	22667581	1249	521	985	576	269.67	0	-1.30	-4.83	0.00	0.00
1	375	22667621	1249	521	985	576	269.67	0	-1.31	-4.83	0.00	0.00
1	376	22667662	1249	521	985	576	269.67	0	-1.31	-4.83	0.00	0.00
1	377	22667703	1249	521	985	576	269.67	0	-1.31	-4.82	0.00	0.00
1	378	22667743	1249	521	985	576	269.67	0	-1.32	-4.82	0.00	0.00
1	379	22667784	1249	520	985	576	269.87	0	-1.32	-4.82	0.00	0.00
1	380	22667825	1249	520	985	576	269.87	0	-1.32	-4.82	0.00	0.00
1	381	22667865	1249	520	985	576	269.87	0	-1.33	-4.82	0.00	0.00
1	382	22667906	1249	520	985	576	269.87	0	-1.33	-4.82	0.00	0.00
1	383	22667947	1249	520	985	576	269.87	0	-1.33	-4.82	0.00	0.00
1	384	22667988	1249	519	985	576	270.08	0	-1.34	-4.82	0.00	0.00
1	385	22668029	1249	519	985	576	270.08	0	-1.34	-4.82	0.00	0.00
1	386	22668070	1248	519	985	576	269.11	0	-1.34	-4.82	0.00	0.00
1	387	22668110	1248	519	985	576	269.11	0	-1.35	-4.82	0.00	0.00
1	388	22668151	1248	519	985	576	269.11	0	-1.35	-4.81	0.00	0.00
1	389	22668191	1248	518	985	576	269.32	0	-1.35	-4.81	0.00	0.00
1	390	22668231	1248	518	985	576	269.32	0	-1.36	-4.81	0.00	0.00
1	391	22668272	1248	518	985	576	269.32	0	-1.36	-4.81	0.00	0.00
1	392	22668312	1248	518	985	576	269.32	0	-1.36	-4.81	0.00	0.00
1	393	22668352	1248	518	985	576	269.32	0	-1.37	-4.81	0.00	0.00
1	394	22668393	1248	517	985	576	269.54	0	-1.37	-4.81	0.00	0.00
1	395	22668433	1248	517	985	576	269.54	0	-1.37	-4.81	0.00	0.00
1	396	22668474	1248	517	985	576	269.54	0	-1.38	-4.81	0.00	0.00
1	397	22668514	1248	517	985	576	269.54	0	-1.38	-4.81	0.00	0.00
1	398	22668555	1248	517	985	576	269.54	0	-1.38	-4.81	0.00	0.00
1	399	22668596	1248	516	985	576	269.76	0	-1.38	-4.80	0.00	0.00
1	400	22668637	1248	516	985	576	269.76	0	-1.39	-4.80	0.00	0.00
1	401	22668678	1248	516	985	576	269.76	0	-1.39	-4.80	0.00	0.00
1	402	22668719	1248	516	985	576	269.76	0	-1.39	-4.80	0.00	0.00
1	403	22668760	1248	516	985	576	269.76	0	-1.40	-4.80	0.00	0.00
1	404	22668800	1247	515	985	576	269.01	0	-1.40	-4.80	0.00	0.00
1	405	22668841	1247	515	985	576	269.01	0	-1.40	-4.80	0.00	0.00
1	406	22668882	1247	515	985	576	269.01	0	-1.41	-4.80	0.00	0.00
1	407	22668923	1247	515	985	576	269.01	0	-1.41	-4.80	0.00	0.00
1	408	22668964	1247	515	985	576	269.01	0	-1.41	-4.80	0.00	0.00
1	409	22669005	1247	514	985	576	269.24	0	-1.42	-4.79	0.00	0.00
1	410	22669046	1247	514	985	576	269.24	0	-1.42	-4.79	0.00	0.00
1	411	22669087	1247	514	985	576	269.24	0	-1.42	-4.79	0.00	0.00
1	412	22669127	1247	514	985	576	269.24	0	-1.43	-4.79	0.00	0.00
1	413	22669168	1247	514	985	576	269.24	0	-1.43	-4.79	0.00	0.00
1	414	22669208	1247	513	985	576	269.47	0	-1.43	-4.79	0.00	0.00
1	415	22669249	1247	513	985	576	269.47	0	-1.44	-4.79	0.00	0.00
1	416	22669290	1247	513	985	576	269.47	0	-1.44	-4.79	0.00	0.00
1	417	22669331	1247	513	985	576	269.47	0	-1.44	-4.79	0.00	0.00
1	418	22669372	1247	513	985	576	269.47	0	-1.45	-4.79	0.00	0.00
1	419	22669413	1247	512	985	576	269.70	0	-1.45	-4.78	0.00	0.00
1	420	22669453	1247	512	985	576	269.70	0	-1.45	-4.78	0.00	0.00
1	421	22669493	1246	512	985	576	268.73	0	-1.46	-4.78	0.00	0.00
1	422	22669534	1246	512	985	576	268.73	0	-1.46	-4.78	0.00	0.00
1	423	22669575	1246	512	985	576	268.73	0	-1.46	-4.78	0.00	0.00
1	424	22669615	1246	511	985	576	268.97	0	-1.47	-4.78	0.00	0.00
1	425	22669656	1246	511	985	576	268.97	0	-1.47	-4.78	0.00	0.00
1	426	22669697	1246	511	985	576	268.97	0	-1.47	-4.78	0.00	0.00
1	427	22669738	1246	511	985	576	268.97	0	-1.48	-4.78	0.00	0.00
1	428	22669779	1246	511	985	576	268.97	0	-1.48	-4.78	0.00	0.00
1	429	22669820	1246	510	985	576	269.22	0	-1.48	-4.77	0.00	0.00
1	430	22669861	1246	510	985	576	269.22	0	-1.49	-4.77	0.00	0.00
1	431	22669902	1246	510	985	576	269.22	0	-1.49	-4.77	0.00	0.00
1	432	22669943	1246	510	985	576	269.22	0	-1.49	-4.77	0.00	0.00
1	433	22669984	1246	510	985	576	269.22	0	-1.50	-4.77	0.00	0.00
1	434	22670025	1246	510	985	576	269.22	0	-1.50	-4.77	0.00	0.00
1	435	22670066	1246	509	985	576	269.46	0	-1.50	-4.77	0.00	0.00
1	436	22670106	1246	509	985	576	269.46	0	-1.51	-4.77	0.00	0.00
1	437	22670147	1246	509	985	576	269.46	0	-1.51	-4.77	0.00	0.00
1	438	22670188	1245	509	985	576	268.49	0	-1.51	-4.77	0.00	0.00
1	439	22670228	1245	509	985	576	268.49	0	-1.52	-4.76	0.00	0.00
1	440	22670269	1245	508	985	576	268.75	0	-1.52	-4.76	0.00	0.00
1	441	22670310	1245	508	985	576	268.75	0	-1.52	-4.76	0.00	0.00
1	442	22670351	1245	508	985	576	268.75	0	-1.53	-4.76	0.00	0.00
1	443	22670391	1245	508	985	576	268.75	0	-1.53	-4.76	0.00	0.00
1	444	22670432	1245	508	985	576	268.75	0	-1.53	-4.76	0.00	0.00
1	445	22670472	1245	507	985	576	269.00	0	-1.54	-4.76	0.00	0.00
1	446	22670513	1245	507	985	576	269.00	0	-1.54	-4.76	0.00	0.00
1	447	22670554	1245	507	985	576	269.00	0	-1.54	-4.76	0.00	0.00
1	448	22670595	1245	507	985	576	269.00	0	-1.55	-4.76	0.00	0.00
1	449	22670636	1245	507	985	576	269.00	0	-1.55	-4.75	0.00	0.00
1	450	22670676	1245	506	985	576	269.26	0	-1.55	-4.75	0.00	0.00
1	451	22670717	1245	506	985	576	269.26	0	-1.55	-4.75	0.00	0.00
1	452	22670758	1245	506	985	576	269.26	0	-1.56	-4.75	0.00	0.00
1	453	22670799	1244	506	985	576	268.29	0	-1.56	-4.75	0.00	0.00
1	454	22670840	1244	506	985	576	268.29	0	-1.57	-4.75	0.00	0.00
1	455	22670881	1244	505	985	576	268.56	0	-1.57	-4.75	0.00	0.00
1	456	22670922	1244	505	985	576	268.56	0	-1.57	-4.75	0.00	0.00
1	457	22670963	1244	505	985	576	268.56	0	-1.57	-4.75	0.00	0.00
1	458	22671004	1244	505	985	576	268.56	0	-1.58	-4.74	0.00	0.00
1	459	22671045	1244	505	985	576	268.56	0	-1.58	-4.74	0.00	0.00
1	460	22671085	1244	504	985	576	268.82	0	-1.58	-4.74	0.00	0.00
1	461	22671125	1244	504	985	576	268.82	0	-1.59	-4.74	0.00	0.00
1	462	22671166	1244	504	985	576	268.82	0	-1.59	-4.74	0.00	0.00
1	463	22671207	1244	504	985	576	268.82	0	-1.59	-4.74	0.00	0.00
1	464	22671248	1244	504	985	576	268.82	0	-1.60	-4.74	0.00	0.00
1	465	22671289	1244	503	985	576	269.09	0	-1.60	-4.74	0.00	0.00
1	466	22671330	1244	503	985	576	269.09	0	-1.60	-4.74	0.00	0.00
1	467	22671371	1244	503	985	576	269.09	0	-1.61	-4.73	0.00	0.00
1	468	22671411	1244	503	985	576	269.09	0	-1.61	-4.73	0.00	0.00
1	469	22671452	1243	503	985	576	268.13	0	-1.61	-4.73	0.00	0.00
1	470	22671493	1243	503	985	576	268.13	0	-1.62	-4.73	0.00	0.00
1	471	22671534	1243	502	985	576	268.40	0	-1.62	-4.73	0.00	0.00
1	472	22671575	1243	502	985	576	268.40	0	-1.62	-4.73	0.00	0.00
1	473	22671616	1243	502	985	576	268.40	0	-1.63	-4.73	0.00	0.00
1	474	22671657	1243	502	985	576	268.40	0	-1.63	-4.73	0.00	0.00
1	475	22671697	1243	502	985	576	268.40	0	-1.63	-4.73	0.00	0.00
1	476	22671738	1243	501	985	576	268.68	0	-1.64	-4.72	0.00	0.00
1	477	22671779	1243	501	985	576	268.68	0	-1.64	-4.72	0.00	0.00
1	478	22671820	1243	501	985	576	268.68	0	-1.64	-4.72	0.00	0.00
1	479	22671861	1243	501	985	576	268.68	0	-1.65	-4.72	0.00	0.00
1	480	22671902	1243	501	985	576	268.68	0	-1.65	-4.72	0.00	0.00
1	481	22671943	1243	500	985	576	268.96	0	-1.65	-4.72	0.00	0.00
1	482	22671984	1243	500	985	576	268.96	0	-1.66	-4.72	0.00	0.00
1	483	22672025	1243	500	985	576	268.96	0	-1.66	-4.72	0.00	0.00
1	484	22672065	1242	500	985	576	268.00	0	-1.66	-4.72	0.00	0.00
1	485	22672106	1242	500	985	576	268.00	0	-1.66	-4.71	0.00	0.00
1	486	22672147	1242	499	985	576	268.29	0	-1.67	-4.71	0.00	0.00
1	487	22672188	1242	499	985	576	268.29	0	-1.67	-4.71	0.00	0.00
1	488	22672229	1242	499	985	576	268.29	0	-1.67	-4.71	0.00	0.00
1	489	22672270	1242	499	985	576	268.29	0	-1.68	-4.71	0.00	0.00
1	490	22672311	1242	499	985	576	268.29	0	-1.68	-4.71	0.00	0.00
1	491	22672351	1242	498	985	576	268.58	0	-1.68	-4.71	0.00	0.00
1	492	22672392	1242	498	985	576	268.58	0	-1.69	-4.71	0.00	0.00
1	493	22672433	1242	498	985	576	268.58	0	-1.69	-4.71	0.00	0.00
1	494	22672474	1242	498	985	576	268.58	0	-1.69	-4.70	0.00	0.00
1	495	22672515	1242	498	985	576	268.58	0	-1.70	-4.70	0.00	0.00
1	496	22672556	1242	497	985	576	268.87	0	-1.70	-4.70	0.00	0.00
1	497	22672596	1242	497	985	576	268.87	0	-1.70	-4.70	0.00	0.00
1	498	22672637	1241	497	985	576	267.91	0	-1.71	-4.70	0.00	0.00
1	499	22672677	1241	497	985	576	267.91	0	-1.71	-4.70	0.00	0.00
1	500	22672718	1241	497	985	576	267.91	0	-1.71	-4.70	0.00	0.00
1	501	22672758	1241	497	985	576	267.91	0	-1.72	-4.70	0.00	0.00
1	502	22672799	1241	496	985	576	268.21	0	-1.72	-4.70	0.00	0.00
1	503	22672840	1241	496	985	576	268.21	0	-1.72	-4.69	0.00	0.00
1	504	22672881	1241	496	985	576	268.21	0	-1.73	-4.69	0.00	0.00
1	505	22672922	1241	496	985	576	268.21	0	-1.73	-4.69	0.00	0.00
1	506	22672963	1241	496	985	576	268.21	0	-1.73	-4.69	0.00	0.00
1	507	22673003	1241	495	985	576	268.51	0	-1.74	-4.69	0.00	0.00
1	508	22673044	1241	495	985	576	268.51	0	-1.74	-4.69	0.00	0.00
1	509	22673085	1241	495	985	576	268.51	0	-1.74	-4.69	0.00	0.00
1	510	22673126	1241	495	985	576	268.51	0	-1.75	-4.69	0.00	0.00
1	511	22673167	1241	495	985	576	268.51	0	-1.75	-4.68	0.00	0.00
1	512	22673208	1240	494	985	576	267.86	0	-1.75	-4.68	0.00	0.00
1	513	22673249	1240	494	985	576	267.86	0	-1.76	-4.68	0.00	0.00
1	514	22673290	1240	494	985	576	267.86	0	-1.76	-4.68	0.00	0.00
1	515	22673331	1240	494	985	576	267.86	0	-1.76	-4.68	0.00	0.00
1	516	22673371	1240	494	985	576	267.86	0	-1.76	-4.68	0.00	0.00
1	517	22673412	1240	493	985	576	268.17	0	-1.77	-4.68	0.00	0.00
1	518	22673453	1240	493	985	576	268.17	0	-1.77	-4.68	0.00	0.00
1	519	22673494	1240	493	985	576	268.17	0	-1.77	-4.67	0.00	0.00
1	520	22673535	1240	493	985	576	268.17	0	-1.78	-4.67	0.00	0.00
1	521	22673576	1240	493	985	576	268.17	0	-1.78	-4.67	0.00	0.00
1	522	22673616	1240	492	985	576	268.48	0	-1.78	-4.67	0.00	0.00
1	523	22673656	1240	492	985	576	268.48	0	-1.79	-4.67	0.00	0.00
1	524	22673697	1240	492	985	576	268.48	0	-1.79	-4.67	0.00	0.00
1	525	22673738	1240	492	985	576	268.48	0	-1.79	-4.67	0.00	0.00
1	526	22673779	1239	492	985	576	267.53	0	-1.80	-4.67	0.00	0.00
1	527	22673819	1239	492	985	576	267.53	0	-1.80	-4.67	0.00	0.00
1	528	22673860	1239	491	985	576	267.85	0	-1.80	-4.66	0.00	0.00
1	529	22673901	1239	491	985	576	267.85	0	-1.81	-4.66	0.00	0.00
1	530	22673942	1239	491	985	576	267.85	0	-1.81	-4.66	0.00	0.00
1	531	22673983	1239	491	985	576	267.85	0	-1.81	-4.66	0.00	0.00
1	532	22674024	1239	491	985	576	267.85	0	-1.82	-4.66	0.00	0.00
1	533	22674065	1239	490	985	576	268.16	0	-1.82	-4.66	0.00	0.00
1	534	22674106	1239	490	985	576	268.16	0	-1.82	-4.66	0.00	0.00
1	535	22674147	1239	490	985	576	268.16	0	-1.83	-4.65	0.00	0.00
1	536	22674188	1239	490	985	576	268.16	0	-1.83	-4.65	0.00	0.00
1	537	22674229	1239	490	985	576	268.16	0	-1.83	-4.65	0.00	0.00
1	538	22674269	1239	489	985	576	268.49	0	-1.83	-4.65	0.00	0.00
1	539	22674310	1239	489	985	576	268.49	0	-1.84	-4.65	0.00	0.00
1	540	22674351	1238	489	985	576	267.54	0	-1.84	-4.65	0.00	0.00
1	541	22674392	1238	489	985	576	267.54	0	-1.84	-4.65	0.00	0.00
1	542	22674433	1238	489	985	576	267.54	0	-1.85	-4.65	0.00	0.00
1	543	22674473	1238	488	985	576	267.87	0	-1.85	-4.64	0.00	0.00
1	544	22674514	1238	488	985	576	267.87	0	-1.85	-4.64	0.00	0.00
1	545	22674555	1238	488	985	576	267.87	0	-1.86	-4.64	0.00	0.00
1	546	22674595	1238	488	985	576	267.87	0	-1.86	-4.64	0.00	0.00
1	547	22674636	1238	488	985	576	267.87	0	-1.86	-4.64	0.00	0.00
1	548	22674677	1238	488	985	576	267.87	0	-1.87	-4.64	0.00	0.00
1	549	22674718	1238	487	985	576	268.20	0	-1.87	-4.64	0.00	0.00
1	550	22674759	1238	487	985	576	268.20	0	-1.87	-4.64	0.00	0.00
1	551	22674800	1238	487	985	576	268.20	0	-1.88	-4.63	0.00	0.00
1	552	22674841	1238	487	985	576	268.20	0	-1.88	-4.63	0.00	0.00
1	553	22674882	1237	487	985	576	267.25	0	-1.88	-4.63	0.00	0.00
1	554	22674922	1237	486	985	576	267.59	0	-1.89	-4.63	0.00	0.00
1	555	22674963	1237	486	985	576	267.59	0	-1.89	-4.63	0.00	0.00
1	556	22675004	1237	486	985	576	267.59	0	-1.89	-4.63	0.00	0.00
1	557	22675045	1237	486	985	576	267.59	0	-1.90	-4.63	0.00	0.00
1	558	22675086	1237	486	985	576	267.59	0	-1.90	-4.63	0.00	0.00
1	559	22675126	1237	485	985	576	267.93	0	-1.90	-4.62	0.00	0.00
1	560	22675167	1237	485	985	576	267.93	0	-1.90	-4.62	0.00	0.00
1	561	22675208	1237	485	985	576	267.93	0	-1.91	-4.62	0.00	0.00
1	562	22675249	1237	485	985	576	267.93	0	-1.91	-4.62	0.00	0.00
1	563	22675290	1237	485	985	576	267.93	0	-1.91	-4.62	0.00	0.00
1	564	22675330	1237	485	985	576	267.93	0	-1.92	-4.62	0.00	0.00
1	565	22675371	1237	484	985	576	268.27	0	-1.92	-4.62	0.00	0.00
1	566	22675412	1236	484	985	576	267.33	0	-1.92	-4.62	0.00	0.00
1	567	22675453	1236	484	985	576	267.33	0	-1.93	-4.61	0.00	0.00
1	568	22675494	1236	484	985	576	267.33	0	-1.93	-4.61	0.00	0.00
1	569	22675535	1236	484	985	576	267.33	0	-1.93	-4.61	0.00	0.00
1	570	22675576	1236	483	985	576	267.68	0	-1.94	-4.61	0.00	0.00
1	571	22675616	1236	483	985	576	267.68	0	-1.94	-4.61	0.00	0.00
1	572	22675657	1236	483	985	576	267.68	0	-1.94	-4.61	0.00	0.00
1	573	22675697	1236	483	985	576	267.68	0	-1.95	-4.61	0.00	0.00
1	574	22675737	1236	483	985	576	267.68	0	-1.95	-4.60	0.00	0.00
1	575	22675778	1236	482	985	576	268.02	0	-1.95	-4.60	0.00	0.00
1	576	22675818	1236	482	985	576	268.02	0	-1.95	-4.60	0.00	0.00
1	577	22675859	1236	482	985	576	268.02	0	-1.96	-4.60	0.00	0.00
1	578	22675899	1235	482	985	576	267.09	0	-1.96	-4.60	0.00	0.00
1	579	22675940	1235	482	985	576	267.09	0	-1.96	-4.60	0.00	0.00
1	580	22675981	1235	481	985	576	267.44	0	-1.97	-4.60	0.00	0.00
1	581	22676022	1235	481	985	576	267.44	0	-1.97	-4.60	0.00	0.00
1	582	22676063	1235	481	985	576	267.44	0	-1.97	-4.59	0.00	0.00
1	583	22676103	1235	481	985	576	267.44	0	-1.98	-4.59	0.00	0.00
1	584	22676144	1235	481	985	576	267.44	0	-1.98	-4.59	0.00	0.00
1	585	22676184	1235	481	985	576	267.44	0	-1.98	-4.59	0.00	0.00
1	586	22676225	1235	480	985	576	267.80	0	-1.99	-4.59	0.00	0.00
1	587	22676266	1235	480	985	576	267.80	0	-1.99	-4.59	0.00	0.00
1	588	22676307	1235	480	985	576	267.80	0	-1.99	-4.59	0.00	0.00
1	589	22676348	1235	480	985	576	267.80	0	-2.00	-4.58	0.00	0.00
1	590	22676389	1234	480	985	576	266.87	0	-2.00	-4.58	0.00	0.00
1	591	22676430	1234	479	985	576	267.23	0	-2.00	-4.58	0.00	0.00
1	592	22676471	1234	479	985	576	267.23	0	-2.01	-4.58	0.00	0.00
1	593	22676512	1234	479	985	576	267.23	0	-2.01	-4.58	0.00	0.00
1	594	22676553	1234	479	985	576	267.23	0	-2.01	-4.58	0.00	0.00
1	595	22676593	1234	479	985	576	267.23	0	-2.01	-4.58	0.00	0.00
1	596	22676634	1234	478	985	576	267.59	0	-2.02	-4.57	0.00	0.00
1	597	22676675	1234	478	985	576	267.59	0	-2.02	-4.57	0.00	0.00
1	598	22676716	1234	478	985	576	267.59	0	-2.02	-4.57	0.00	0.00
1	599	22676757	1234	478	985	576	267.59	0	-2.03	-4.57	0.00	0.00
1	600	22676798	1234	478	985	576	267.59	0	-2.03	-4.57	0.00	0.00
1	601	22676838	1234	478	985	576	267.59	0	-2.03	-4.57	0.00	0.00
1	602	22676879	1233	477	985	576	267.03	0	-2.04	-4.57	0.00	0.00
1	603	22676920	1233	477	985	576	267.03	0	-2.04	-4.57	0.00	0.00
1	604	22676960	1233	477	985	576	267.03	0	-2.04	-4.56	0.00	0.00
1	605	22677001	1233	477	985	576	267.03	0	-2.05	-4.56	0.00	0.00
1	606	22677042	1233	477	985	576	267.03	0	-2.05	-4.56	0.00	0.00
1	607	22677083	1233	476	985	576	267.40	0	-2.05	-4.56	0.00	0.00
1	608	22677124	1233	476	985	576	267.40	0	-2.06	-4.56	0.00	0.00
1	609	22677165	1233	476	985	576	267.40	0	-2.06	-4.56	0.00	0.00
1	610	22677206	1233	476	985	576	267.40	0	-2.06	-4.56	0.00	0.00
1	611	22677247	1233	476	985	576	267.40	0	-2.06	-4.55	0.00	0.00
1	612	22677288	1233	475	985	576	267.78	0	-2.07	-4.55	0.00	0.00
1	613	22677329	1233	475	985	576	267.78	0	-2.07	-4.55	0.00	0.00
1	614	22677370	1232	475	985	576	266.85	0	-2.07	-4.55	0.00	0.00
1	615	22677411	1232	475	985	576	266.85	0	-2.08	-4.55	0.00	0.00
1	616	22677452	1232	475	985	576	266.85	0	-2.08	-4.55	0.00	0.00
1	617	22677493	1232	475	985	576	266.85	0	-2.08	-4.55	0.00	0.00
1	618	22677534	1232	474	985	576	267.23	0	-2.09	-4.54	0.00	0.00
1	619	22677574	1232	474	985	576	267.23	0	-2.09	-4.54	0.00	0.00
1	620	22677615	1232	474	985	576	267.23	0	-2.09	-4.54	0.00	0.00
1	621	22677656	1232	474	985	576	267.23	0	-2.10	-4.54	0.00	0.00
1	622	22677697	1232	474	985	576	267.23	0	-2.10	-4.54	0.00	0.00
1	623	22677738	1232	473	985	576	267.62	0	-2.10	-4.54	0.00	0.00
1	624	22677779	1232	473	985	576	267.62	0	-2.11	-4.54	0.00	0.00
1	625	22677820	1232	473	985	576	267.62	0	-2.11	-4.53	0.00	0.00
1	626	22677861	1231	473	985	576	266.69	0	-2.11	-4.53	0.00	0.00
1	627	22677902	1231	473	985	576	266.69	0	-2.11	-4.53	0.00	0.00
1	628	22677943	1231	472	985	576	267.08	0	-2.12	-4.53	0.00	0.00
1	629	22677984	1231	472	985	576	267.08	0	-2.12	-4.53	0.00	0.00
1	630	22678024	1231	472	985	576	267.08	0	-2.12	-4.53	0.00	0.00
1	631	22678065	1231	472	985	576	267.08	0	-2.13	-4.53	0.00	0.00
1	632	22678106	1231	472	985	576	267.08	0	-2.13	-4.52	0.00	0.00
1	633	22678146	1231	472	985	576	267.08	0	-2.13	-4.52	0.00	0.00
1	634	22678187	1231	471	985	576	267.47	0	-2.14	-4.52	0.00	0.00
1	635	22678227	1231	471	985	576	267.47	0	-2.14	-4.52	0.00	0.00
1	636	22678268	1231	471	985	576	267.47	0	-2.14	-4.52	0.00	0.00
1	637	22678309	1230	471	985	576	266.55	0	-2.15	-4.52	0.00	0.00
1	638	22678350	1230	471	985	576	266.55	0	-2.15	-4.52	0.00	0.00
1	639	22678391	1230	470	985	576	266.95	0	-2.15	-4.51	0.00	0.00
1	640	22678432	1230	470	985	576	266.95	0	-2.15	-4.51	0.00	0.00
1	641	22678472	1230	470	985	576	266.95	0	-2.16	-4.51	0.00	0.00
1	642	22678513	1230	470	985	576	266.95	0	-2.16	-4.51	0.00	0.00
1	643	22678554	1230	470	985	576	266.95	0	-2.16	-4.51	0.00	0.00
1	644	22678595	1230	469	985	576	267.35	0	-2.17	-4.51	0.00	0.00
1	645	22678636	1230	469	985	576	267.35	0	-2.17	-4.50	0.00	0.00
1	646	22678677	1230	469	985	576	267.35	0	-2.17	-4.50	0.00	0.00
1	647	22678717	1230	469	985	576	267.35	0	-2.18	-4.50	0.00	0.00
1	648	22678758	1230	469	985	576	267.35	0	-2.18	-4.50	0.00	0.00
1	649	22678798	1229	469	985	576	266.43	0	-2.18	-4.50	0.00	0.00
1	650	22678839	1229	468	985	576	266.83	0	-2.19	-4.50	0.00	0.00
1	651	22678880	1229	468	985	576	266.83	0	-2.19	-4.50	0.00	0.00
1	652	22678921	1229	468	985	576	266.83	0	-2.19	-4.49	0.00	0.00
1	653	22678962	1229	468	985	576	266.83	0	-2.19	-4.49	0.00	0.00
1	654	22679003	1229	468	985	576	266.83	0	-2.20	-4.49	0.00	0.00
1	655	22679044	1229	467	985	576	267.24	0	-2.20	-4.49	0.00	0.00
1	656	22679084	1229	467	985	576	267.24	0	-2.20	-4.49	0.00	0.00
1	657	22679125	1229	467	985	576	267.24	0	-2.21	-4.49	0.00	0.00
1	658	22679166	1229	467	985	576	267.24	0	-2.21	-4.49	0.00	0.00
1	659	22679209	1229	467	985	576	267.24	0	-2.21	-4.48	0.00	0.00
1	660	22679250	1228	467	985	576	266.33	0	-2.22	-4.48	0.00	0.00
1	661	22679291	1228	466	985	576	266.74	0	-2.22	-4.48	0.00	0.00
1	662	22679332	1228	466	985	576	266.74	0	-2.22	-4.48	0.00	0.00
1	663	22679373	1228	466	985	576	266.74	0	-2.23	-4.48	0.00	0.00
1	664	22679413	1228	466	985	576	266.74	0	-2.23	-4.48	0.00	0.00
1	665	22679454	1228	466	985	576	266.74	0	-2.23	-4.47	0.00	0.00
1	666	22679495	1228	465	985	576	267.15	0	-2.23	-4.47	0.00	0.00
1	667	22679536	1228	465	985	576	267.15	0	-2.24	-4.47	0.00	0.00
1	668	22679576	1228	465	985	576	267.15	0	-2.24	-4.47	0.00	0.00
1	669	22679617	1228	465	985	576	267.15	0	-2.24	-4.47	0.00	0.00
1	670	22679658	1228	465	985	576	267.15	0	-2.25	-4.47	0.00	0.00
1	671	22679699	1227	465	985	576	266.24	0	-2.25	-4.47	0.00	0.00
1	672	22679740	1227	464	985	576	266.66	0	-2.25	-4.46	0.00	0.00
1	673	22679781	1227	464	985	576	266.66	0	-2.26	-4.46	0.00	0.00
1	674	22679822	1227	464	985	576	266.66	0	-2.26	-4.46	0.00	0.00
1	675	22679862	1227	464	985	576	266.66	0	-2.26	-4.46	0.00	0.00
1	676	22679903	1227	464	985	576	266.66	0	-2.26	-4.46	0.00	0.00
1	677	22679944	1227	463	985	576	267.08	0	-2.27	-4.46	0.00	0.00
1	678	22679985	1227	463	985	576	267.08	0	-2.27	-4.45	0.00	0.00
1	679	22680026	1227	463	985	576	267.08	0	-2.27	-4.45	0.00	0.00
1	680	22680067	1227	463	985	576	267.08	0	-2.28	-4.45	0.00	0.00
1	681	22680108	1226	463	985	576	266.18	0	-2.28	-4.45	0.00	0.00
1	682	22680149	1226	462	985	576	266.60	0	-2.28	-4.45	0.00	0.00
1	683	22680189	1226	462	985	576	266.60	0	-2.29	-4.45	0.00	0.00
1	684	22680230	1226	462	985	576	266.60	0	-2.29	-4.45	0.00	0.00
1	685	22680271	1226	462	985	576	266.60	0	-2.29	-4.44	0.00	0.00
1	686	22680312	1226	462	985	576	266.60	0	-2.30	-4.44	0.00	0.00
1	687	22680353	1226	462	985	576	266.60	0	-2.30	-4.44	0.00	0.00
1	688	22680394	1226	461	985	576	267.03	0	-2.30	-4.44	0.00	0.00
1	689	22680435	1226	461	985	576	267.03	0	-2.30	-4.44	0.00	0.00
1	690	22680476	1226	461	985	576	267.03	0	-2.31	-4.44	0.00	0.00
1	691	22680517	1226	461	985	576	267.03	0	-2.31	-4.43	0.00	0.00
1	692	22680558	1225	461	985	576	266.13	0	-2.31	-4.43	0.00	0.00
1	693	22680599	1225	461	985	576	266.13	0	-2.32	-4.43	0.00	0.00
1	694	22680640	1225	460	985	576	266.56	0	-2.32	-4.43	0.00	0.00
1	695	22680681	1225	460	985	576	266.56	0	-2.32	-4.43	0.00	0.00
1	696	22680722	1225	460	985	576	266.56	0	-2.33	-4.43	0.00	0.00
1	697	22680763	1225	460	985	576	266.56	0	-2.33	-4.42	0.00	0.00
1	698	22680813	1225	460	985	576	266.56	0	-2.33	-4.42	0.00	0.00
1	699	22680854	1225	459	985	576	267.00	0	-2.34	-4.42	0.00	0.00
1	700	22680895	1225	459	985	576	267.00	0	-2.34	-4.42	0.00	0.00
1	701	22680936	1225	459	985	576	267.00	0	-2.34	-4.42	0.00	0.00
1	702	22680977	1224	459	985	576	266.10	0	-2.34	-4.42	0.00	0.00
1	703	22681018	1224	459	985	576	266.10	0	-2.35	-4.41	0.00	0.00
1	704	22681059	1224	458	985	576	266.54	0	-2.35	-4.41	0.00	0.00
1	705	22681100	1224	458	985	576	266.54	0	-2.35	-4.41	0.00	0.00
1	706	22681141	1224	458	985	576	266.54	0	-2.36	-4.41	0.00	0.00
1	707	22681182	1224	458	985	576	266.54	0	-2.36	-4.41	0.00	0.00
1	708	22681223	1224	458	985	576	266.54	0	-2.36	-4.41	0.00	0.00
1	709	22681264	1224	458	985	576	266.54	0	-2.37	-4.41	0.00	0.00
1	710	22681305	1224	457	985	576	266.99	0	-2.37	-4.40	0.00	0.00
1	711	22681345	1224	457	985	576	266.99	0	-2.37	-4.40	0.00	0.00
1	712	22681386	1224	457	985	576	266.99	0	-2.37	-4.40	0.00	0.00
1	713	22681426	1223	457	985	576	266.09	0	-2.38	-4.40	0.00	0.00
1	714	22681466	1223	457	985	576	266.09	0	-2.38	-4.40	0.00	0.00
1	715	22681507	1223	456	985	576	266.54	0	-2.38	-4.40	0.00	0.00
1	716	22681548	1223	456	985	576	266.54	0	-2.39	-4.39	0.00	0.00
1	717	22681589	1223	456	985	576	266.54	0	-2.39	-4.39	0.00	0.00
1	718	22681630	1223	456	985	576	266.54	0	-2.39	-4.39	0.00	0.00
1	719	22681671	1223	456	985	576	266.54	0	-2.40	-4.39	0.00	0.00
1	720	22681712	1223	456	985	576	266.54	0	-2.40	-4.39	0.00	0.00
1	721	22681752	1223	455	985	576	266.99	0	-2.40	-4.39	0.00	0.00
1	722	22681793	1223	455	985	576	266.99	0	-2.40	-4.38	0.00	0.00
1	723	22681834	1222	455	985	576	266.10	0	-2.41	-4.38	0.00	0.00
1	724	22681875	1222	455	985	576	266.10	0	-2.41	-4.38	0.00	0.00
1	725	22681916	1222	455	985	576	266.10	0	-2.41	-4.38	0.00	0.00
1	726	22681956	1222	455	985	576	266.10	0	-2.42	-4.38	0.00	0.00
1	727	22681997	1222	454	985	576	266.56	0	-2.42	-4.38	0.00	0.00
1	728	22682037	1222	454	985	576	266.56	0	-2.42	-4.37	0.00	0.00
1	729	22682078	1222	454	985	576	266.56	0	-2.43	-4.37	0.00	0.00
1	730	22682118	1222	454	985	576	266.56	0	-2.43	-4.37	0.00	0.00
1	731	22682158	1222	454	985	576	266.56	0	-2.43	-4.37	0.00	0.00
1	732	22682199	1222	453	985	576	267.02	0	-2.43	-4.37	0.00	0.00
1	733	22682240	1221	453	985	576	266.13	0	-2.44	-4.37	0.00	0.00
1	734	22682281	1221	453	985	576	266.13	0	-2.44	-4.36	0.00	0.00
1	735	22682322	1221	453	985	576	266.13	0	-2.44	-4.36	0.00	0.00
1	736	22682363	1221	453	985	576	266.13	0	-2.45	-4.36	0.00	0.00
1	737	22682404	1221	453	985	576	266.13	0	-2.45	-4.36	0.00	0.00
1	738	22682445	1221	452	985	576	266.59	0	-2.45	-4.36	0.00	0.00
1	739	22682486	1221	452	985	576	266.59	0	-2.46	-4.36	0.00	0.00
1	740	22682527	1221	452	985	576	266.59	0	-2.46	-4.35	0.00	0.00
1	741	22682568	1221	452	985	576	266.59	0	-2.46	-4.35	0.00	0.00
1	742	22682609	1221	452	985	576	266.59	0	-2.46	-4.35	0.00	0.00
1	743	22682650	1220	451	985	576	266.18	0	-2.47	-4.35	0.00	0.00
1	744	22682690	1220	451	985	576	266.18	0	-2.47	-4.35	0.00	0.00
1	745	22682731	1220	451	985	576	266.18	0	-2.47	-4.35	0.00	0.00
1	746	22682772	1220	451	985	576	266.18	0	-2.48	-4.34	0.00	0.00
1	747	22682812	1220	451	985	576	266.18	0	-2.48	-4.34	0.00	0.00
1	748	22682853	1220	451	985	576	266.18	0	-2.48	-4.34	0.00	0.00
1	749	22682894	1220	450	985	576	266.65	0	-2.48	-4.34	0.00	0.00
1	750	22682934	1220	450	985	576	266.65	0	-2.49	-4.34	0.00	0.00
1	751	22682975	1220	450	985	576	266.65	0	-2.49	-4.34	0.00	0.00
1	752	22683016	1220	450	985	576	266.65	0	-2.49	-4.33	0.00	0.00
1	753	22683057	1219	450	985	576	265.77	0	-2.50	-4.33	0.00	0.00
1	754	22683097	1219	450	985	576	265.77	0	-2.50	-4.33	0.00	0.00
1	755	22683138	1219	449	985	576	266.24	0	-2.50	-4.33	0.00	0.00
1	756	22683179	1219	449	985	576	266.24	0	-2.51	-4.33	0.00	0.00
1	757	22683220	1219	449	985	576	266.24	0	-2.51	-4.33	0.00	0.00
1	758	22683261	1219	449	985	576	266.24	0	-2.51	-4.32	0.00	0.00
1	759	22683301	1219	449	985	576	266.24	0	-2.51	-4.32	0.00	0.00
1	760	22683342	1219	448	985	576	266.72	0	-2.52	-4.32	0.00	0.00
1	761	22683383	1219	448	985	576	266.72	0	-2.52	-4.32	0.00	0.00
1	762	22683423	1218	448	985	576	265.84	0	-2.52	-4.32	0.00	0.00
1	763	22683464	1218	448	985	576	265.84	0	-2.53	-4.31	0.00	0.00
1	764	22683505	1218	448	985	576	265.84	0	-2.53	-4.31	0.00	0.00
1	765	22683546	1218	448	985	576	265.84	0	-2.53	-4.31	0.00	0.00
1	766	22683587	1218	447	985	576	266.33	0	-2.54	-4.31	0.00	0.00
1	767	22683627	1218	447	985	576	266.33	0	-2.54	-4.31	0.00	0.00
1	768	22683668	1218	447	985	576	266.33	0	-2.54	-4.31	0.00	0.00
1	769	22683709	1218	447	985	576	266.33	0	-2.54	-4.30	0.00	0.00
1	770	22683750	1218	447	985	576	266.33	0	-2.55	-4.30	0.00	0.00
1	771	22683791	1218	447	985	576	266.33	0	-2.55	-4.30	0.00	0.00
1	772	22683831	1217	446	985	576	265.94	0	-2.55	-4.30	0.00	0.00
1	773	22683871	1217	446	985	576	265.94	0	-2.56	-4.30	0.00	0.00
1	774	22683912	1217	446	985	576	265.94	0	-2.56	-4.30	0.00	0.00
1	775	22683953	1217	446	985	576	265.94	0	-2.56	-4.29	0.00	0.00
1	776	22683994	1217	446	985	576	265.94	0	-2.56	-4.29	0.00	0.00
1	777	22684035	1217	445	985	576	266.43	0	-2.57	-4.29	0.00	0.00
1	778	22684076	1217	445	985	576	266.43	0	-2.57	-4.29	0.00	0.00
1	779	22684116	1217	445	985	576	266.43	0	-2.57	-4.29	0.00	0.00
1	780	22684157	1217	445	985	576	266.43	0	-2.58	-4.29	0.00	0.00
1	781	22684198	1216	445	985	576	265.56	0	-2.58	-4.28	0.00	0.00
1	782	22684239	1216	445	985	576	265.56	0	-2.58	-4.28	0.00	0.00
1	783	22684280	1216	444	985	576	266.05	0	-2.59	-4.28	0.00	0.00
1	784	22684320	1216	444	985	576	266.05	0	-2.59	-4.28	0.00	0.00
1	785	22684361	1216	444	985	576	266.05	0	-2.59	-4.28	0.00	0.00
1	786	22684402	1216	444	985	576	266.05	0	-2.59	-4.27	0.00	0.00
1	787	22684443	1216	444	985	576	266.05	0	-2.60	-4.27	0.00	0.00
1	788	22684484	1216	443	985	576	266.55	0	-2.60	-4.27	0.00	0.00
1	789	22684525	1216	443	985	576	266.55	0	-2.60	-4.27	0.00	0.00
1	790	22684566	1216	443	985	576	266.55	0	-2.61	-4.27	0.00	0.00
1	791	22684607	1215	443	985	576	265.69	0	-2.61	-4.27	0.00	0.00
1	792	22684648	1215	443	985	576	265.69	0	-2.61	-4.26	0.00	0.00
1	793	22684689	1215	443	985	576	265.69	0	-2.61	-4.26	0.00	0.00
1	794	22684730	1215	442	985	576	266.19	0	-2.62	-4.26	0.00	0.00
1	795	22684771	1215	442	985	576	266.19	0	-2.62	-4.26	0.00	0.00
1	796	22684812	1215	442	985	576	266.19	0	-2.62	-4.26	0.00	0.00
1	797	22684853	1215	442	985	576	266.19	0	-2.63	-4.25	0.00	0.00
1	798	22684894	1215	442	985	576	266.19	0	-2.63	-4.25	0.00	0.00
1	799	22684935	1215	442	985	576	266.19	0	-2.63	-4.25	0.00	0.00
1	800	22684976	1214	441	985	576	265.83	0	-2.63	-4.25	0.00	0.00
1	801	22685017	1214	441	985	576	265.83	0	-2.64	-4.25	0.00	0.00
1	802	22685058	1214	441	985	576	265.83	0	-2.64	-4.25	0.00	0.00
1	803	22685098	1214	441	985	576	265.83	0	-2.64	-4.24	0.00	0.00
1	804	22685139	1214	441	985	576	265.83	0	-2.65	-4.24	0.00	0.00
1	805	22685180	1214	441	985	576	265.83	0	-2.65	-4.24	0.00	0.00
1	806	22685220	1214	440	985	576	266.34	0	-2.65	-4.24	0.00	0.00
1	807	22685261	1214	440	985	576	266.34	0	-2.66	-4.24	0.00	0.00
1	808	22685302	1214	440	985	576	266.34	0	-2.66	-4.24	0.00	0.00
1	809	22685342	1213	440	985	576	265.48	0	-2.66	-4.23	0.00	0.00
1	810	22685382	1213	440	985	576	265.48	0	-2.66	-4.23	0.00	0.00
1	811	22685423	1213	439	985	576	265.99	0	-2.67	-4.23	0.00	0.00
1	812	22685463	1213	439	985	576	265.99	0	-2.67	-4.23	0.00	0.00
1	813	22685504	1213	439	985	576	265.99	0	-2.67	-4.23	0.00	0.00
1	814	22685544	1213	439	985	576	265.99	0	-2.68	-4.22	0.00	0.00
1	815	22685585	1213	439	985	576	265.99	0	-2.68	-4.22	0.00	0.00
1	816	22685625	1213	439	985	576	265.99	0	-2.68	-4.22	0.00	0.00
1	817	22685665	1213	438	985	576	266.51	0	-2.68	-4.22	0.00	0.00
1	818	22685706	1212	438	985	576	265.66	0	-2.69	-4.22	0.00	0.00
1	819	22685747	1212	438	985	576	265.66	0	-2.69	-4.21	0.00	0.00
1	820	22685788	1212	438	985	576	265.66	0	-2.69	-4.21	0.00	0.00
1	821	22685828	1212	438	985	576	265.66	0	-2.70	-4.21	0.00	0.00
1	822	22685868	1212	438	985	576	265.66	0	-2.70	-4.21	0.00	0.00
1	823	22685909	1212	437	985	576	266.18	0	-2.70	-4.21	0.00	0.00
1	824	22685949	1212	437	985	576	266.18	0	-2.70	-4.21	0.00	0.00
1	825	22685990	1212	437	985	576	266.18	0	-2.71	-4.20	0.00	0.00
1	826	22686031	1212	437	985	576	266.18	0	-2.71	-4.20	0.00	0.00
1	827	22686071	1212	437	985	576	266.18	0	-2.71	-4.20	0.00	0.00
1	828	22686112	1211	437	985	576	265.32	0	-2.72	-4.20	0.00	0.00
1	829	22686153	1211	436	985	576	265.85	0	-2.72	-4.20	0.00	0.00
1	830	22686194	1211	436	985	576	265.85	0	-2.72	-4.19	0.00	0.00
1	831	22686234	1211	436	985	576	265.85	0	-2.72	-4.19	0.00	0.00
1	832	22686274	1211	436	985	576	265.85	0	-2.73	-4.19	0.00	0.00
1	833	22686314	1211	436	985	576	265.85	0	-2.73	-4.19	0.00	0.00
1	834	22686355	1211	436	985	576	265.85	0	-2.73	-4.19	0.00	0.00
1	835	22686396	1211	435	985	576	266.38	0	-2.74	-4.19	0.00	0.00
1	836	22686437	1211	435	985	576	266.38	0	-2.74	-4.18	0.00	0.00
1	837	22686478	1210	435	985	576	265.53	0	-2.74	-4.18	0.00	0.00
1	838	22686519	1210	435	985	576	265.53	0	-2.74	-4.18	0.00	0.00
1	839	22686560	1210	435	985	576	265.53	0	-2.75	-4.18	0.00	0.00
1	840	22686601	1210	434	985	576	266.06	0	-2.75	-4.18	0.00	0.00
1	841	22686642	1210	434	985	576	266.06	0	-2.75	-4.17	0.00	0.00
1	842	22686683	1210	434	985	576	266.06	0	-2.76	-4.17	0.00	0.00
1	843	22686724	1210	434	985	576	266.06	0	-2.76	-4.17	0.00	0.00
1	844	22686765	1210	434	985	576	266.06	0	-2.76	-4.17	0.00	0.00
1	845	22686806	1209	434	985	576	265.22	0	-2.76	-4.17	0.00	0.00
1	846	22686847	1209	433	985	576	265.75	0	-2.77	-4.16	0.00	0.00
1	847	22686888	1209	433	985	576	265.75	0	-2.77	-4.16	0.00	0.00
1	848	22686928	1209	433	985	576	265.75	0	-2.77	-4.16	0.00	0.00
1	849	22686969	1209	433	985	576	265.75	0	-2.78	-4.16	0.00	0.00
1	850	22687009	1209	433	985	576	265.75	0	-2.78	-4.16	0.00	0.00
1	851	22687050	1209	433	985	576	265.75	0	-2.78	-4.15	0.00	0.00
1	852	22687090	1209	432	985	576	266.29	0	-2.78	-4.15	0.00	0.00
1	853	22687131	1209	432	985	576	266.29	0	-2.79	-4.15	0.00	0.00
1	854	22687172	1208	432	985	576	265.45	0	-2.79	-4.15	0.00	0.00
1	855	22687212	1208	432	985	576	265.45	0	-2.79	-4.15	0.00	0.00
1	856	22687253	1208	432	985	576	265.45	0	-2.80	-4.15	0.00	0.00
1	857	22687293	1208	432	985	576	265.45	0	-2.80	-4.14	0.00	0.00
1	858	22687334	1208	431	985	576	266.00	0	-2.80	-4.14	0.00	0.00
1	859	22687374	1208	431	985	576	266.00	0	-2.80	-4.14	0.00	0.00
1	860	22687414	1208	431	985	576	266.00	0	-2.81	-4.14	0.00	0.00
1	861	22687455	1208	431	985	576	266.00	0	-2.81	-4.14	0.00	0.00
1	862	22687495	1208	431	985	576	266.00	0	-2.81	-4.13	0.00	0.00
1	863	22687536	1207	431	985	576	265.16	0	-2.82	-4.13	0.00	0.00
1	864	22687577	1207	430	985	576	265.71	0	-2.82	-4.13	0.00	0.00
1	865	22687617	1207	430	985	576	265.71	0	-2.82	-4.13	0.00	0.00
1	866	22687658	1207	430	985	576	265.71	0	-2.82	-4.13	0.00	0.00
1	867	22687699	1207	430	985	576	265.71	0	-2.83	-4.12	0.00	0.00
1	868	22687740	1207	430	985	576	265.71	0	-2.83	-4.12	0.00	0.00
1	869	22687780	1207	430	985	576	265.71	0	-2.83	-4.12	0.00	0.00
1	870	22687821	1207	429	985	576	266.26	0	-2.84	-4.12	0.00	0.00
1	871	22687862	1207	429	985	576	266.26	0	-2.84	-4.12	0.00	0.00
1	872	22687902	1206	429	985	576	265.42	0	-2.84	-4.11	0.00	0.00
1	873	22687943	1206	429	985	576	265.42	0	-2.84	-4.11	0.00	0.00
1	874	22687984	1206	429	985	576	265.42	0	-2.85	-4.11	0.00	0.00
1	875	22688025	1206	429	985	576	265.42	0	-2.85	-4.11	0.00	0.00
1	876	22688065	1206	428	985	576	265.98	0	-2.85	-4.11	0.00	0.00
1	877	22688106	1206	428	985	576	265.98	0	-2.85	-4.10	0.00	0.00
1	878	22688147	1206	428	985	576	265.98	0	-2.86	-4.10	0.00	0.00
1	879	22688188	1206	428	985	576	265.98	0	-2.86	-4.10	0.00	0.00
1	880	22688228	1205	428	985	576	265.15	0	-2.86	-4.10	0.00	0.00
1	881	22688269	1205	428	985	576	265.15	0	-2.87	-4.10	0.00	0.00
1	882	22688309	1205	427	985	576	265.71	0	-2.87	-4.10	0.00	0.00
1	883	22688350	1205	427	985	576	265.71	0	-2.87	-4.09	0.00	0.00
1	884	22688391	1205	427	985	576	265.71	0	-2.87	-4.09	0.00	0.00
1	885	22688432	1205	427	985	576	265.71	0	-2.88	-4.09	0.00	0.00
1	886	22688473	1205	427	985	576	265.71	0	-2.88	-4.09	0.00	0.00
1	887	22688514	1205	427	985	576	265.71	0	-2.88	-4.09	0.00	0.00
1	888	22688555	1205	426	985	576	266.27	0	-2.89	-4.08	0.00	0.00
1	889	22688596	1204	426	985	576	265.44	0	-2.89	-4.08	0.00	0.00
1	890	22688637	1204	426	985	576	265.44	0	-2.89	-4.08	0.00	0.00
1	891	22688677	1204	426	985	576	265.44	0	-2.89	-4.08	0.00	0.00
1	892	22688717	1204	426	985	576	265.44	0	-2.90	-4.08	0.00	0.00
1	893	22688758	1204	426	985	576	265.44	0	-2.90	-4.07	0.00	0.00
1	894	22688799	1204	425	985	576	266.01	0	-2.90	-4.07	0.00	0.00
1	895	22688839	1204	425	985	576	266.01	0	-2.90	-4.07	0.00	0.00
1	896	22688880	1204	425	985	576	266.01	0	-2.91	-4.07	0.00	0.00
1	897	22688921	1203	425	985	576	265.19	0	-2.91	-4.07	0.00	0.00
1	898	22688961	1203	425	985	576	265.19	0	-2.91	-4.06	0.00	0.00
1	899	22689002	1203	425	985	576	265.19	0	-2.92	-4.06	0.00	0.00
1	900	22689042	1203	424	985	576	265.76	0	-2.92	-4.06	0.00	0.00
1	901	22689083	1203	424	985	576	265.76	0	-2.92	-4.06	0.00	0.00
1	902	22689124	1203	424	985	576	265.76	0	-2.92	-4.06	0.00	0.00
1	903	22689165	1203	424	985	576	265.76	0	-2.93	-4.05	0.00	0.00
1	904	22689206	1203	424	985	576	265.76	0	-2.93	-4.05	0.00	0.00
1	905	22689246	1202	424	985	576	264.94	0	-2.93	-4.05	0.00	0.00
1	906	22689287	1202	423	985	576	265.51	0	-2.94	-4.05	0.00	0.00
1	907	22689328	1202	423	985	576	265.51	0	-2.94	-4.05	0.00	0.00
1	908	22689368	1202	423	985	576	265.51	0	-2.94	-4.04	0.00	0.00
1	909	22689409	1202	423	985	576	265.51	0	-2.94	-4.04	0.00	0.00
1	910	22689450	1202	423	985	576	265.51	0	-2.95	-4.04	0.00	0.00
1	911	22689491	1202	423	985	576	265.51	0	-2.95	-4.04	0.00	0.00
1	912	22689531	1202	422	985	576	266.09	0	-2.95	-4.04	0.00	0.00
1	913	22689572	1202	422	985	576	266.09	0	-2.95	-4.03	0.00	0.00
1	914	22689612	1201	422	985	576	265.28	0	-2.96	-4.03	0.00	0.00
1	915	22689653	1201	422	985	576	265.28	0	-2.96	-4.03	0.00	0.00
1	916	22689693	1201	422	985	576	265.28	0	-2.96	-4.03	0.00	0.00
1	917	22689734	1201	422	985	576	265.28	0	-2.97	-4.03	0.00	0.00
1	918	22689775	1201	421	985	576	265.86	0	-2.97	-4.02	0.00	0.00
1	919	22689816	1201	421	985	576	265.86	0	-2.97	-4.02	0.00	0.00
1	920	22689857	1201	421	985	576	265.86	0	-2.97	-4.02	0.00	0.00
1	921	22689898	1201	421	985	576	265.86	0	-2.98	-4.02	0.00	0.00
1	922	22689939	1200	421	985	576	265.05	0	-2.98	-4.02	0.00	0.00
1	923	22689980	1200	421	985	576	265.05	0	-2.98	-4.01	0.00	0.00
1	924	22690020	1200	420	985	576	265.63	0	-2.98	-4.01	0.00	0.00
1	925	22690061	1200	420	985	576	265.63	0	-2.99	-4.01	0.00	0.00
1	926	22690102	1200	420	985	576	265.63	0	-2.99	-4.01	0.00	0.00
1	927	22690143	1200	420	985	576	265.63	0	-2.99	-4.01	0.00	0.00
1	928	22690183	1200	420	985	576	265.63	0	-3.00	-4.00	0.00	0.00
1	929	22690223	1200	420	985	576	265.63	0	-3.00	-4.00	0.00	0.00
1	930	22690263	1199	419	985	576	265.41	0	-3.00	-4.00	0.00	0.00
1	931	22690304	1199	419	985	576	265.41	0	-3.00	-4.00	0.00	0.00
1	932	22690344	1199	419	985	576	265.41	0	-3.01	-3.99	0.00	0.00
1	933	22690385	1199	419	985	576	265.41	0	-3.01	-3.99	0.00	0.00
1	934	22690425	1199	419	985	576	265.41	0	-3.01	-3.99	0.00	0.00
1	935	22690466	1199	419	985	576	265.41	0	-3.02	-3.99	0.00	0.00
1	936	22690507	1199	418	985	576	266.01	0	-3.02	-3.99	0.00	0.00
1	937	22690547	1199	418	985	576	266.01	0	-3.02	-3.98	0.00	0.00
1	938	22690587	1198	418	985	576	265.20	0	-3.02	-3.98	0.00	0.00
1	939	22690628	1198	418	985	576	265.20	0	-3.03	-3.98	0.00	0.00
1	940	22690668	1198	418	985	576	265.20	0	-3.03	-3.98	0.00	0.00
1	941	22690709	1198	418	985	576	265.20	0	-3.03	-3.98	0.00	0.00
1	942	22690749	1198	417	985	576	265.80	0	-3.03	-3.97	0.00	0.00
1	943	22690790	1198	417	985	576	265.80	0	-3.04	-3.97	0.00	0.00
1	944	22690831	1198	417	985	576	265.80	0	-3.04	-3.97	0.00	0.00
1	945	22690872	1198	417	985	576	265.80	0	-3.04	-3.97	0.00	0.00
1	946	22690913	1197	417	985	576	265.00	0	-3.04	-3.97	0.00	0.00
1	947	22690954	1197	417	985	576	265.00	0	-3.05	-3.96	0.00	0.00
1	948	22690994	1197	416	985	576	265.60	0	-3.05	-3.96	0.00	0.00
1	949	22691035	1197	416	985	576	265.60	0	-3.05	-3.96	0.00	0.00
1	950	22691075	1197	416	985	576	265.60	0	-3.06	-3.96	0.00	0.00
1	951	22691116	1197	416	985	576	265.60	0	-3.06	-3.96	0.00	0.00
1	952	22691157	1197	416	985	576	265.60	0	-3.06	-3.95	0.00	0.00
1	953	22691198	1197	416	985	576	265.60	0	-3.06	-3.95	0.00	0.00
1	954	22691238	1196	416	985	576	264.80	0	-3.07	-3.95	0.00	0.00
1	955	22691279	1196	415	985	576	265.41	0	-3.07	-3.95	0.00	0.00
1	956	22691320	1196	415	985	576	265.41	0	-3.07	-3.94	0.00	0.00
1	957	22691361	1196	415	985	576	265.41	0	-3.07	-3.94	0.00	0.00
1	958	22691402	1196	415	985	576	265.41	0	-3.08	-3.94	0.00	0.00
1	959	22691443	1196	415	985	576	265.41	0	-3.08	-3.94	0.00	0.00
1	960	22691483	1196	415	985	576	265.41	0	-3.08	-3.94	0.00	0.00
1	961	22691524	1196	414	985	576	266.02	0	-3.09	-3.93	0.00	0.00
1	962	22691565	1195	414	985	576	265.22	0	-3.09	-3.93	0.00	0.00
1	963	22691606	1195	414	985	576	265.22	0	-3.09	-3.93	0.00	0.00
1	964	22691646	1195	414	985	576	265.22	0	-3.09	-3.93	0.00	0.00
1	965	22691687	1195	414	985	576	265.22	0	-3.10	-3.93	0.00	0.00
1	966	22691728	1195	414	985	576	265.22	0	-3.10	-3.92	0.00	0.00
1	967	22691769	1195	413	985	576	265.84	0	-3.10	-3.92	0.00	0.00
1	968	22691810	1195	413	985	576	265.84	0	-3.10	-3.92	0.00	0.00
1	969	22691850	1195	413	985	576	265.84	0	-3.11	-3.92	0.00	0.00
1	970	22691891	1194	413	985	576	265.05	0	-3.11	-3.92	0.00	0.00
1	971	22691931	1194	413	985	576	265.05	0	-3.11	-3.91	0.00	0.00
1	972	22691972	1194	413	985	576	265.05	0	-3.12	-3.91	0.00	0.00
1	973	22692012	1194	412	985	576	265.66	0	-3.12	-3.91	0.00	0.00
1	974	22692053	1194	412	985	576	265.66	0	-3.12	-3.91	0.00	0.00
1	975	22692094	1194	412	985	576	265.66	0	-3.12	-3.90	0.00	0.00
1	976	22692135	1194	412	985	576	265.66	0	-3.13	-3.90	0.00	0.00
1	977	22692175	1194	412	985	576	265.66	0	-3.13	-3.90	0.00	0.00
1	978	22692216	1193	412	985	576	264.88	0	-3.13	-3.90	0.00	0.00
1	979	22692257	1193	411	985	576	265.50	0	-3.13	-3.90	0.00	0.00
1	980	22692297	1193	411	985	576	265.50	0	-3.14	-3.89	0.00	0.00
1	981	22692338	1193	411	985	576	265.50	0	-3.14	-3.89	0.00	0.00
1	982	22692378	1193	411	985	576	265.50	0	-3.14	-3.89	0.00	0.00
1	983	22692419	1193	411	985	576	265.50	0	-3.14	-3.89	0.00	0.00
1	984	22692459	1193	411	985	576	265.50	0	-3.15	-3.89	0.00	0.00
1	985	22692500	1192	411	985	576	264.71	0	-3.15	-3.88	0.00	0.00
1	986	22692540	1192	410	985	576	265.34	0	-3.15	-3.88	0.00	0.00
1	987	22692581	1192	410	985	576	265.34	0	-3.15	-3.88	0.00	0.00
1	988	22692621	1192	410	985	576	265.34	0	-3.16	-3.88	0.00	0.00
1	989	22692662	1192	410	985	576	265.34	0	-3.16	-3.87	0.00	0.00
1	990	22692703	1192	410	985	576	265.34	0	-3.16	-3.87	0.00	0.00
1	991	22692743	1192	410	985	576	265.34	0	-3.17	-3.87	0.00	0.00
1	992	22692784	1192	409	985	576	265.97	0	-3.17	-3.87	0.00	0.00
1	993	22692825	1191	409	985	576	265.19	0	-3.17	-3.87	0.00	0.00
1	994	22692865	1191	409	985	576	265.19	0	-3.17	-3.86	0.00	0.00
1	995	22692906	1191	409	985	576	265.19	0	-3.18	-3.86	0.00	0.00
1	996	22692946	1191	409	985	576	265.19	0	-3.18	-3.86	0.00	0.00
1	997	22692987	1191	409	985	576	265.19	0	-3.18	-3.86	0.00	0.00
1	998	22693027	1191	408	985	576	265.82	0	-3.18	-3.86	0.00	0.00
1	999	22693068	1191	408	985	576	265.82	0	-3.19	-3.85	0.00	0.00
1	1000	22693111	1191	408	985	576	265.82	0	-3.19	-3.85	0.00	0.00
1	1001	22693151	1190	408	985	576	265.05	0	-3.19	-3.85	0.00	0.00
1	1002	22693192	1190	408	985	576	265.05	0	-3.19	-3.85	0.00	0.00
1	1003	22693232	1190	408	985	576	265.05	0	-3.20	-3.84	0.00	0.00
1	1004	22693273	1190	407	985	576	265.68	0	-3.20	-3.84	0.00	0.00
1	1005	22693314	1190	407	985	576	265.68	0	-3.20	-3.84	0.00	0.00
1	1006	22693355	1190	407	985	576	265.68	0	-3.21	-3.84	0.00	0.00
1	1007	22693396	1190	407	985	576	265.68	0	-3.21	-3.84	0.00	0.00
1	1008	22693436	1189	407	985	576	264.91	0	-3.21	-3.83	0.00	0.00
1	1009	22693477	1189	407	985	576	264.91	0	-3.21	-3.83	0.00	0.00
1	1010	22693518	1189	407	985	576	264.91	0	-3.22	-3.83	0.00	0.00
1	1011	22693558	1189	406	985	576	265.55	0	-3.22	-3.83	0.00	0.00
1	1012	22693599	1189	406	985	576	265.55	0	-3.22	-3.82	0.00	0.00
1	1013	22693640	1189	406	985	576	265.55	0	-3.22	-3.82	0.00	0.00
1	1014	22693681	1189	406	985	576	265.55	0	-3.23	-3.82	0.00	0.00
1	1015	22693722	1189	406	985	576	265.55	0	-3.23	-3.82	0.00	0.00
1	1016	22693763	1188	406	985	576	264.78	0	-3.23	-3.82	0.00	0.00
1	1017	22693804	1188	405	985	576	265.42	0	-3.23	-3.81	0.00	0.00
1	1018	22693845	1188	405	985	576	265.42	0	-3.24	-3.81	0.00	0.00
1	1019	22693886	1188	405	985	576	265.42	0	-3.24	-3.81	0.00	0.00
1	1020	22693927	1188	405	985	576	265.42	0	-3.24	-3.81	0.00	0.00
1	1021	22693968	1188	405	985	576	265.42	0	-3.24	-3.80	0.00	0.00
1	1022	22694009	1188	405	985	576	265.42	0	-3.25	-3.80	0.00	0.00
1	1023	22694050	1188	405	985	576	265.42	0	-3.25	-3.80	0.00	0.00
1	1024	22694091	1187	404	985	576	265.31	0	-3.25	-3.80	0.00	0.00
1	1025	22694132	1187	404	985	576	265.31	0	-3.25	-3.80	0.00	0.00
1	1026	22694173	1187	404	985	576	265.31	0	-3.26	-3.79	0.00	0.00
1	1027	22694214	1187	404	985	576	265.31	0	-3.26	-3.79	0.00	0.00
1	1028	22694255	1187	404	985	576	265.31	0	-3.26	-3.79	0.00	0.00
1	1029	22694296	1187	404	985	576	265.31	0	-3.27	-3.79	0.00	0.00
1	1030	22694337	1187	403	985	576	265.96	0	-3.27	-3.78	0.00	0.00
1	1031	22694378	1186	403	985	576	265.20	0	-3.27	-3.78	0.00	0.00
1	1032	22694419	1186	403	985	576	265.20	0	-3.27	-3.78	0.00	0.00
1	1033	22694460	1186	403	985	576	265.20	0	-3.28	-3.78	0.00	0.00
1	1034	22694501	1186	403	985	576	265.20	0	-3.28	-3.78	0.00	0.00
1	1035	22694542	1186	403	985	576	265.20	0	-3.28	-3.77	0.00	0.00
1	1036	22694583	1186	403	985	576	265.20	0	-3.28	-3.77	0.00	0.00
1	1037	22694624	1186	402	985	576	265.85	0	-3.29	-3.77	0.00	0.00
1	1038	22694665	1185	402	985	576	265.10	0	-3.29	-3.77	0.00	0.00
1	1039	22694706	1185	402	985	576	265.10	0	-3.29	-3.76	0.00	0.00
1	1040	22694747	1185	402	985	576	265.10	0	-3.29	-3.76	0.00	0.00
1	1041	22694788	1185	402	985	576	265.10	0	-3.30	-3.76	0.00	0.00
1	1042	22694829	1185	402	985	576	265.10	0	-3.30	-3.76	0.00	0.00
1	1043	22694870	1185	401	985	576	265.75	0	-3.30	-3.76	0.00	0.00
1	1044	22694911	1185	401	985	576	265.75	0	-3.30	-3.75	0.00	0.00
1	1045	22694952	1185	401	985	576	265.75	0	-3.31	-3.75	0.00	0.00
1	1046	22694993	1184	401	985	576	265.00	0	-3.31	-3.75	0.00	0.00
1	1047	22695034	1184	401	985	576	265.00	0	-3.31	-3.75	0.00	0.00
1	1048	22695075	1184	401	985	576	265.00	0	-3.31	-3.74	0.00	0.00
1	1049	22695116	1184	401	985	576	265.00	0	-3.32	-3.74	0.00	0.00
1	1050	22695157	1184	400	985	576	265.66	0	-3.32	-3.74	0.00	0.00
1	1051	22695198	1184	400	985	576	265.66	0	-3.32	-3.74	0.00	0.00
1	1052	22695239	1184	400	985	576	265.66	0	-3.32	-3.74	0.00	0.00
1	1053	22695280	1183	400	985	576	264.92	0	-3.33	-3.73	0.00	0.00
1	1054	22695321	1183	400	985	576	264.92	0	-3.33	-3.73	0.00	0.00
1	1055	22695362	1183	400	985	576	264.92	0	-3.33	-3.73	0.00	0.00
1	1056	22695403	1183	399	985	576	265.58	0	-3.33	-3.73	0.00	0.00
1	1057	22695444	1183	399	985	576	265.58	0	-3.34	-3.72	0.00	0.00
1	1058	22695485	1183	399	985	576	265.58	0	-3.34	-3.72	0.00	0.00
1	1059	22695526	1183	399	985	576	265.58	0	-3.34	-3.72	0.00	0.00
1	1060	22695567	1182	399	985	576	264.84	0	-3.34	-3.72	0.00	0.00
1	1061	22695608	1182	399	985	576	264.84	0	-3.35	-3.71	0.00	0.00
1	1062	22695649	1182	399	985	576	264.84	0	-3.35	-3.71	0.00	0.00
1	1063	22695690	1182	398	985	576	265.51	0	-3.35	-3.71	0.00	0.00
1	1064	22695730	1182	398	985	576	265.51	0	-3.35	-3.71	0.00	0.00
1	1065	22695771	1182	398	985	576	265.51	0	-3.36	-3.71	0.00	0.00
1	1066	22695812	1182	398	985	576	265.51	0	-3.36	-3.70	0.00	0.00
1	1067	22695853	1182	398	985	576	265.51	0	-3.36	-3.70	0.00	0.00
1	1068	22695894	1181	398	985	576	264.76	0	-3.36	-3.70	0.00	0.00
1	1069	22695935	1181	397	985	576	265.44	0	-3.37	-3.70	0.00	0.00
1	1070	22695976	1181	397	985	576	265.44	0	-3.37	-3.69	0.00	0.00
1	1071	22696017	1181	397	985	576	265.44	0	-3.37	-3.69	0.00	0.00
1	1072	22696058	1181	397	985	576	265.44	0	-3.38	-3.69	0.00	0.00
1	1073	22696099	1181	397	985	576	265.44	0	-3.38	-3.69	0.00	0.00
1	1074	22696139	1181	397	985	576	265.44	0	-3.38	-3.68	0.00	0.00
1	1075	22696179	1180	397	985	576	264.70	0	-3.38	-3.68	0.00	0.00
1	1076	22696219	1180	396	985	576	265.38	0	-3.39	-3.68	0.00	0.00
1	1077	22696260	1180	396	985	576	265.38	0	-3.39	-3.68	0.00	0.00
1	1078	22696300	1180	396	985	576	265.38	0	-3.39	-3.67	0.00	0.00
1	1079	22696341	1180	396	985	576	265.38	0	-3.39	-3.67	0.00	0.00
1	1080	22696382	1180	396	985	576	265.38	0	-3.40	-3.67	0.00	0.00
1	1081	22696422	1180	396	985	576	265.38	0	-3.40	-3.67	0.00	0.00
1	1082	22696463	1179	395	985	576	265.32	0	-3.40	-3.67	0.00	0.00
1	1083	22696504	1179	395	985	576	265.32	0	-3.40	-3.66	0.00	0.00
1	1084	22696545	1179	395	985	576	265.32	0	-3.40	-3.66	0.00	0.00
1	1085	22696586	1179	395	985	576	265.32	0	-3.41	-3.66	0.00	0.00
1	1086	22696627	1179	395	985	576	265.32	0	-3.41	-3.66	0.00	0.00
1	1087	22696668	1179	395	985	576	265.32	0	-3.41	-3.65	0.00	0.00
1	1088	22696709	1179	395	985	576	265.32	0	-3.42	-3.65	0.00	0.00
1	1089	22696750	1178	394	985	576	265.28	0	-3.42	-3.65	0.00	0.00
1	1090	22696791	1178	394	985	576	265.28	0	-3.42	-3.65	0.00	0.00
1	1091	22696832	1178	394	985	576	265.28	0	-3.42	-3.65	0.00	0.00
1	1092	22696873	1178	394	985	576	265.28	0	-3.43	-3.64	0.00	0.00
1	1093	22696914	1178	394	985	576	265.28	0	-3.43	-3.64	0.00	0.00
1	1094	22696955	1178	394	985	576	265.28	0	-3.43	-3.64	0.00	0.00
1	1095	22696996	1178	394	985	576	265.28	0	-3.43	-3.64	0.00	0.00
1	1096	22697037	1178	393	985	576	265.97	0	-3.43	-3.63	0.00	0.00
1	1097	22697078	1177	393	985	576	265.24	0	-3.44	-3.63	0.00	0.00
1	1098	22697119	1177	393	985	576	265.24	0	-3.44	-3.63	0.00	0.00
1	1099	22697160	1177	393	985	576	265.24	0	-3.44	-3.63	0.00	0.00
1	1100	22697201	1177	393	985	576	265.24	0	-3.44	-3.62	0.00	0.00
1	1101	22697242	1177	393	985	576	265.24	0	-3.45	-3.62	0.00	0.00
1	1102	22697283	1177	392	985	576	265.93	0	-3.45	-3.62	0.00	0.00
1	1103	22697324	1177	392	985	576	265.93	0	-3.45	-3.62	0.00	0.00
1	1104	22697365	1176	392	985	576	265.21	0	-3.45	-3.61	0.00	0.00
1	1105	22697406	1176	392	985	576	265.21	0	-3.46	-3.61	0.00	0.00
1	1106	22697447	1176	392	985	576	265.21	0	-3.46	-3.61	0.00	0.00
1	1107	22697488	1176	392	985	576	265.21	0	-3.46	-3.61	0.00	0.00
1	1108	22697529	1176	392	985	576	265.21	0	-3.46	-3.60	0.00	0.00
1	1109	22697570	1176	391	985	576	265.91	0	-3.47	-3.60	0.00	0.00
1	1110	22697611	1176	391	985	576	265.91	0	-3.47	-3.60	0.00	0.00
1	1111	22697652	1175	391	985	576	265.19	0	-3.47	-3.60	0.00	0.00
1	1112	22697692	1175	391	985	576	265.19	0	-3.47	-3.60	0.00	0.00
1	1113	22697733	1175	391	985	576	265.19	0	-3.48	-3.59	0.00	0.00
1	1114	22697774	1175	391	985	576	265.19	0	-3.48	-3.59	0.00	0.00
1	1115	22697815	1175	391	985	576	265.19	0	-3.48	-3.59	0.00	0.00
1	1116	22697856	1175	390	985	576	265.89	0	-3.48	-3.59	0.00	0.00
1	1117	22697897	1175	390	985	576	265.89	0	-3.49	-3.58	0.00	0.00
1	1118	22697938	1174	390	985	576	265.17	0	-3.49	-3.58	0.00	0.00
1	1119	22697979	1174	390	985	576	265.17	0	-3.49	-3.58	0.00	0.00
1	1120	22698020	1174	390	985	576	265.17	0	-3.49	-3.58	0.00	0.00
1	1121	22698061	1174	390	985	576	265.17	0	-3.50	-3.57	0.00	0.00
1	1122	22698102	1174	390	985	576	265.17	0	-3.50	-3.57	0.00	0.00
1	1123	22698142	1174	389	985	576	265.88	0	-3.50	-3.57	0.00	0.00
1	1124	22698183	1174	389	985	576	265.88	0	-3.50	-3.57	0.00	0.00
1	1125	22698224	1173	389	985	576	265.17	0	-3.51	-3.56	0.00	0.00
1	1126	22698265	1173	389	985	576	265.17	0	-3.51	-3.56	0.00	0.00
1	1127	22698305	1173	389	985	576	265.17	0	-3.51	-3.56	0.00	0.00
1	1128	22698346	1173	389	985	576	265.17	0	-3.51	-3.56	0.00	0.00
1	1129	22698387	1173	389	985	576	265.17	0	-3.52	-3.56	0.00	0.00
1	1130	22698428	1173	388	985	576	265.87	0	-3.52	-3.55	0.00	0.00
1	1131	22698469	1172	388	985	576	265.17	0	-3.52	-3.55	0.00	0.00
1	1132	22698509	1172	388	985	576	265.17	0	-3.52	-3.55	0.00	0.00
1	1133	22698550	1172	388	985	576	265.17	0	-3.53	-3.55	0.00	0.00
1	1134	22698591	1172	388	985	576	265.17	0	-3.53	-3.54	0.00	0.00
1	1135	22698632	1172	388	985	576	265.17	0	-3.53	-3.54	0.00	0.00
1	1136	22698673	1172	388	985	576	265.17	0	-3.53	-3.54	0.00	0.00
1	1137	22698713	1172	387	985	576	265.88	0	-3.54	-3.54	0.00	0.00
1	1138	22698754	1171	387	985	576	265.17	0	-3.54	-3.53	0.00	0.00
1	1139	22698794	1171	387	985	576	265.17	0	-3.54	-3.53	0.00	0.00
1	1140	22698835	1171	387	985	576	265.17	0	-3.54	-3.53	0.00	0.00
1	1141	22698876	1171	387	985	576	265.17	0	-3.55	-3.53	0.00	0.00
1	1142	22698917	1171	387	985	576	265.17	0	-3.55	-3.52	0.00	0.00
1	1143	22698958	1171	386	985	576	265.89	0	-3.55	-3.52	0.00	0.00
1	1144	22698999	1171	386	985	576	265.89	0	-3.55	-3.52	0.00	0.00
1	1145	22699040	1170	386	985	576	265.19	0	-3.56	-3.52	0.00	0.00
1	1146	22699081	1170	386	985	576	265.19	0	-3.56	-3.51	0.00	0.00
1	1147	22699122	1170	386	985	576	265.19	0	-3.56	-3.51	0.00	0.00
1	1148	22699163	1170	386	985	576	265.19	0	-3.56	-3.51	0.00	0.00
1	1149	22699204	1170	386	985	576	265.19	0	-3.56	-3.51	0.00	0.00
1	1150	22699245	1170	385	985	576	265.91	0	-3.57	-3.50	0.00	0.00
1	1151	22699285	1170	385	985	576	265.91	0	-3.57	-3.50	0.00	0.00
1	1152	22699326	1169	385	985	576	265.21	0	-3.57	-3.50	0.00	0.00
1	1153	22699366	1169	385	985	576	265.21	0	-3.57	-3.50	0.00	0.00
1	1154	22699407	1169	385	985	576	265.21	0	-3.58	-3.49	0.00	0.00
1	1155	22699448	1169	385	985	576	265.21	0	-3.58	-3.49	0.00	0.00
1	1156	22699489	1169	385	985	576	265.21	0	-3.58	-3.49	0.00	0.00
1	1157	22699530	1169	384	985	576	265.93	0	-3.58	-3.49	0.00	0.00
1	1158	22699570	1169	384	985	576	265.93	0	-3.59	-3.48	0.00	0.00
1	1159	22699611	1168	384	985	576	265.24	0	-3.59	-3.48	0.00	0.00
1	1160	22699652	1168	384	985	576	265.24	0	-3.59	-3.48	0.00	0.00
1	1161	22699693	1168	384	985	576	265.24	0	-3.59	-3.48	0.00	0.00
1	1162	22699734	1168	384	985	576	265.24	0	-3.60	-3.47	0.00	0.00
1	1163	22699774	1168	384	985	576	265.24	0	-3.60	-3.47	0.00	0.00
1	1164	22699815	1168	383	985	576	265.97	0	-3.60	-3.47	0.00	0.00
1	1165	22699856	1168	383	985	576	265.97	0	-3.60	-3.47	0.00	0.00
1	1166	22699897	1167	383	985	576	265.28	0	-3.61	-3.46	0.00	0.00
1	1167	22699938	1167	383	985	576	265.28	0	-3.61	-3.46	0.00	0.00
1	1168	22699978	1167	383	985	576	265.28	0	-3.61	-3.46	0.00	0.00
1	1169	22700019	1167	383	985	576	265.28	0	-3.61	-3.46	0.00	0.00
1	1170	22700060	1167	383	985	576	265.28	0	-3.61	-3.46	0.00	0.00
1	1171	22700101	1167	383	985	576	265.28	0	-3.62	-3.45	0.00	0.00
1	1172	22700142	1166	382	985	576	265.32	0	-3.62	-3.45	0.00	0.00
1	1173	22700183	1166	382	985	576	265.32	0	-3.62	-3.45	0.00	0.00
1	1174	22700224	1166	382	985	576	265.32	0	-3.62	-3.44	0.00	0.00
1	1175	22700265	1166	382	985	576	265.32	0	-3.63	-3.44	0.00	0.00
1	1176	22700306	1166	382	985	576	265.32	0	-3.63	-3.44	0.00	0.00
1	1177	22700346	1166	382	985	576	265.32	0	-3.63	-3.44	0.00	0.00
1	1178	22700387	1166	381	985	576	266.06	0	-3.63	-3.43	0.00	0.00
1	1179	22700427	1165	381	985	576	265.38	0	-3.64	-3.43	0.00	0.00
1	1180	22700468	1165	381	985	576	265.38	0	-3.64	-3.43	0.00	0.00
1	1181	22700509	1165	381	985	576	265.38	0	-3.64	-3.43	0.00	0.00
1	1182	22700550	1165	381	985	576	265.38	0	-3.64	-3.43	0.00	0.00
1	1183	22700591	1165	381	985	576	265.38	0	-3.65	-3.42	0.00	0.00
1	1184	22700632	1165	381	985	576	265.38	0	-3.65	-3.42	0.00	0.00
1	1185	22700673	1165	381	985	576	265.38	0	-3.65	-3.42	0.00	0.00
1	1186	22700714	1164	380	985	576	265.44	0	-3.65	-3.42	0.00	0.00
1	1187	22700755	1164	380	985	576	265.44	0	-3.65	-3.41	0.00	0.00
1	1188	22700795	1164	380	985	576	265.44	0	-3.66	-3.41	0.00	0.00
1	1189	22700836	1164	380	985	576	265.44	0	-3.66	-3.41	0.00	0.00
1	1190	22700877	1164	380	985	576	265.44	0	-3.66	-3.41	0.00	0.00
1	1191	22700918	1164	380	985	576	265.44	0	-3.66	-3.40	0.00	0.00
1	1192	22700959	1163	380	985	576	264.76	0	-3.67	-3.40	0.00	0.00
1	1193	22701000	1163	379	985	576	265.51	0	-3.67	-3.40	0.00	0.00
1	1194	22701041	1163	379	985	576	265.51	0	-3.67	-3.40	0.00	0.00
1	1195	22701082	1163	379	985	576	265.51	0	-3.67	-3.39	0.00	0.00
1	1196	22701122	1163	379	985	576	265.51	0	-3.68	-3.39	0.00	0.00
1	1197	22701163	1163	379	985	576	265.51	0	-3.68	-3.39	0.00	0.00
1	1198	22701204	1163	379	985	576	265.51	0	-3.68	-3.39	0.00	0.00
1	1199	22701245	1162	379	985	576	264.84	0	-3.68	-3.38	0.00	0.00
1	1200	22701286	1162	378	985	576	265.58	0	-3.68	-3.38	0.00	0.00
1	1201	22701327	1162	378	985	576	265.58	0	-3.69	-3.38	0.00	0.00
1	1202	22701368	1162	378	985	576	265.58	0	-3.69	-3.38	0.00	0.00
1	1203	22701408	1162	378	985	576	265.58	0	-3.69	-3.37	0.00	0.00
1	1204	22701449	1162	378	985	576	265.58	0	-3.69	-3.37	0.00	0.00
1	1205	22701490	1162	378	985	576	265.58	0	-3.70	-3.37	0.00	0.00
1	1206	22701531	1161	378	985	576	264.92	0	-3.70	-3.36	0.00	0.00
1	1207	22701572	1161	377	985	576	265.66	0	-3.70	-3.36	0.00	0.00
1	1208	22701613	1161	377	985	576	265.66	0	-3.70	-3.36	0.00	0.00
1	1209	22701654	1161	377	985	576	265.66	0	-3.71	-3.36	0.00	0.00
1	1210	22701694	1161	377	985	576	265.66	0	-3.71	-3.36	0.00	0.00
1	1211	22701734	1161	377	985	576	265.66	0	-3.71	-3.35	0.00	0.00
1	1212	22701775	1160	377	985	576	265.00	0	-3.71	-3.35	0.00	0.00
1	1213	22701816	1160	377	985	576	265.00	0	-3.71	-3.35	0.00	0.00
1	1214	22701857	1160	376	985	576	265.75	0	-3.72	-3.34	0.00	0.00
1	1215	22701898	1160	376	985	576	265.75	0	-3.72	-3.34	0.00	0.00
1	1216	22701939	1160	376	985	576	265.75	0	-3.72	-3.34	0.00	0.00
1	1217	22701980	1160	376	985	576	265.75	0	-3.72	-3.34	0.00	0.00
1	1218	22702021	1160	376	985	576	265.75	0	-3.73	-3.33	0.00	0.00
1	1219	22702062	1159	376	985	576	265.10	0	-3.73	-3.33	0.00	0.00
1	1220	22702103	1159	376	985	576	265.10	0	-3.73	-3.33	0.00	0.00
1	1221	22702144	1159	376	985	576	265.10	0	-3.73	-3.33	0.00	0.00
1	1222	22702185	1159	375	985	576	265.85	0	-3.74	-3.32	0.00	0.00
1	1223	22702226	1159	375	985	576	265.85	0	-3.74	-3.32	0.00	0.00
1	1224	22702267	1159	375	985	576	265.85	0	-3.74	-3.32	0.00	0.00
1	1225	22702308	1158	375	985	576	265.20	0	-3.74	-3.32	0.00	0.00
1	1226	22702348	1158	375	985	576	265.20	0	-3.74	-3.31	0.00	0.00
1	1227	22702388	1158	375	985	576	265.20	0	-3.75	-3.31	0.00	0.00
1	1228	22702428	1158	375	985	576	265.20	0	-3.75	-3.31	0.00	0.00
1	1229	22702469	1158	374	985	576	265.96	0	-3.75	-3.31	0.00	0.00
1	1230	22702510	1158	374	985	576	265.96	0	-3.75	-3.30	0.00	0.00
1	1231	22702551	1158	374	985	576	265.96	0	-3.76	-3.30	0.00	0.00
1	1232	22702591	1157	374	985	576	265.31	0	-3.76	-3.30	0.00	0.00
1	1233	22702632	1157	374	985	576	265.31	0	-3.76	-3.30	0.00	0.00
1	1234	22702672	1157	374	985	576	265.31	0	-3.76	-3.29	0.00	0.00
1	1235	22702713	1157	374	985	576	265.31	0	-3.76	-3.29	0.00	0.00
1	1236	22702754	1157	374	985	576	265.31	0	-3.77	-3.29	0.00	0.00
1	1237	22702795	1157	373	985	576	266.07	0	-3.77	-3.29	0.00	0.00
1	1238	22702836	1156	373	985	576	265.42	0	-3.77	-3.28	0.00	0.00
1	1239	22702877	1156	373	985	576	265.42	0	-3.77	-3.28	0.00	0.00
1	1240	22702918	1156	373	985	576	265.42	0	-3.78	-3.28	0.00	0.00
1	1241	22702959	1156	373	985	576	265.42	0	-3.78	-3.28	0.00	0.00
1	1242	22702999	1156	373	985	576	265.42	0	-3.78	-3.27	0.00	0.00
1	1243	22703039	1156	373	985	576	265.42	0	-3.78	-3.27	0.00	0.00
1	1244	22703080	1156	372	985	576	266.19	0	-3.78	-3.27	0.00	0.00
1	1245	22703120	1155	372	985	576	265.55	0	-3.79	-3.26	0.00	0.00
1	1246	22703161	1155	372	985	576	265.55	0	-3.79	-3.26	0.00	0.00
1	1247	22703202	1155	372	985	576	265.55	0	-3.79	-3.26	0.00	0.00
1	1248	22703243	1155	372	985	576	265.55	0	-3.79	-3.26	0.00	0.00
1	1249	22703284	1155	372	985	576	265.55	0	-3.80	-3.25	0.00	0.00
1	1250	22703325	1155	372	985	576	265.55	0	-3.80	-3.25	0.00	0.00
1	1251	22703365	1154	372	985	576	264.91	0	-3.80	-3.25	0.00	0.00
1	1252	22703406	1154	371	985	576	265.68	0	-3.80	-3.25	0.00	0.00
1	1253	22703447	1154	371	985	576	265.68	0	-3.80	-3.24	0.00	0.00
1	1254	22703488	1154	371	985	576	265.68	0	-3.81	-3.24	0.00	0.00
1	1255	22703529	1154	371	985	576	265.68	0	-3.81	-3.24	0.00	0.00
1	1256	22703569	1154	371	985	576	265.68	0	-3.81	-3.24	0.00	0.00
1	1257	22703610	1154	371	985	576	265.68	0	-3.81	-3.23	0.00	0.00
1	1258	22703651	1153	371	985	576	265.05	0	-3.82	-3.23	0.00	0.00
1	1259	22703692	1153	370	985	576	265.82	0	-3.82	-3.23	0.00	0.00
1	1260	22703733	1153	370	985	576	265.82	0	-3.82	-3.23	0.00	0.00
1	1261	22703774	1153	370	985	576	265.82	0	-3.82	-3.22	0.00	0.00
1	1262	22703815	1153	370	985	576	265.82	0	-3.82	-3.22	0.00	0.00
1	1263	22703855	1153	370	985	576	265.82	0	-3.83	-3.22	0.00	0.00
1	1264	22703896	1152	370	985	576	265.19	0	-3.83	-3.22	0.00	0.00
1	1265	22703937	1152	370	985	576	265.19	0	-3.83	-3.21	0.00	0.00
1	1266	22703977	1152	369	985	576	265.97	0	-3.83	-3.21	0.00	0.00
1	1267	22704018	1152	369	985	576	265.97	0	-3.84	-3.21	0.00	0.00
1	1268	22704059	1152	369	985	576	265.97	0	-3.84	-3.20	0.00	0.00
1	1269	22704100	1152	369	985	576	265.97	0	-3.84	-3.20	0.00	0.00
1	1270	22704141	1152	369	985	576	265.97	0	-3.84	-3.20	0.00	0.00
1	1271	22704182	1151	369	985	576	265.34	0	-3.84	-3.20	0.00	0.00
1	1272	22704223	1151	369	985	576	265.34	0	-3.85	-3.19	0.00	0.00
1	1273	22704263	1151	369	985	576	265.34	0	-3.85	-3.19	0.00	0.00
1	1274	22704303	1151	368	985	576	266.12	0	-3.85	-3.19	0.00	0.00
1	1275	22704344	1151	368	985	576	266.12	0	-3.85	-3.19	0.00	0.00
1	1276	22704385	1151	368	985	576	266.12	0	-3.86	-3.18	0.00	0.00
1	1277	22704426	1150	368	985	576	265.50	0	-3.86	-3.18	0.00	0.00
1	1278	22704467	1150	368	985	576	265.50	0	-3.86	-3.18	0.00	0.00
1	1279	22704508	1150	368	985	576	265.50	0	-3.86	-3.18	0.00	0.00
1	1280	22704549	1150	368	985	576	265.50	0	-3.86	-3.17	0.00	0.00
1	1281	22704589	1150	368	985	576	265.50	0	-3.87	-3.17	0.00	0.00
1	1282	22704630	1150	367	985	576	266.28	0	-3.87	-3.17	0.00	0.00
1	1283	22704671	1149	367	985	576	265.66	0	-3.87	-3.17	0.00	0.00
1	1284	22704712	1149	367	985	576	265.66	0	-3.87	-3.16	0.00	0.00
1	1285	22704753	1149	367	985	576	265.66	0	-3.87	-3.16	0.00	0.00
1	1286	22704794	1149	367	985	576	265.66	0	-3.88	-3.16	0.00	0.00
1	1287	22704835	1149	367	985	576	265.66	0	-3.88	-3.16	0.00	0.00
1	1288	22704876	1149	367	985	576	265.66	0	-3.88	-3.15	0.00	0.00
1	1289	22704917	1149	367	985	576	265.66	0	-3.88	-3.15	0.00	0.00
1	1290	22704958	1148	366	985	576	265.84	0	-3.89	-3.15	0.00	0.00
1	1291	22704999	1148	366	985	576	265.84	0	-3.89	-3.14	-200.00	-200.00
1	1292	22705040	1148	366	976	568	265.31	0	-3.89	-3.14	-200.00	-200.00
1	1293	22705081	1148	366	967	559	264.59	0	-3.89	-3.14	-200.00	-200.00
1	1294	22705122	1148	366	959	550	263.77	0	-3.89	-3.14	0.00	0.00
1	1295	22705163	1148	366	959	550	263.77	0	-3.90	-3.13	0.00	0.00
1	1296	22705203	1147	366	959	550	263.06	0	-3.90	-3.13	0.00	0.00
1	1297	22705244	1147	365	959	550	263.76	0	-3.90	-3.13	0.00	0.00
1	1298	22705285	1147	365	959	550	263.76	0	-3.90	-3.13	0.00	0.00
1	1299	22705325	1147	365	959	550	263.76	0	-3.90	-3.12	0.00	0.00
1	1300	22705366	1147	365	959	550	263.76	0	-3.91	-3.12	0.00	0.00
1	1301	22705407	1147	365	959	550	263.76	0	-3.91	-3.12	0.00	0.00
1	1302	22705448	1146	365	959	550	263.05	0	-3.91	-3.12	0.00	0.00
1	1303	22705489	1146	365	959	550	263.05	0	-3.91	-3.11	0.00	0.00
1	1304	22705530	1146	365	959	550	263.05	0	-3.92	-3.11	-200.00	0.00
1	1305	22705571	1146	364	950	550	270.21	0	-3.92	-3.11	-200.00	0.00
1	1306	22705612	1146	364	941	550	276.80	0	-3.92	-3.10	0.00	0.00
1	1307	22705653	1146	364	941	550	276.80	0	-3.92	-3.10	0.00	0.00
1	1308	22705694	1145	364	941	550	276.07	0	-3.92	-3.10	0.00	0.00
1	1309	22705735	1145	364	941	550	276.07	0	-3.93	-3.10	0.00	0.00
1	1310	22705776	1145	364	941	550	276.07	0	-3.93	-3.09	0.00	0.00
1	1311	22705817	1145	364	941	550	276.07	0	-3.93	-3.09	0.00	0.00
1	1312	22705858	1145	364	941	550	276.07	0	-3.93	-3.09	0.00	0.00
1	1313	22705899	1145	363	941	550	276.74	0	-3.93	-3.09	0.00	-200.00
1	1314	22705940	1144	363	941	541	269.99	0	-3.94	-3.08	0.00	-200.00
1	1315	22705981	1144	363	941	533	264.78	0	-3.94	-3.08	0.00	-200.00
1	1316	22706022	1144	363	941	526	260.34	0	-3.94	-3.08	0.00	-200.00
1	1317	22706064	1144	363	941	516	254.20	0	-3.94	-3.07	0.00	-200.00
1	1318	22706104	1144	363	941	510	250.64	0	-3.94	-3.07	0.00	-200.00
1	1319	22706145	1144	363	941	501	245.46	0	-3.95	-3.07	0.00	0.00
1	1320	22706185	1144	363	941	501	245.46	0	-3.95	-3.07	0.00	0.00
1	1321	22706226	1143	362	941	501	245.20	0	-3.95	-3.06	0.00	0.00
1	1322	22706267	1143	362	941	501	245.20	0	-3.95	-3.06	0.00	0.00
1	1323	22706307	1143	362	941	501	245.20	0	-3.96	-3.06	0.00	0.00
1	1324	22706348	1143	362	941	501	245.20	0	-3.96	-3.06	0.00	0.00
1	1325	22706389	1143	362	941	501	245.20	0	-3.96	-3.05	0.00	-200.00
1	1326	22706429	1143	362	941	494	241.30	0	-3.96	-3.05	0.00	-200.00
1	1327	22706470	1142	362	941	486	236.17	0	-3.96	-3.05	0.00	-200.00
1	1328	22706510	1142	362	941	477	231.57	0	-3.97	-3.05	0.00	-200.00
1	1329	22706550	1142	361	941	468	227.71	0	-3.97	-3.04	0.00	-200.00
1	1330	22706591	1142	361	941	460	224.06	0	-3.97	-3.04	0.00	-200.00
1	1331	22706632	1142	361	941	451	220.23	0	-3.97	-3.04	0.00	-200.00
1	1332	22706673	1142	361	941	445	217.85	0	-3.97	-3.03	0.00	-200.00
1	1333	22706714	1141	361	941	436	213.60	0	-3.98	-3.03	0.00	-200.00
1	1334	22706755	1141	361	941	427	210.61	0	-3.98	-3.03	0.00	-200.00
1	1335	22706796	1141	361	941	419	208.24	0	-3.98	-3.03	0.00	0.00
1	1336	22706836	1141	361	941	419	208.24	0	-3.98	-3.02	0.00	0.00
1	1337	22706877	1141	360	941	419	208.52	0	-3.98	-3.02	0.00	0.00
1	1338	22706918	1141	360	941	419	208.52	0	-3.99	-3.02	0.00	0.00
1	1339	22706959	1140	360	941	419	207.56	0	-3.99	-3.02	0.00	0.00
1	1340	22707000	1140	360	941	419	207.56	0	-3.99	-3.01	0.00	0.00
1	1341	22707041	1140	360	941	419	207.56	0	-3.99	-3.01	200.00	0.00
1	1342	22707082	1140	360	950	419	198.95	0	-3.99	-3.01	200.00	0.00
1	1343	22707123	1140	360	956	419	193.23	0	-4.00	-3.00	200.00	0.00
1	1344	22707163	1140	360	965	419	184.68	0	-4.00	-3.00	200.00	0.00
1	1345	22707204	1139	359	974	419	175.57	0	-4.00	-3.00	200.00	0.00
1	1346	22707245	1139	359	983	419	167.14	0	-4.00	-3.00	200.00	0.00
1	1347	22707285	1139	359	989	419	161.55	0	-4.00	-2.99	200.00	0.00
1	1348	22707326	1139	359	998	419	153.24	0	-4.01	-2.99	200.00	0.00
1	1349	22707367	1139	359	1006	419	145.91	0	-4.01	-2.99	200.00	0.00
1	1350	22707408	1139	359	1015	419	137.75	0	-4.01	-2.99	200.00	0.00
1	1351	22707449	1138	359	1024	419	128.83	0	-4.01	-2.98	200.00	0.00
1	1352	22707489	1138	359	1031	419	122.67	0	-4.02	-2.98	200.00	0.00
1	1353	22707530	1138	358	1040	419	115.43	0	-4.02	-2.98	200.00	-200.00
1	1354	22707571	1138	358	1047	413	106.33	0	-4.02	-2.97	200.00	-200.00
1	1355	22707612	1138	358	1055	404	94.89	0	-4.02	-2.97	200.00	-200.00
1	1356	22707653	1138	358	1064	395	82.73	0	-4.02	-2.97	200.00	-200.00
1	1357	22707694	1137	358	1073	387	70.26	0	-4.03	-2.97	0.00	-200.00
1	1358	22707735	1137	358	1073	378	67.05	0	-4.03	-2.96	0.00	-200.00
1	1359	22707775	1137	358	1073	371	65.31	0	-4.03	-2.96	0.00	-200.00
1	1360	22707816	1137	358	1073	362	64.12	0	-4.03	-2.96	0.00	-200.00
1	1361	22707857	1137	357	1073	354	64.07	0	-4.03	-2.95	0.00	0.00
1	1362	22707898	1137	357	1073	354	64.07	0	-4.04	-2.95	0.00	0.00
1	1363	22707939	1136	357	1073	354	63.07	0	-4.04	-2.95	0.00	0.00
1	1364	22707980	1136	357	1073	354	63.07	0	-4.04	-2.95	0.00	0.00
1	1365	22708021	1136	357	1073	354	63.07	0	-4.04	-2.94	0.00	0.00
1	1366	22708062	1136	357	1073	354	63.07	0	-4.04	-2.94	0.00	0.00
1	1367	22708103	1136	357	1073	354	63.07	0	-4.05	-2.94	0.00	0.00
1	1368	22708143	1136	357	1073	354	63.07	0	-4.05	-2.94	200.00	0.00
1	1369	22708184	1135	357	1082	354	53.08	0	-4.05	-2.93	200.00	0.00
1	1370	22708225	1135	356	1090	354	45.04	0	-4.05	-2.93	200.00	0.00
1	1371	22708265	1135	356	1097	354	38.05	0	-4.05	-2.93	200.00	0.00
1	1372	22708306	1135	356	1105	354	30.07	0	-4.06	-2.92	0.00	0.00
1	1373	22708347	1135	356	1105	354	30.07	0	-4.06	-2.92	0.00	0.00
1	1374	22708388	1135	356	1105	354	30.07	0	-4.06	-2.92	0.00	0.00
1	1375	22708429	1134	356	1105	354	29.07	0	-4.06	-2.92	0.00	0.00
1	1376	22708470	1134	356	1105	354	29.07	0	-4.06	-2.91	0.00	0.00
1	1377	22708511	1134	356	1105	354	29.07	0	-4.07	-2.91	0.00	0.00
1	1378	22708552	1134	355	1105	354	29.02	0	-4.07	-2.91	0.00	0.00
1	1379	22708593	1134	355	1105	354	29.02	0	-4.07	-2.90	0.00	0.00
1	1380	22708634	1134	355	1105	354	29.02	0	-4.07	-2.90	0.00	0.00
1	1381	22708675	1133	355	1105	354	28.02	0	-4.07	-2.90	0.00	0.00
1	1382	22708716	1133	355	1105	354	28.02	0	-4.08	-2.90	0.00	0.00
1	1383	22708757	1133	355	1105	354	28.02	0	-4.08	-2.89	0.00	0.00
1	1384	22708798	1133	355	1105	354	28.02	0	-4.08	-2.89	0.00	0.00
1	1385	22708838	1133	355	1105	354	28.02	0	-4.08	-2.89	0.00	0.00
1	1386	22708879	1133	355	1105	354	28.02	0	-4.08	-2.89	0.00	0.00
1	1387	22708920	1132	354	1105	354	27.00	0	-4.09	-2.88	200.00	0.00
1	1388	22708960	1132	354	1115	354	17.00	0	-4.09	-2.88	200.00	-200.00
1	1389	22709001	1132	354	1122	347	12.21	0	-4.09	-2.88	200.00	-200.00
1	1390	22709042	1132	354	1130	338	16.12	0	-4.09	-2.87	0.00	0.00
1	1391	22709083	1132	354	1130	338	16.12	0	-4.09	-2.87	0.00	0.00
1	1392	22709123	1132	354	1130	338	16.12	0	-4.10	-2.87	0.00	0.00
1	1393	22709164	1131	354	1130	338	16.03	0	-4.10	-2.87	0.00	0.00
1	1394	22709205	1131	354	1130	338	16.03	0	-4.10	-2.86	0.00	0.00
1	1395	22709246	1131	353	1130	338	15.03	0	-4.10	-2.86	0.00	0.00
1	1396	22709287	1131	353	1130	338	15.03	0	-4.10	-2.86	0.00	0.00
1	1397	22709327	1131	353	1130	338	15.03	0	-4.10	-2.86	0.00	0.00
1	1398	22709368	1131	353	1130	338	15.03	0	-4.11	-2.85	200.00	200.00
1	1399	22709409	1130	353	1138	346	10.63	0	-4.11	-2.85	200.00	200.00
1	1400	22709449	1130	353	1148	355	18.11	0	-4.11	-2.85	0.00	0.00
1	1401	22709490	1130	353	1148	355	18.11	0	-4.11	-2.84	0.00	0.00
1	1402	22709531	1130	353	1148	355	18.11	0	-4.11	-2.84	0.00	0.00
1	1403	22709571	1130	353	1148	355	18.11	0	-4.12	-2.84	0.00	0.00
1	1404	22709612	1130	352	1148	355	18.25	0	-4.12	-2.83	0.00	0.00
1	1405	22709653	1129	352	1148	355	19.24	0	-4.12	-2.83	0.00	0.00
1	1406	22709694	1129	352	1148	355	19.24	0	-4.12	-2.83	0.00	0.00
1	1407	22709735	1129	352	1148	355	19.24	0	-4.12	-2.83	0.00	0.00
1	1408	22709775	1129	352	1148	355	19.24	0	-4.13	-2.82	-200.00	200.00
1	1409	22709816	1129	352	1139	364	15.62	0	-4.13	-2.82	0.00	0.00
1	1410	22709856	1129	352	1139	364	15.62	0	-4.13	-2.82	0.00	0.00
1	1411	22709897	1128	352	1139	364	16.28	0	-4.13	-2.82	0.00	0.00
1	1412	22709938	1128	351	1139	364	17.03	0	-4.13	-2.81	0.00	0.00
1	1413	22709979	1128	351	1139	364	17.03	0	-4.14	-2.81	0.00	0.00
1	1414	22710019	1128	351	1139	364	17.03	0	-4.14	-2.81	0.00	0.00
1	1415	22710059	1128	351	1139	364	17.03	0	-4.14	-2.80	-200.00	0.00
1	1416	22710100	1128	351	1130	364	13.15	0	-4.14	-2.80	-200.00	-200.00
1	1417	22710141	1127	351	1124	358	7.62	1	-4.14	-2.80	-200.00	-200.00
1	1418	22710182	1127	351	1115	349	12.17	0	-4.15	-2.80	0.00	0.00
1	1419	22710223	1127	351	1115	349	12.17	0	-4.15	-2.79	0.00	0.00
1	1420	22710264	1127	351	1115	349	12.17	0	-4.15	-2.79	0.00	0.00
1	1421	22710305	1127	350	1115	349	12.04	0	-4.15	-2.79	0.00	0.00
1	1422	22710346	1127	350	1115	349	12.04	0	-4.15	-2.78	0.00	0.00
1	1423	22710386	1126	350	1115	349	11.05	0	-4.15	-2.78	0.00	0.00
1	1424	22710427	1126	350	1115	349	11.05	0	-4.16	-2.78	0.00	0.00
1	1425	22710468	1126	350	1115	349	11.05	0	-4.16	-2.78	0.00	0.00
1	1426	22710509	1126	350	1115	349	11.05	0	-4.16	-2.77	0.00	0.00
1	1427	22710549	1126	350	1115	349	11.05	0	-4.16	-2.77	0.00	0.00
1	1428	22710590	1126	350	1115	349	11.05	0	-4.16	-2.77	0.00	0.00
1	1429	22710633	1125	350	1115	349	10.05	0	-4.17	-2.76	0.00	0.00
1	1430	22710673	1125	349	1115	349	10.00	0	-4.17	-2.76	0.00	0.00
1	1431	22710714	1125	349	1115	349	10.00	0	-4.17	-2.76	0.00	0.00
1	1432	22710755	1125	349	1115	349	10.00	0	-4.17	-2.76	0.00	0.00
1	1433	22710796	1125	349	1115	349	10.00	0	-4.17	-2.75	0.00	0.00
1	1434	22710837	1124	349	1115	349	9.00	1	-4.18	-2.75	0.00	0.00
1	1435	22710878	1124	349	1115	349	9.00	1	-4.18	-2.75	0.00	0.00
1	1436	22710919	1124	349	1115	349	9.00	1	-4.18	-2.74	200.00	-200.00
1	1437	22710960	1124	349	1121	342	7.62	1	-4.18	-2.74	200.00	-200.00
1	1438	22711001	1124	349	1130	334	16.16	0	-4.18	-2.74	200.00	0.00
1	1439	22711041	1124	348	1138	334	19.80	0	-4.19	-2.74	0.00	0.00
1	1440	22711082	1123	348	1138	334	20.52	0	-4.19	-2.73	0.00	0.00
1	1441	22711122	1123	348	1138	334	20.52	0	-4.19	-2.73	0.00	0.00
1	1442	22711163	1123	348	1138	334	20.52	0	-4.19	-2.73	0.00	0.00
1	1443	22711204	1123	348	1138	334	20.52	0	-4.19	-2.72	0.00	0.00
1	1444	22711245	1123	348	1138	334	20.52	0	-4.19	-2.72	0.00	0.00
1	1445	22711285	1123	348	1138	334	20.52	0	-4.20	-2.72	0.00	200.00
1	1446	22711326	1122	348	1138	342	17.09	0	-4.20	-2.72	0.00	200.00
1	1447	22711366	1122	347	1138	351	16.49	0	-4.20	-2.71	0.00	0.00
1	1448	22711406	1122	347	1138	351	16.49	0	-4.20	-2.71	0.00	0.00
1	1449	22711447	1122	347	1138	351	16.49	0	-4.20	-2.71	0.00	0.00
1	1450	22711488	1122	347	1138	351	16.49	0	-4.21	-2.70	0.00	0.00
1	1451	22711529	1122	347	1138	351	16.49	0	-4.21	-2.70	0.00	0.00
1	1452	22711569	1121	347	1138	351	17.46	0	-4.21	-2.70	0.00	0.00
1	1453	22711610	1121	347	1138	351	17.46	0	-4.21	-2.70	0.00	0.00
1	1454	22711651	1121	347	1138	351	17.46	0	-4.21	-2.69	0.00	0.00
1	1455	22711691	1121	347	1138	351	17.46	0	-4.21	-2.69	-200.00	0.00
1	1456	22711732	1121	346	1130	351	10.30	0	-4.22	-2.69	-200.00	0.00
1	1457	22711773	1121	346	1121	351	5.00	1	-4.22	-2.68	0.00	0.00
1	1458	22711814	1120	346	1121	351	5.10	1	-4.22	-2.68	0.00	0.00
1	1459	22711855	1120	346	1121	351	5.10	1	-4.22	-2.68	0.00	0.00
1	1460	22711896	1120	346	1121	351	5.10	1	-4.22	-2.68	0.00	0.00
1	1461	22711937	1120	346	1121	351	5.10	1	-4.23	-2.67	0.00	0.00
1	1462	22711978	1120	346	1121	351	5.10	1	-4.23	-2.67	0.00	0.00
1	1463	22712018	1120	346	1121	351	5.10	1	-4.23	-2.67	0.00	0.00
