Pra_Test	PointNum	PointTime	ObjPointX	ObjPointY	PostPointX	PostPointY	Distance	Hit	ObjSpeedX	ObjSpeedY	PostSpeedX	PostSpeedY
1	1	3298857	1259	597	960	600	299.02	0	-0.04	-5.00	0.00	-200.00
1	2	3298898	1259	597	960	592	299.04	0	-0.05	-5.00	0.00	-200.00
1	3	3298939	1259	597	960	585	299.24	0	-0.05	-5.00	0.00	-200.00
1	4	3298980	1259	596	960	575	299.74	0	-0.05	-5.00	0.00	-200.00
1	5	3299021	1259	596	960	567	300.40	0	-0.06	-5.00	0.00	-200.00
1	6	3299062	1259	596	960	560	301.16	0	-0.06	-5.00	200.00	-200.00
1	7	3299103	1259	596	968	552	294.31	0	-0.06	-5.00	0.00	0.00
1	8	3299144	1259	595	968	552	294.16	0	-0.07	-5.00	0.00	0.00
1	9	3299185	1259	595	968	552	294.16	0	-0.07	-5.00	0.00	0.00
1	10	3299226	1259	595	968	552	294.16	0	-0.07	-5.00	0.00	0.00
1	11	3299267	1259	595	968	552	294.16	0	-0.08	-5.00	0.00	0.00
1	12	3299308	1259	595	968	552	294.16	0	-0.08	-5.00	0.00	0.00
1	13	3299349	1259	594	968	552	294.02	0	-0.08	-5.00	200.00	200.00
1	14	3299390	1259	594	977	561	283.92	0	-0.09	-5.00	200.00	200.00
1	15	3299431	1259	594	985	569	275.14	0	-0.09	-5.00	200.00	200.00
1	16	3299472	1259	594	992	576	267.61	0	-0.09	-5.00	200.00	200.00
1	17	3299513	1259	594	1001	584	258.19	0	-0.10	-5.00	200.00	200.00
1	18	3299554	1259	593	1009	593	250.00	0	-0.10	-5.00	200.00	200.00
1	19	3299595	1259	593	1018	601	241.13	0	-0.10	-5.00	200.00	200.00
1	20	3299636	1259	593	1026	610	233.62	0	-0.11	-5.00	200.00	200.00
1	21	3299677	1259	593	1033	616	227.17	0	-0.11	-5.00	200.00	200.00
1	22	3299718	1259	593	1042	625	219.35	0	-0.11	-5.00	200.00	200.00
1	23	3299759	1259	592	1050	633	212.98	0	-0.12	-5.00	200.00	0.00
1	24	3299800	1259	592	1058	633	205.14	0	-0.12	-5.00	0.00	0.00
1	25	3299841	1259	592	1058	633	205.14	0	-0.13	-5.00	0.00	0.00
1	26	3299882	1259	592	1058	633	205.14	0	-0.13	-5.00	0.00	0.00
1	27	3299923	1259	592	1058	633	205.14	0	-0.13	-5.00	-200.00	0.00
1	28	3299963	1259	591	1050	633	213.18	0	-0.14	-5.00	-200.00	0.00
1	29	3300004	1259	591	1041	633	222.01	0	-0.14	-5.00	-200.00	0.00
1	30	3300046	1259	591	1032	633	230.85	0	-0.14	-5.00	-200.00	200.00
1	31	3300086	1259	591	1026	640	238.10	0	-0.15	-5.00	-200.00	200.00
1	32	3300127	1259	591	1017	649	248.85	0	-0.15	-5.00	0.00	200.00
1	33	3300167	1259	590	1017	658	251.37	0	-0.15	-5.00	0.00	200.00
1	34	3300208	1259	590	1017	664	253.06	0	-0.16	-5.00	200.00	200.00
1	35	3300249	1259	590	1026	673	247.34	0	-0.16	-5.00	200.00	200.00
1	36	3300290	1259	590	1034	682	243.08	0	-0.16	-5.00	200.00	200.00
1	37	3300331	1259	590	1043	690	238.03	0	-0.17	-5.00	200.00	0.00
1	38	3300372	1259	589	1051	690	231.23	0	-0.17	-5.00	200.00	0.00
1	39	3300412	1259	589	1060	690	223.16	0	-0.17	-5.00	200.00	0.00
1	40	3300453	1259	589	1067	690	216.94	0	-0.18	-5.00	200.00	-200.00
1	41	3300494	1259	589	1075	682	206.17	0	-0.18	-5.00	200.00	-200.00
1	42	3300535	1259	589	1084	673	194.12	0	-0.18	-5.00	0.00	-200.00
1	43	3300576	1259	588	1084	664	190.79	0	-0.19	-5.00	0.00	-200.00
1	44	3300617	1259	588	1084	656	187.75	0	-0.19	-5.00	-200.00	0.00
1	45	3300658	1259	588	1077	656	194.29	0	-0.19	-5.00	-200.00	0.00
1	46	3300698	1259	588	1069	656	201.80	0	-0.20	-5.00	-200.00	0.00
1	47	3300739	1259	587	1060	656	210.62	0	-0.20	-5.00	-200.00	200.00
1	48	3300780	1259	587	1052	664	220.86	0	-0.20	-5.00	0.00	0.00
1	49	3300821	1259	587	1052	664	220.86	0	-0.21	-5.00	0.00	0.00
1	50	3300862	1259	587	1052	664	220.86	0	-0.21	-5.00	0.00	0.00
1	51	3300903	1259	587	1052	664	220.86	0	-0.21	-5.00	0.00	0.00
1	52	3300944	1259	586	1052	664	221.21	0	-0.22	-5.00	0.00	0.00
1	53	3300985	1259	586	1052	664	221.21	0	-0.22	-5.00	0.00	0.00
1	54	3301025	1259	586	1052	664	221.21	0	-0.22	-4.99	0.00	0.00
1	55	3301066	1259	586	1052	664	221.21	0	-0.23	-4.99	0.00	0.00
1	56	3301106	1259	586	1052	664	221.21	0	-0.23	-4.99	0.00	0.00
1	57	3301147	1259	585	1052	664	221.56	0	-0.23	-4.99	0.00	0.00
1	58	3301188	1259	585	1052	664	221.56	0	-0.24	-4.99	0.00	0.00
1	59	3301229	1259	585	1052	664	221.56	0	-0.24	-4.99	0.00	0.00
1	60	3301270	1259	585	1052	664	221.56	0	-0.24	-4.99	0.00	0.00
1	61	3301310	1259	585	1052	664	221.56	0	-0.25	-4.99	0.00	0.00
1	62	3301351	1259	584	1052	664	221.92	0	-0.25	-4.99	0.00	0.00
1	63	3301392	1259	584	1052	664	221.92	0	-0.25	-4.99	0.00	0.00
1	64	3301433	1259	584	1052	664	221.92	0	-0.26	-4.99	0.00	0.00
1	65	3301474	1259	584	1052	664	221.92	0	-0.26	-4.99	0.00	0.00
1	66	3301515	1259	584	1052	664	221.92	0	-0.26	-4.99	0.00	0.00
1	67	3301556	1259	583	1052	664	222.28	0	-0.27	-4.99	0.00	0.00
1	68	3301597	1259	583	1052	664	222.28	0	-0.27	-4.99	0.00	0.00
1	69	3301637	1259	583	1052	664	222.28	0	-0.28	-4.99	0.00	0.00
1	70	3301678	1259	583	1052	664	222.28	0	-0.28	-4.99	0.00	0.00
1	71	3301719	1259	583	1052	664	222.28	0	-0.28	-4.99	0.00	0.00
1	72	3301760	1259	582	1052	664	222.65	0	-0.29	-4.99	0.00	0.00
1	73	3301801	1259	582	1052	664	222.65	0	-0.29	-4.99	0.00	0.00
1	74	3301842	1259	582	1052	664	222.65	0	-0.29	-4.99	0.00	0.00
1	75	3301882	1259	582	1052	664	222.65	0	-0.30	-4.99	0.00	0.00
1	76	3301923	1259	582	1052	664	222.65	0	-0.30	-4.99	0.00	0.00
1	77	3301963	1259	581	1052	664	223.02	0	-0.30	-4.99	0.00	0.00
1	78	3302004	1259	581	1052	664	223.02	0	-0.31	-4.99	0.00	0.00
1	79	3302045	1259	581	1052	664	223.02	0	-0.31	-4.99	0.00	0.00
1	80	3302086	1259	581	1052	664	223.02	0	-0.31	-4.99	0.00	0.00
1	81	3302127	1259	581	1052	664	223.02	0	-0.32	-4.99	0.00	0.00
1	82	3302168	1259	580	1052	664	223.39	0	-0.32	-4.99	0.00	0.00
1	83	3302209	1259	580	1052	664	223.39	0	-0.32	-4.99	0.00	0.00
1	84	3302250	1259	580	1052	664	223.39	0	-0.33	-4.99	0.00	0.00
1	85	3302290	1259	580	1052	664	223.39	0	-0.33	-4.99	0.00	0.00
1	86	3302331	1259	580	1052	664	223.39	0	-0.33	-4.99	0.00	0.00
1	87	3302372	1259	579	1052	664	223.77	0	-0.34	-4.99	0.00	0.00
1	88	3302413	1259	579	1052	664	223.77	0	-0.34	-4.99	0.00	0.00
1	89	3302454	1259	579	1052	664	223.77	0	-0.34	-4.99	0.00	0.00
1	90	3302495	1259	579	1052	664	223.77	0	-0.35	-4.99	0.00	0.00
1	91	3302536	1259	578	1052	664	224.15	0	-0.35	-4.99	0.00	0.00
1	92	3302577	1259	578	1052	664	224.15	0	-0.35	-4.99	0.00	0.00
1	93	3302617	1259	578	1052	664	224.15	0	-0.36	-4.99	0.00	0.00
1	94	3302658	1259	578	1052	664	224.15	0	-0.36	-4.99	0.00	0.00
1	95	3302699	1259	578	1052	664	224.15	0	-0.36	-4.99	0.00	0.00
1	96	3302740	1259	577	1052	664	224.54	0	-0.37	-4.99	0.00	0.00
1	97	3302780	1259	577	1052	664	224.54	0	-0.37	-4.99	0.00	0.00
1	98	3302821	1259	577	1052	664	224.54	0	-0.37	-4.99	0.00	0.00
1	99	3302862	1259	577	1052	664	224.54	0	-0.38	-4.99	0.00	0.00
1	100	3302903	1259	577	1052	664	224.54	0	-0.38	-4.99	0.00	0.00
1	101	3302943	1259	576	1052	664	224.93	0	-0.38	-4.99	0.00	0.00
1	102	3302984	1259	576	1052	664	224.93	0	-0.39	-4.98	0.00	0.00
1	103	3303025	1259	576	1052	664	224.93	0	-0.39	-4.98	0.00	0.00
1	104	3303066	1259	576	1052	664	224.93	0	-0.39	-4.98	0.00	0.00
1	105	3303107	1259	576	1052	664	224.93	0	-0.40	-4.98	0.00	0.00
1	106	3303148	1259	575	1052	664	225.32	0	-0.40	-4.98	0.00	0.00
1	107	3303188	1259	575	1052	664	225.32	0	-0.40	-4.98	0.00	0.00
1	108	3303229	1258	575	1052	664	224.40	0	-0.41	-4.98	0.00	0.00
1	109	3303269	1258	575	1052	664	224.40	0	-0.41	-4.98	0.00	0.00
1	110	3303310	1258	575	1052	664	224.40	0	-0.42	-4.98	0.00	0.00
1	111	3303351	1258	574	1052	664	224.80	0	-0.42	-4.98	0.00	0.00
1	112	3303392	1258	574	1052	664	224.80	0	-0.42	-4.98	0.00	0.00
1	113	3303433	1258	574	1052	664	224.80	0	-0.43	-4.98	0.00	0.00
1	114	3303474	1258	574	1052	664	224.80	0	-0.43	-4.98	0.00	0.00
1	115	3303515	1258	574	1052	664	224.80	0	-0.43	-4.98	0.00	0.00
1	116	3303556	1258	573	1052	664	225.20	0	-0.44	-4.98	0.00	0.00
1	117	3303596	1258	573	1052	664	225.20	0	-0.44	-4.98	0.00	0.00
1	118	3303637	1258	573	1052	664	225.20	0	-0.44	-4.98	0.00	0.00
1	119	3303678	1258	573	1052	664	225.20	0	-0.45	-4.98	0.00	0.00
1	120	3303718	1258	573	1052	664	225.20	0	-0.45	-4.98	0.00	0.00
1	121	3303759	1258	572	1052	664	225.61	0	-0.45	-4.98	0.00	0.00
1	122	3303799	1258	572	1052	664	225.61	0	-0.46	-4.98	0.00	0.00
1	123	3303840	1258	572	1052	664	225.61	0	-0.46	-4.98	0.00	0.00
1	124	3303881	1258	572	1052	664	225.61	0	-0.46	-4.98	0.00	0.00
1	125	3303922	1258	572	1052	664	225.61	0	-0.47	-4.98	0.00	0.00
1	126	3303963	1258	571	1052	664	226.02	0	-0.47	-4.98	0.00	0.00
1	127	3304004	1258	571	1052	664	226.02	0	-0.47	-4.98	0.00	0.00
1	128	3304045	1258	571	1052	664	226.02	0	-0.48	-4.98	0.00	0.00
1	129	3304086	1258	571	1052	664	226.02	0	-0.48	-4.98	0.00	0.00
1	130	3304127	1258	571	1052	664	226.02	0	-0.48	-4.98	0.00	0.00
1	131	3304168	1258	570	1052	664	226.43	0	-0.49	-4.98	0.00	0.00
1	132	3304209	1258	570	1052	664	226.43	0	-0.49	-4.98	0.00	0.00
1	133	3304250	1258	570	1052	664	226.43	0	-0.49	-4.98	0.00	0.00
1	134	3304291	1258	570	1052	664	226.43	0	-0.50	-4.98	0.00	0.00
1	135	3304332	1258	569	1052	664	226.85	0	-0.50	-4.97	0.00	0.00
1	136	3304373	1258	569	1052	664	226.85	0	-0.50	-4.97	0.00	0.00
1	137	3304414	1258	569	1052	664	226.85	0	-0.51	-4.97	0.00	0.00
1	138	3304455	1258	569	1052	664	226.85	0	-0.51	-4.97	0.00	0.00
1	139	3304496	1258	569	1052	664	226.85	0	-0.51	-4.97	0.00	0.00
1	140	3304537	1258	568	1052	664	227.27	0	-0.52	-4.97	0.00	0.00
1	141	3304578	1258	568	1052	664	227.27	0	-0.52	-4.97	0.00	0.00
1	142	3304619	1258	568	1052	664	227.27	0	-0.52	-4.97	0.00	0.00
1	143	3304660	1258	568	1052	664	227.27	0	-0.53	-4.97	0.00	0.00
1	144	3304701	1258	568	1052	664	227.27	0	-0.53	-4.97	0.00	0.00
1	145	3304742	1258	567	1052	664	227.69	0	-0.53	-4.97	0.00	0.00
1	146	3304783	1258	567	1052	664	227.69	0	-0.54	-4.97	0.00	0.00
1	147	3304824	1258	567	1052	664	227.69	0	-0.54	-4.97	0.00	0.00
1	148	3304864	1258	567	1052	664	227.69	0	-0.54	-4.97	0.00	0.00
1	149	3304905	1258	567	1052	664	227.69	0	-0.55	-4.97	0.00	0.00
1	150	3304946	1258	566	1052	664	228.12	0	-0.55	-4.97	0.00	0.00
1	151	3304986	1258	566	1052	664	228.12	0	-0.55	-4.97	0.00	0.00
1	152	3305027	1258	566	1052	664	228.12	0	-0.56	-4.97	0.00	0.00
1	153	3305068	1258	566	1052	664	228.12	0	-0.56	-4.97	0.00	0.00
1	154	3305108	1258	566	1052	664	228.12	0	-0.56	-4.97	0.00	0.00
1	155	3305149	1258	565	1052	664	228.55	0	-0.57	-4.97	0.00	0.00
1	156	3305189	1258	565	1052	664	228.55	0	-0.57	-4.97	0.00	0.00
1	157	3305230	1258	565	1052	664	228.55	0	-0.57	-4.97	0.00	0.00
1	158	3305271	1257	565	1052	664	227.65	0	-0.58	-4.97	0.00	0.00
1	159	3305312	1257	565	1052	664	227.65	0	-0.58	-4.97	0.00	0.00
1	160	3305353	1257	564	1052	664	228.09	0	-0.58	-4.97	0.00	0.00
1	161	3305394	1257	564	1052	664	228.09	0	-0.59	-4.97	0.00	0.00
1	162	3305435	1257	564	1052	664	228.09	0	-0.59	-4.96	0.00	0.00
1	163	3305476	1257	564	1052	664	228.09	0	-0.60	-4.96	0.00	0.00
1	164	3305517	1257	564	1052	664	228.09	0	-0.60	-4.96	0.00	0.00
1	165	3305558	1257	563	1052	664	228.53	0	-0.60	-4.96	0.00	0.00
1	166	3305598	1257	563	1052	664	228.53	0	-0.61	-4.96	0.00	0.00
1	167	3305639	1257	563	1052	664	228.53	0	-0.61	-4.96	0.00	0.00
1	168	3305680	1257	563	1052	664	228.53	0	-0.61	-4.96	0.00	0.00
1	169	3305721	1257	563	1052	664	228.53	0	-0.62	-4.96	0.00	0.00
1	170	3305762	1257	562	1052	664	228.97	0	-0.62	-4.96	0.00	0.00
1	171	3305803	1257	562	1052	664	228.97	0	-0.62	-4.96	0.00	0.00
1	172	3305844	1257	562	1052	664	228.97	0	-0.63	-4.96	0.00	0.00
1	173	3305884	1257	562	1052	664	228.97	0	-0.63	-4.96	0.00	0.00
1	174	3305925	1257	562	1052	664	228.97	0	-0.63	-4.96	0.00	0.00
1	175	3305966	1257	561	1052	664	229.42	0	-0.64	-4.96	0.00	0.00
1	176	3306006	1257	561	1052	664	229.42	0	-0.64	-4.96	0.00	0.00
1	177	3306047	1257	561	1052	664	229.42	0	-0.64	-4.96	0.00	0.00
1	178	3306088	1257	561	1052	664	229.42	0	-0.65	-4.96	0.00	0.00
1	179	3306129	1257	561	1052	664	229.42	0	-0.65	-4.96	0.00	0.00
1	180	3306169	1257	560	1052	664	229.87	0	-0.65	-4.96	0.00	0.00
1	181	3306210	1257	560	1052	664	229.87	0	-0.66	-4.96	0.00	0.00
1	182	3306251	1257	560	1052	664	229.87	0	-0.66	-4.96	0.00	0.00
1	183	3306292	1257	560	1052	664	229.87	0	-0.66	-4.96	0.00	0.00
1	184	3306333	1257	560	1052	664	229.87	0	-0.67	-4.96	0.00	0.00
1	185	3306374	1257	559	1052	664	230.33	0	-0.67	-4.95	0.00	0.00
1	186	3306415	1257	559	1052	664	230.33	0	-0.67	-4.95	0.00	0.00
1	187	3306456	1257	559	1052	664	230.33	0	-0.68	-4.95	0.00	0.00
1	188	3306496	1257	559	1052	664	230.33	0	-0.68	-4.95	0.00	0.00
1	189	3306537	1257	559	1052	664	230.33	0	-0.68	-4.95	0.00	0.00
1	190	3306578	1257	558	1052	664	230.78	0	-0.69	-4.95	0.00	0.00
1	191	3306619	1257	558	1052	664	230.78	0	-0.69	-4.95	0.00	0.00
1	192	3306660	1257	558	1052	664	230.78	0	-0.69	-4.95	0.00	0.00
1	193	3306701	1257	558	1052	664	230.78	0	-0.70	-4.95	0.00	0.00
1	194	3306741	1257	557	1052	664	231.24	0	-0.70	-4.95	0.00	0.00
1	195	3306782	1257	557	1052	664	231.24	0	-0.70	-4.95	0.00	0.00
1	196	3306823	1256	557	1052	664	230.36	0	-0.71	-4.95	0.00	0.00
1	197	3306864	1256	557	1052	664	230.36	0	-0.71	-4.95	0.00	0.00
1	198	3306905	1256	557	1052	664	230.36	0	-0.71	-4.95	0.00	0.00
1	199	3306946	1256	556	1052	664	230.82	0	-0.72	-4.95	0.00	0.00
1	200	3306987	1256	556	1052	664	230.82	0	-0.72	-4.95	0.00	0.00
1	201	3307028	1256	556	1052	664	230.82	0	-0.72	-4.95	0.00	0.00
1	202	3307069	1256	556	1052	664	230.82	0	-0.73	-4.95	0.00	0.00
1	203	3307110	1256	556	1052	664	230.82	0	-0.73	-4.95	0.00	0.00
1	204	3307151	1256	555	1052	664	231.29	0	-0.73	-4.95	0.00	0.00
1	205	3307192	1256	555	1052	664	231.29	0	-0.74	-4.95	0.00	0.00
1	206	3307233	1256	555	1052	664	231.29	0	-0.74	-4.94	0.00	0.00
1	207	3307274	1256	555	1052	664	231.29	0	-0.74	-4.94	0.00	0.00
1	208	3307315	1256	555	1052	664	231.29	0	-0.75	-4.94	0.00	0.00
1	209	3307356	1256	554	1052	664	231.77	0	-0.75	-4.94	0.00	0.00
1	210	3307397	1256	554	1052	664	231.77	0	-0.75	-4.94	0.00	0.00
1	211	3307437	1256	554	1052	664	231.77	0	-0.76	-4.94	0.00	0.00
1	212	3307478	1256	554	1052	664	231.77	0	-0.76	-4.94	0.00	0.00
1	213	3307519	1256	554	1052	664	231.77	0	-0.76	-4.94	0.00	0.00
1	214	3307559	1256	553	1052	664	232.24	0	-0.77	-4.94	0.00	0.00
1	215	3307600	1256	553	1052	664	232.24	0	-0.77	-4.94	0.00	0.00
1	216	3307641	1256	553	1052	664	232.24	0	-0.77	-4.94	0.00	0.00
1	217	3307682	1256	553	1052	664	232.24	0	-0.78	-4.94	0.00	0.00
1	218	3307723	1256	553	1052	664	232.24	0	-0.78	-4.94	0.00	0.00
1	219	3307764	1256	552	1052	664	232.72	0	-0.79	-4.94	0.00	0.00
1	220	3307805	1256	552	1052	664	232.72	0	-0.79	-4.94	0.00	0.00
1	221	3307846	1256	552	1052	664	232.72	0	-0.79	-4.94	0.00	0.00
1	222	3307887	1256	552	1052	664	232.72	0	-0.80	-4.94	0.00	0.00
1	223	3307928	1256	552	1052	664	232.72	0	-0.80	-4.94	0.00	0.00
1	224	3307969	1256	551	1052	664	233.21	0	-0.80	-4.94	0.00	0.00
1	225	3308009	1256	551	1052	664	233.21	0	-0.81	-4.93	0.00	0.00
1	226	3308050	1256	551	1052	664	233.21	0	-0.81	-4.93	0.00	0.00
1	227	3308091	1256	551	1052	664	233.21	0	-0.81	-4.93	0.00	0.00
1	228	3308132	1255	551	1052	664	232.33	0	-0.82	-4.93	0.00	0.00
1	229	3308173	1255	550	1052	664	232.82	0	-0.82	-4.93	0.00	0.00
1	230	3308213	1255	550	1052	664	232.82	0	-0.82	-4.93	0.00	0.00
1	231	3308254	1255	550	1052	664	232.82	0	-0.83	-4.93	0.00	0.00
1	232	3308295	1255	550	1052	664	232.82	0	-0.83	-4.93	0.00	0.00
1	233	3308336	1255	550	1052	664	232.82	0	-0.83	-4.93	0.00	0.00
1	234	3308377	1255	549	1052	664	233.31	0	-0.84	-4.93	0.00	0.00
1	235	3308417	1255	549	1052	664	233.31	0	-0.84	-4.93	0.00	0.00
1	236	3308458	1255	549	1052	664	233.31	0	-0.84	-4.93	0.00	0.00
1	237	3308499	1255	549	1052	664	233.31	0	-0.85	-4.93	0.00	0.00
1	238	3308540	1255	549	1052	664	233.31	0	-0.85	-4.93	0.00	0.00
1	239	3308581	1255	548	1052	664	233.81	0	-0.85	-4.93	0.00	0.00
1	240	3308622	1255	548	1052	664	233.81	0	-0.86	-4.93	0.00	0.00
1	241	3308663	1255	548	1052	664	233.81	0	-0.86	-4.93	0.00	0.00
1	242	3308703	1255	548	1052	664	233.81	0	-0.86	-4.93	0.00	0.00
1	243	3308744	1255	548	1052	664	233.81	0	-0.87	-4.92	0.00	0.00
1	244	3308785	1255	547	1052	664	234.30	0	-0.87	-4.92	0.00	0.00
1	245	3308825	1255	547	1052	664	234.30	0	-0.87	-4.92	0.00	0.00
1	246	3308866	1255	547	1052	664	234.30	0	-0.88	-4.92	0.00	0.00
1	247	3308907	1255	547	1052	664	234.30	0	-0.88	-4.92	0.00	0.00
1	248	3308948	1255	547	1052	664	234.30	0	-0.88	-4.92	0.00	0.00
1	249	3308988	1255	546	1052	664	234.80	0	-0.89	-4.92	0.00	0.00
1	250	3309029	1255	546	1052	664	234.80	0	-0.89	-4.92	0.00	0.00
1	251	3309069	1255	546	1052	664	234.80	0	-0.89	-4.92	0.00	0.00
1	252	3309109	1255	546	1052	664	234.80	0	-0.90	-4.92	0.00	0.00
1	253	3309150	1255	546	1052	664	234.80	0	-0.90	-4.92	0.00	0.00
1	254	3309191	1255	545	1052	664	235.31	0	-0.90	-4.92	0.00	0.00
1	255	3309232	1255	545	1052	664	235.31	0	-0.91	-4.92	0.00	0.00
1	256	3309273	1254	545	1052	664	234.45	0	-0.91	-4.92	0.00	0.00
1	257	3309314	1254	545	1052	664	234.45	0	-0.91	-4.92	0.00	0.00
1	258	3309355	1254	545	1052	664	234.45	0	-0.92	-4.92	0.00	0.00
1	259	3309395	1254	544	1052	664	234.96	0	-0.92	-4.91	0.00	0.00
1	260	3309436	1254	544	1052	664	234.96	0	-0.92	-4.91	0.00	0.00
1	261	3309477	1254	544	1052	664	234.96	0	-0.93	-4.91	0.00	0.00
1	262	3309518	1254	544	1052	664	234.96	0	-0.93	-4.91	0.00	0.00
1	263	3309559	1254	543	1052	664	235.47	0	-0.93	-4.91	0.00	0.00
1	264	3309600	1254	543	1052	664	235.47	0	-0.94	-4.91	0.00	0.00
1	265	3309641	1254	543	1052	664	235.47	0	-0.94	-4.91	0.00	0.00
1	266	3309682	1254	543	1052	664	235.47	0	-0.94	-4.91	0.00	0.00
1	267	3309723	1254	543	1052	664	235.47	0	-0.95	-4.91	0.00	0.00
1	268	3309764	1254	542	1052	664	235.98	0	-0.95	-4.91	0.00	0.00
1	269	3309805	1254	542	1052	664	235.98	0	-0.95	-4.91	0.00	0.00
1	270	3309846	1254	542	1052	664	235.98	0	-0.96	-4.91	0.00	0.00
1	271	3309887	1254	542	1052	664	235.98	0	-0.96	-4.91	0.00	0.00
1	272	3309928	1254	542	1052	664	235.98	0	-0.96	-4.91	0.00	0.00
1	273	3309968	1254	541	1052	664	236.50	0	-0.97	-4.91	0.00	0.00
1	274	3310009	1254	541	1052	664	236.50	0	-0.97	-4.90	0.00	0.00
1	275	3310050	1254	541	1052	664	236.50	0	-0.97	-4.90	0.00	0.00
1	276	3310091	1254	541	1052	664	236.50	0	-0.98	-4.90	0.00	0.00
1	277	3310132	1254	541	1052	664	236.50	0	-0.98	-4.90	0.00	0.00
1	278	3310173	1254	540	1052	664	237.02	0	-0.98	-4.90	0.00	0.00
1	279	3310214	1254	540	1052	664	237.02	0	-0.99	-4.90	0.00	0.00
1	280	3310254	1254	540	1052	664	237.02	0	-0.99	-4.90	0.00	0.00
1	281	3310295	1254	540	1052	664	237.02	0	-0.99	-4.90	0.00	0.00
1	282	3310336	1253	540	1052	664	236.17	0	-1.00	-4.90	0.00	0.00
1	283	3310377	1253	539	1052	664	236.70	0	-1.00	-4.90	0.00	0.00
1	284	3310418	1253	539	1052	664	236.70	0	-1.00	-4.90	0.00	0.00
1	285	3310459	1253	539	1052	664	236.70	0	-1.01	-4.90	0.00	0.00
1	286	3310499	1253	539	1052	664	236.70	0	-1.01	-4.90	0.00	0.00
1	287	3310540	1253	539	1052	664	236.70	0	-1.01	-4.90	0.00	0.00
1	288	3310581	1253	538	1052	664	237.23	0	-1.02	-4.90	0.00	0.00
1	289	3310622	1253	538	1052	664	237.23	0	-1.02	-4.89	0.00	0.00
1	290	3310662	1253	538	1052	664	237.23	0	-1.02	-4.89	0.00	0.00
1	291	3310703	1253	538	1052	664	237.23	0	-1.03	-4.89	0.00	0.00
1	292	3310744	1253	538	1052	664	237.23	0	-1.03	-4.89	0.00	0.00
1	293	3310785	1253	537	1052	664	237.76	0	-1.03	-4.89	0.00	0.00
1	294	3310826	1253	537	1052	664	237.76	0	-1.04	-4.89	0.00	0.00
1	295	3310867	1253	537	1052	664	237.76	0	-1.04	-4.89	0.00	0.00
1	296	3310908	1253	537	1052	664	237.76	0	-1.04	-4.89	0.00	0.00
1	297	3310949	1253	537	1052	664	237.76	0	-1.05	-4.89	0.00	0.00
1	298	3310990	1253	536	1052	664	238.30	0	-1.05	-4.89	0.00	0.00
1	299	3311031	1253	536	1052	664	238.30	0	-1.05	-4.89	0.00	0.00
1	300	3311072	1253	536	1052	664	238.30	0	-1.06	-4.89	0.00	0.00
1	301	3311113	1253	536	1052	664	238.30	0	-1.06	-4.89	0.00	0.00
1	302	3311154	1253	536	1052	664	238.30	0	-1.06	-4.89	0.00	0.00
1	303	3311195	1253	535	1052	664	238.83	0	-1.07	-4.88	0.00	0.00
1	304	3311236	1253	535	1052	664	238.83	0	-1.07	-4.88	0.00	0.00
1	305	3311276	1253	535	1052	664	238.83	0	-1.07	-4.88	0.00	0.00
1	306	3311317	1252	535	1052	664	237.99	0	-1.08	-4.88	0.00	0.00
1	307	3311358	1252	535	1052	664	237.99	0	-1.08	-4.88	0.00	0.00
1	308	3311398	1252	534	1052	664	238.54	0	-1.08	-4.88	0.00	0.00
1	309	3311439	1252	534	1052	664	238.54	0	-1.09	-4.88	0.00	0.00
1	310	3311480	1252	534	1052	664	238.54	0	-1.09	-4.88	0.00	0.00
1	311	3311521	1252	534	1052	664	238.54	0	-1.09	-4.88	0.00	0.00
1	312	3311562	1252	534	1052	664	238.54	0	-1.10	-4.88	0.00	0.00
1	313	3311602	1252	533	1052	664	239.08	0	-1.10	-4.88	0.00	0.00
1	314	3311643	1252	533	1052	664	239.08	0	-1.10	-4.88	0.00	0.00
1	315	3311684	1252	533	1052	664	239.08	0	-1.11	-4.88	0.00	0.00
1	316	3311725	1252	533	1052	664	239.08	0	-1.11	-4.88	0.00	0.00
1	317	3311766	1252	533	1052	664	239.08	0	-1.11	-4.87	0.00	0.00
1	318	3311806	1252	532	1052	664	239.63	0	-1.12	-4.87	0.00	0.00
1	319	3311847	1252	532	1052	664	239.63	0	-1.12	-4.87	0.00	0.00
1	320	3311888	1252	532	1052	664	239.63	0	-1.12	-4.87	0.00	0.00
1	321	3311928	1252	532	1052	664	239.63	0	-1.13	-4.87	0.00	0.00
1	322	3311969	1252	532	1052	664	239.63	0	-1.13	-4.87	0.00	0.00
1	323	3312010	1252	531	1052	664	240.19	0	-1.13	-4.87	0.00	0.00
1	324	3312051	1252	531	1052	664	240.19	0	-1.14	-4.87	0.00	0.00
1	325	3312092	1252	531	1052	664	240.19	0	-1.14	-4.87	0.00	0.00
1	326	3312132	1252	531	1052	664	240.19	0	-1.14	-4.87	0.00	0.00
1	327	3312173	1251	531	1052	664	239.35	0	-1.15	-4.87	0.00	0.00
1	328	3312214	1251	530	1052	664	239.91	0	-1.15	-4.87	0.00	0.00
1	329	3312255	1251	530	1052	664	239.91	0	-1.15	-4.87	0.00	0.00
1	330	3312296	1251	530	1052	664	239.91	0	-1.16	-4.86	0.00	0.00
1	331	3312337	1251	530	1052	664	239.91	0	-1.16	-4.86	0.00	0.00
1	332	3312377	1251	530	1052	664	239.91	0	-1.16	-4.86	0.00	0.00
1	333	3312418	1251	529	1052	664	240.47	0	-1.17	-4.86	0.00	0.00
1	334	3312458	1251	529	1052	664	240.47	0	-1.17	-4.86	0.00	0.00
1	335	3312499	1251	529	1052	664	240.47	0	-1.17	-4.86	0.00	0.00
1	336	3312540	1251	529	1052	664	240.47	0	-1.18	-4.86	0.00	0.00
1	337	3312580	1251	529	1052	664	240.47	0	-1.18	-4.86	0.00	0.00
1	338	3312621	1251	528	1052	664	241.03	0	-1.18	-4.86	0.00	0.00
1	339	3312662	1251	528	1052	664	241.03	0	-1.19	-4.86	0.00	0.00
1	340	3312702	1251	528	1052	664	241.03	0	-1.19	-4.86	0.00	0.00
1	341	3312743	1251	528	1052	664	241.03	0	-1.19	-4.86	0.00	0.00
1	342	3312784	1251	528	1052	664	241.03	0	-1.20	-4.85	0.00	0.00
1	343	3312824	1251	527	1052	664	241.60	0	-1.20	-4.85	0.00	0.00
1	344	3312865	1251	527	1052	664	241.60	0	-1.20	-4.85	0.00	0.00
1	345	3312905	1251	527	1052	664	241.60	0	-1.21	-4.85	0.00	0.00
1	346	3312946	1251	527	1052	664	241.60	0	-1.21	-4.85	0.00	0.00
1	347	3312987	1251	527	1052	664	241.60	0	-1.21	-4.85	0.00	0.00
1	348	3313028	1250	527	1052	664	240.78	0	-1.22	-4.85	0.00	0.00
1	349	3313069	1250	526	1052	664	241.35	0	-1.22	-4.85	0.00	0.00
1	350	3313110	1250	526	1052	664	241.35	0	-1.22	-4.85	0.00	0.00
1	351	3313151	1250	526	1052	664	241.35	0	-1.23	-4.85	0.00	0.00
1	352	3313192	1250	526	1052	664	241.35	0	-1.23	-4.85	0.00	0.00
1	353	3313232	1250	525	1052	664	241.92	0	-1.23	-4.85	0.00	0.00
1	354	3313273	1250	525	1052	664	241.92	0	-1.24	-4.84	0.00	0.00
1	355	3313314	1250	525	1052	664	241.92	0	-1.24	-4.84	0.00	0.00
1	356	3313354	1250	525	1052	664	241.92	0	-1.24	-4.84	0.00	0.00
1	357	3313395	1250	525	1052	664	241.92	0	-1.25	-4.84	0.00	0.00
1	358	3313436	1250	525	1052	664	241.92	0	-1.25	-4.84	0.00	0.00
1	359	3313477	1250	524	1052	664	242.50	0	-1.25	-4.84	0.00	0.00
1	360	3313518	1250	524	1052	664	242.50	0	-1.26	-4.84	0.00	0.00
1	361	3313559	1250	524	1052	664	242.50	0	-1.26	-4.84	0.00	0.00
1	362	3313600	1250	524	1052	664	242.50	0	-1.26	-4.84	0.00	0.00
1	363	3313641	1250	524	1052	664	242.50	0	-1.27	-4.84	0.00	0.00
1	364	3313682	1250	523	1052	664	243.07	0	-1.27	-4.84	0.00	0.00
1	365	3313723	1250	523	1052	664	243.07	0	-1.27	-4.84	0.00	0.00
1	366	3313764	1250	523	1052	664	243.07	0	-1.28	-4.83	0.00	0.00
1	367	3313805	1250	523	1052	664	243.07	0	-1.28	-4.83	0.00	0.00
1	368	3313846	1249	523	1052	664	242.26	0	-1.28	-4.83	0.00	0.00
1	369	3313886	1249	522	1052	664	242.84	0	-1.29	-4.83	0.00	0.00
1	370	3313927	1249	522	1052	664	242.84	0	-1.29	-4.83	0.00	0.00
1	371	3313968	1249	522	1052	664	242.84	0	-1.29	-4.83	0.00	0.00
1	372	3314009	1249	522	1052	664	242.84	0	-1.30	-4.83	0.00	0.00
1	373	3314050	1249	522	1052	664	242.84	0	-1.30	-4.83	0.00	0.00
1	374	3314090	1249	521	1052	664	243.43	0	-1.30	-4.83	0.00	0.00
1	375	3314131	1249	521	1052	664	243.43	0	-1.31	-4.83	0.00	0.00
1	376	3314172	1249	521	1052	664	243.43	0	-1.31	-4.83	0.00	0.00
1	377	3314212	1249	521	1052	664	243.43	0	-1.31	-4.82	0.00	0.00
1	378	3314253	1249	521	1052	664	243.43	0	-1.32	-4.82	0.00	0.00
1	379	3314294	1249	520	1052	664	244.02	0	-1.32	-4.82	0.00	0.00
1	380	3314334	1249	520	1052	664	244.02	0	-1.32	-4.82	0.00	0.00
1	381	3314377	1249	520	1052	664	244.02	0	-1.33	-4.82	0.00	0.00
1	382	3314417	1249	520	1052	664	244.02	0	-1.33	-4.82	0.00	0.00
1	383	3314458	1249	520	1052	664	244.02	0	-1.33	-4.82	0.00	0.00
1	384	3314498	1249	519	1052	664	244.61	0	-1.34	-4.82	0.00	0.00
1	385	3314539	1249	519	1052	664	244.61	0	-1.34	-4.82	0.00	0.00
1	386	3314580	1248	519	1052	664	243.81	0	-1.34	-4.82	0.00	0.00
1	387	3314621	1248	519	1052	664	243.81	0	-1.35	-4.82	0.00	0.00
1	388	3314662	1248	519	1052	664	243.81	0	-1.35	-4.81	0.00	0.00
1	389	3314703	1248	518	1052	664	244.40	0	-1.35	-4.81	0.00	0.00
1	390	3314744	1248	518	1052	664	244.40	0	-1.36	-4.81	0.00	0.00
1	391	3314785	1248	518	1052	664	244.40	0	-1.36	-4.81	0.00	0.00
1	392	3314826	1248	518	1052	664	244.40	0	-1.36	-4.81	0.00	0.00
1	393	3314867	1248	518	1052	664	244.40	0	-1.37	-4.81	0.00	0.00
1	394	3314907	1248	517	1052	664	245.00	0	-1.37	-4.81	0.00	0.00
1	395	3314948	1248	517	1052	664	245.00	0	-1.37	-4.81	0.00	0.00
1	396	3314989	1248	517	1052	664	245.00	0	-1.38	-4.81	0.00	0.00
1	397	3315029	1248	517	1052	664	245.00	0	-1.38	-4.81	0.00	0.00
1	398	3315070	1248	517	1052	664	245.00	0	-1.38	-4.81	0.00	0.00
1	399	3315111	1248	516	1052	664	245.60	0	-1.39	-4.80	0.00	0.00
1	400	3315152	1248	516	1052	664	245.60	0	-1.39	-4.80	0.00	0.00
1	401	3315193	1248	516	1052	664	245.60	0	-1.39	-4.80	0.00	0.00
1	402	3315233	1248	516	1052	664	245.60	0	-1.39	-4.80	0.00	0.00
1	403	3315274	1248	516	1052	664	245.60	0	-1.40	-4.80	0.00	0.00
1	404	3315315	1247	515	1052	664	245.41	0	-1.40	-4.80	0.00	0.00
1	405	3315356	1247	515	1052	664	245.41	0	-1.41	-4.80	0.00	0.00
1	406	3315397	1247	515	1052	664	245.41	0	-1.41	-4.80	0.00	0.00
1	407	3315438	1247	515	1052	664	245.41	0	-1.41	-4.80	0.00	0.00
1	408	3315479	1247	515	1052	664	245.41	0	-1.41	-4.80	0.00	0.00
1	409	3315520	1247	514	1052	664	246.02	0	-1.42	-4.79	0.00	0.00
1	410	3315561	1247	514	1052	664	246.02	0	-1.42	-4.79	0.00	0.00
1	411	3315602	1247	514	1052	664	246.02	0	-1.42	-4.79	0.00	0.00
1	412	3315643	1247	514	1052	664	246.02	0	-1.43	-4.79	0.00	0.00
1	413	3315684	1247	514	1052	664	246.02	0	-1.43	-4.79	0.00	0.00
1	414	3315725	1247	513	1052	664	246.63	0	-1.43	-4.79	0.00	0.00
1	415	3315766	1247	513	1052	664	246.63	0	-1.44	-4.79	0.00	0.00
1	416	3315807	1247	513	1052	664	246.63	0	-1.44	-4.79	0.00	0.00
1	417	3315848	1247	513	1052	664	246.63	0	-1.44	-4.79	0.00	0.00
1	418	3315889	1247	513	1052	664	246.63	0	-1.45	-4.79	0.00	0.00
1	419	3315930	1247	512	1052	664	247.24	0	-1.45	-4.78	0.00	0.00
1	420	3315971	1247	512	1052	664	247.24	0	-1.45	-4.78	0.00	0.00
1	421	3316012	1246	512	1052	664	246.45	0	-1.46	-4.78	0.00	0.00
1	422	3316053	1246	512	1052	664	246.45	0	-1.46	-4.78	0.00	0.00
1	423	3316094	1246	512	1052	664	246.45	0	-1.46	-4.78	0.00	0.00
1	424	3316135	1246	511	1052	664	247.07	0	-1.47	-4.78	0.00	0.00
1	425	3316176	1246	511	1052	664	247.07	0	-1.47	-4.78	0.00	0.00
1	426	3316217	1246	511	1052	664	247.07	0	-1.47	-4.78	0.00	0.00
1	427	3316258	1246	511	1052	664	247.07	0	-1.48	-4.78	0.00	0.00
1	428	3316299	1246	511	1052	664	247.07	0	-1.48	-4.78	0.00	0.00
1	429	3316340	1246	511	1052	664	247.07	0	-1.48	-4.78	0.00	0.00
1	430	3316381	1246	510	1052	664	247.69	0	-1.49	-4.77	0.00	0.00
1	431	3316422	1246	510	1052	664	247.69	0	-1.49	-4.77	0.00	0.00
1	432	3316463	1246	510	1052	664	247.69	0	-1.49	-4.77	0.00	0.00
1	433	3316504	1246	510	1052	664	247.69	0	-1.50	-4.77	0.00	0.00
1	434	3316545	1246	510	1052	664	247.69	0	-1.50	-4.77	0.00	0.00
1	435	3316586	1246	509	1052	664	248.32	0	-1.50	-4.77	0.00	0.00
1	436	3316627	1246	509	1052	664	248.32	0	-1.51	-4.77	0.00	0.00
1	437	3316668	1245	509	1052	664	247.54	0	-1.51	-4.77	0.00	0.00
1	438	3316709	1245	509	1052	664	247.54	0	-1.51	-4.77	0.00	0.00
1	439	3316750	1245	509	1052	664	247.54	0	-1.52	-4.76	0.00	0.00
1	440	3316791	1245	508	1052	664	248.16	0	-1.52	-4.76	0.00	0.00
1	441	3316832	1245	508	1052	664	248.16	0	-1.52	-4.76	0.00	0.00
1	442	3316873	1245	508	1052	664	248.16	0	-1.53	-4.76	0.00	0.00
1	443	3316914	1245	508	1052	664	248.16	0	-1.53	-4.76	0.00	0.00
1	444	3316955	1245	508	1052	664	248.16	0	-1.53	-4.76	0.00	0.00
1	445	3316995	1245	507	1052	664	248.79	0	-1.54	-4.76	0.00	0.00
1	446	3317036	1245	507	1052	664	248.79	0	-1.54	-4.76	0.00	0.00
1	447	3317077	1245	507	1052	664	248.79	0	-1.54	-4.76	0.00	0.00
1	448	3317118	1245	507	1052	664	248.79	0	-1.55	-4.76	0.00	0.00
1	449	3317159	1245	507	1052	664	248.79	0	-1.55	-4.75	0.00	0.00
1	450	3317200	1245	506	1052	664	249.43	0	-1.55	-4.75	0.00	0.00
1	451	3317241	1245	506	1052	664	249.43	0	-1.56	-4.75	0.00	0.00
1	452	3317282	1245	506	1052	664	249.43	0	-1.56	-4.75	0.00	0.00
1	453	3317322	1244	506	1052	664	248.65	0	-1.56	-4.75	0.00	0.00
1	454	3317363	1244	506	1052	664	248.65	0	-1.56	-4.75	0.00	0.00
1	455	3317404	1244	505	1052	664	249.29	0	-1.57	-4.75	0.00	0.00
1	456	3317444	1244	505	1052	664	249.29	0	-1.57	-4.75	0.00	0.00
1	457	3317485	1244	505	1052	664	249.29	0	-1.57	-4.75	0.00	0.00
1	458	3317525	1244	505	1052	664	249.29	0	-1.58	-4.74	0.00	0.00
1	459	3317566	1244	505	1052	664	249.29	0	-1.58	-4.74	0.00	0.00
1	460	3317607	1244	504	1052	664	249.93	0	-1.58	-4.74	0.00	0.00
1	461	3317647	1244	504	1052	664	249.93	0	-1.59	-4.74	0.00	0.00
1	462	3317688	1244	504	1052	664	249.93	0	-1.59	-4.74	0.00	0.00
1	463	3317729	1244	504	1052	664	249.93	0	-1.59	-4.74	0.00	0.00
1	464	3317769	1244	504	1052	664	249.93	0	-1.60	-4.74	0.00	0.00
1	465	3317809	1244	503	1052	664	250.57	0	-1.60	-4.74	0.00	0.00
1	466	3317850	1244	503	1052	664	250.57	0	-1.60	-4.74	0.00	0.00
1	467	3317891	1244	503	1052	664	250.57	0	-1.61	-4.73	0.00	0.00
1	468	3317932	1244	503	1052	664	250.57	0	-1.61	-4.73	0.00	0.00
1	469	3317973	1243	503	1052	664	249.80	0	-1.61	-4.73	0.00	0.00
1	470	3318014	1243	503	1052	664	249.80	0	-1.62	-4.73	0.00	0.00
1	471	3318055	1243	502	1052	664	250.45	0	-1.62	-4.73	0.00	0.00
1	472	3318096	1243	502	1052	664	250.45	0	-1.62	-4.73	0.00	0.00
1	473	3318137	1243	502	1052	664	250.45	0	-1.63	-4.73	0.00	0.00
1	474	3318178	1243	502	1052	664	250.45	0	-1.63	-4.73	0.00	0.00
1	475	3318219	1243	502	1052	664	250.45	0	-1.63	-4.73	0.00	0.00
1	476	3318260	1243	501	1052	664	251.10	0	-1.64	-4.72	0.00	0.00
1	477	3318301	1243	501	1052	664	251.10	0	-1.64	-4.72	0.00	0.00
1	478	3318342	1243	501	1052	664	251.10	0	-1.64	-4.72	0.00	0.00
1	479	3318383	1243	501	1052	664	251.10	0	-1.65	-4.72	0.00	0.00
1	480	3318424	1243	501	1052	664	251.10	0	-1.65	-4.72	0.00	0.00
1	481	3318465	1243	500	1052	664	251.75	0	-1.65	-4.72	0.00	0.00
1	482	3318506	1243	500	1052	664	251.75	0	-1.66	-4.72	0.00	0.00
1	483	3318547	1243	500	1052	664	251.75	0	-1.66	-4.72	0.00	0.00
1	484	3318588	1242	500	1052	664	250.99	0	-1.66	-4.72	0.00	0.00
1	485	3318629	1242	500	1052	664	250.99	0	-1.66	-4.71	0.00	0.00
1	486	3318670	1242	499	1052	664	251.64	0	-1.67	-4.71	0.00	0.00
1	487	3318711	1242	499	1052	664	251.64	0	-1.67	-4.71	0.00	0.00
1	488	3318751	1242	499	1052	664	251.64	0	-1.67	-4.71	0.00	0.00
1	489	3318792	1242	499	1052	664	251.64	0	-1.68	-4.71	0.00	0.00
1	490	3318832	1242	499	1052	664	251.64	0	-1.68	-4.71	0.00	0.00
1	491	3318873	1242	498	1052	664	252.30	0	-1.68	-4.71	0.00	0.00
1	492	3318914	1242	498	1052	664	252.30	0	-1.69	-4.71	0.00	0.00
1	493	3318955	1242	498	1052	664	252.30	0	-1.69	-4.71	0.00	0.00
1	494	3318996	1242	498	1052	664	252.30	0	-1.69	-4.70	0.00	0.00
1	495	3319036	1242	498	1052	664	252.30	0	-1.70	-4.70	0.00	0.00
1	496	3319077	1242	497	1052	664	252.96	0	-1.70	-4.70	0.00	0.00
1	497	3319118	1242	497	1052	664	252.96	0	-1.70	-4.70	0.00	0.00
1	498	3319159	1241	497	1052	664	252.21	0	-1.71	-4.70	0.00	0.00
1	499	3319200	1241	497	1052	664	252.21	0	-1.71	-4.70	0.00	0.00
1	500	3319240	1241	497	1052	664	252.21	0	-1.71	-4.70	0.00	0.00
1	501	3319281	1241	497	1052	664	252.21	0	-1.72	-4.70	0.00	0.00
1	502	3319321	1241	496	1052	664	252.87	0	-1.72	-4.69	0.00	0.00
1	503	3319362	1241	496	1052	664	252.87	0	-1.72	-4.69	0.00	0.00
1	504	3319403	1241	496	1052	664	252.87	0	-1.73	-4.69	0.00	0.00
1	505	3319444	1241	496	1052	664	252.87	0	-1.73	-4.69	0.00	0.00
1	506	3319485	1241	496	1052	664	252.87	0	-1.73	-4.69	0.00	0.00
1	507	3319526	1241	495	1052	664	253.54	0	-1.74	-4.69	0.00	0.00
1	508	3319567	1241	495	1052	664	253.54	0	-1.74	-4.69	0.00	0.00
1	509	3319607	1241	495	1052	664	253.54	0	-1.74	-4.69	0.00	0.00
1	510	3319648	1241	495	1052	664	253.54	0	-1.75	-4.69	0.00	0.00
1	511	3319688	1241	495	1052	664	253.54	0	-1.75	-4.68	0.00	0.00
1	512	3319729	1240	494	1052	664	253.46	0	-1.75	-4.68	0.00	0.00
1	513	3319770	1240	494	1052	664	253.46	0	-1.75	-4.68	0.00	0.00
1	514	3319811	1240	494	1052	664	253.46	0	-1.76	-4.68	0.00	0.00
1	515	3319852	1240	494	1052	664	253.46	0	-1.76	-4.68	0.00	0.00
1	516	3319893	1240	494	1052	664	253.46	0	-1.76	-4.68	0.00	0.00
1	517	3319934	1240	493	1052	664	254.14	0	-1.77	-4.68	0.00	0.00
1	518	3319975	1240	493	1052	664	254.14	0	-1.77	-4.68	0.00	0.00
1	519	3320016	1240	493	1052	664	254.14	0	-1.77	-4.67	0.00	0.00
1	520	3320057	1240	493	1052	664	254.14	0	-1.78	-4.67	0.00	0.00
1	521	3320098	1240	493	1052	664	254.14	0	-1.78	-4.67	0.00	0.00
1	522	3320139	1240	493	1052	664	254.14	0	-1.78	-4.67	0.00	0.00
1	523	3320180	1240	492	1052	664	254.81	0	-1.79	-4.67	0.00	0.00
1	524	3320221	1240	492	1052	664	254.81	0	-1.79	-4.67	0.00	0.00
1	525	3320262	1240	492	1052	664	254.81	0	-1.79	-4.67	0.00	0.00
1	526	3320302	1239	492	1052	664	254.07	0	-1.80	-4.67	0.00	0.00
1	527	3320343	1239	492	1052	664	254.07	0	-1.80	-4.66	0.00	0.00
1	528	3320384	1239	491	1052	664	254.75	0	-1.80	-4.66	0.00	0.00
1	529	3320425	1239	491	1052	664	254.75	0	-1.81	-4.66	0.00	0.00
1	530	3320466	1239	491	1052	664	254.75	0	-1.81	-4.66	0.00	0.00
1	531	3320507	1239	491	1052	664	254.75	0	-1.81	-4.66	0.00	0.00
1	532	3320548	1239	491	1052	664	254.75	0	-1.82	-4.66	0.00	0.00
1	533	3320589	1239	490	1052	664	255.43	0	-1.82	-4.66	0.00	0.00
1	534	3320630	1239	490	1052	664	255.43	0	-1.82	-4.66	0.00	0.00
1	535	3320671	1239	490	1052	664	255.43	0	-1.82	-4.66	0.00	0.00
1	536	3320712	1239	490	1052	664	255.43	0	-1.83	-4.65	0.00	0.00
1	537	3320753	1239	490	1052	664	255.43	0	-1.83	-4.65	0.00	0.00
1	538	3320794	1239	489	1052	664	256.11	0	-1.83	-4.65	0.00	0.00
1	539	3320835	1239	489	1052	664	256.11	0	-1.84	-4.65	0.00	0.00
1	540	3320876	1238	489	1052	664	255.38	0	-1.84	-4.65	0.00	0.00
1	541	3320917	1238	489	1052	664	255.38	0	-1.84	-4.65	0.00	0.00
1	542	3320957	1238	489	1052	664	255.38	0	-1.85	-4.65	0.00	0.00
1	543	3320998	1238	488	1052	664	256.07	0	-1.85	-4.64	0.00	0.00
1	544	3321039	1238	488	1052	664	256.07	0	-1.85	-4.64	0.00	0.00
1	545	3321080	1238	488	1052	664	256.07	0	-1.86	-4.64	0.00	0.00
1	546	3321121	1238	488	1052	664	256.07	0	-1.86	-4.64	0.00	0.00
1	547	3321162	1238	488	1052	664	256.07	0	-1.86	-4.64	0.00	0.00
1	548	3321203	1238	488	1052	664	256.07	0	-1.87	-4.64	0.00	0.00
1	549	3321244	1238	487	1052	664	256.76	0	-1.87	-4.64	0.00	0.00
1	550	3321284	1238	487	1052	664	256.76	0	-1.87	-4.64	0.00	0.00
1	551	3321325	1238	487	1052	664	256.76	0	-1.88	-4.63	0.00	0.00
1	552	3321366	1238	487	1052	664	256.76	0	-1.88	-4.63	0.00	0.00
1	553	3321407	1237	487	1052	664	256.04	0	-1.88	-4.63	0.00	0.00
1	554	3321448	1237	486	1052	664	256.73	0	-1.89	-4.63	0.00	0.00
1	555	3321489	1237	486	1052	664	256.73	0	-1.89	-4.63	0.00	0.00
1	556	3321530	1237	486	1052	664	256.73	0	-1.89	-4.63	0.00	0.00
1	557	3321571	1237	486	1052	664	256.73	0	-1.89	-4.63	0.00	0.00
1	558	3321611	1237	486	1052	664	256.73	0	-1.90	-4.63	0.00	0.00
1	559	3321652	1237	485	1052	664	257.42	0	-1.90	-4.62	0.00	0.00
1	560	3321693	1237	485	1052	664	257.42	0	-1.90	-4.62	0.00	0.00
1	561	3321734	1237	485	1052	664	257.42	0	-1.91	-4.62	0.00	0.00
1	562	3321775	1237	485	1052	664	257.42	0	-1.91	-4.62	0.00	0.00
1	563	3321816	1237	485	1052	664	257.42	0	-1.91	-4.62	0.00	0.00
1	564	3321857	1237	484	1052	664	258.12	0	-1.92	-4.62	0.00	0.00
1	565	3321898	1236	484	1052	664	257.40	0	-1.92	-4.62	0.00	0.00
1	566	3321938	1236	484	1052	664	257.40	0	-1.92	-4.62	0.00	0.00
1	567	3321979	1236	484	1052	664	257.40	0	-1.93	-4.61	0.00	0.00
1	568	3322020	1236	484	1052	664	257.40	0	-1.93	-4.61	0.00	0.00
1	569	3322061	1236	484	1052	664	257.40	0	-1.93	-4.61	0.00	0.00
1	570	3322102	1236	483	1052	664	258.10	0	-1.94	-4.61	0.00	0.00
1	571	3322143	1236	483	1052	664	258.10	0	-1.94	-4.61	0.00	0.00
1	572	3322183	1236	483	1052	664	258.10	0	-1.94	-4.61	0.00	0.00
1	573	3322224	1236	483	1052	664	258.10	0	-1.95	-4.61	0.00	0.00
1	574	3322265	1236	483	1052	664	258.10	0	-1.95	-4.60	0.00	0.00
1	575	3322306	1236	482	1052	664	258.80	0	-1.95	-4.60	0.00	0.00
1	576	3322347	1236	482	1052	664	258.80	0	-1.95	-4.60	0.00	0.00
1	577	3322388	1236	482	1052	664	258.80	0	-1.96	-4.60	0.00	0.00
1	578	3322429	1235	482	1052	664	258.09	0	-1.96	-4.60	0.00	0.00
1	579	3322469	1235	482	1052	664	258.09	0	-1.96	-4.60	0.00	0.00
1	580	3322510	1235	481	1052	664	258.80	0	-1.97	-4.60	0.00	0.00
1	581	3322550	1235	481	1052	664	258.80	0	-1.97	-4.60	0.00	0.00
1	582	3322591	1235	481	1052	664	258.80	0	-1.97	-4.59	0.00	0.00
1	583	3322632	1235	481	1052	664	258.80	0	-1.98	-4.59	0.00	0.00
1	584	3322673	1235	481	1052	664	258.80	0	-1.98	-4.59	0.00	0.00
1	585	3322714	1235	481	1052	664	258.80	0	-1.98	-4.59	0.00	0.00
1	586	3322755	1235	480	1052	664	259.51	0	-1.99	-4.59	0.00	0.00
1	587	3322795	1235	480	1052	664	259.51	0	-1.99	-4.59	0.00	0.00
1	588	3322836	1235	480	1052	664	259.51	0	-1.99	-4.59	0.00	0.00
1	589	3322877	1235	480	1052	664	259.51	0	-2.00	-4.58	0.00	0.00
1	590	3322918	1234	480	1052	664	258.80	0	-2.00	-4.58	0.00	0.00
1	591	3322959	1234	479	1052	664	259.52	0	-2.00	-4.58	0.00	0.00
1	592	3323000	1234	479	1052	664	259.52	0	-2.00	-4.58	0.00	0.00
1	593	3323041	1234	479	1052	664	259.52	0	-2.01	-4.58	0.00	0.00
1	594	3323082	1234	479	1052	664	259.52	0	-2.01	-4.58	0.00	0.00
1	595	3323123	1234	479	1052	664	259.52	0	-2.01	-4.58	0.00	0.00
1	596	3323164	1234	478	1052	664	260.23	0	-2.02	-4.58	0.00	0.00
1	597	3323204	1234	478	1052	664	260.23	0	-2.02	-4.57	0.00	0.00
1	598	3323245	1234	478	1052	664	260.23	0	-2.02	-4.57	0.00	0.00
1	599	3323286	1234	478	1052	664	260.23	0	-2.03	-4.57	0.00	0.00
1	600	3323326	1234	478	1052	664	260.23	0	-2.03	-4.57	0.00	0.00
1	601	3323367	1234	477	1052	664	260.95	0	-2.03	-4.57	0.00	0.00
1	602	3323408	1234	477	1052	664	260.95	0	-2.04	-4.57	0.00	0.00
1	603	3323449	1233	477	1052	664	260.25	0	-2.04	-4.57	0.00	0.00
1	604	3323490	1233	477	1052	664	260.25	0	-2.04	-4.56	0.00	0.00
1	605	3323531	1233	477	1052	664	260.25	0	-2.05	-4.56	0.00	0.00
1	606	3323572	1233	477	1052	664	260.25	0	-2.05	-4.56	0.00	0.00
1	607	3323612	1233	476	1052	664	260.97	0	-2.05	-4.56	0.00	0.00
1	608	3323653	1233	476	1052	664	260.97	0	-2.05	-4.56	0.00	0.00
1	609	3323694	1233	476	1052	664	260.97	0	-2.06	-4.56	0.00	0.00
1	610	3323735	1233	476	1052	664	260.97	0	-2.06	-4.56	0.00	0.00
1	611	3323775	1233	476	1052	664	260.97	0	-2.06	-4.55	0.00	0.00
1	612	3323816	1233	475	1052	664	261.69	0	-2.07	-4.55	0.00	0.00
1	613	3323856	1233	475	1052	664	261.69	0	-2.07	-4.55	0.00	0.00
1	614	3323897	1232	475	1052	664	261.00	0	-2.07	-4.55	0.00	0.00
1	615	3323937	1232	475	1052	664	261.00	0	-2.08	-4.55	0.00	0.00
1	616	3323978	1232	475	1052	664	261.00	0	-2.08	-4.55	0.00	0.00
1	617	3324019	1232	475	1052	664	261.00	0	-2.08	-4.55	0.00	0.00
1	618	3324060	1232	474	1052	664	261.73	0	-2.09	-4.54	0.00	0.00
1	619	3324101	1232	474	1052	664	261.73	0	-2.09	-4.54	0.00	0.00
1	620	3324142	1232	474	1052	664	261.73	0	-2.09	-4.54	0.00	0.00
1	621	3324182	1232	474	1052	664	261.73	0	-2.10	-4.54	0.00	0.00
1	622	3324223	1232	474	1052	664	261.73	0	-2.10	-4.54	0.00	0.00
1	623	3324264	1232	473	1052	664	262.45	0	-2.10	-4.54	0.00	0.00
1	624	3324305	1232	473	1052	664	262.45	0	-2.11	-4.54	0.00	0.00
1	625	3324346	1232	473	1052	664	262.45	0	-2.11	-4.53	0.00	0.00
1	626	3324387	1231	473	1052	664	261.77	0	-2.11	-4.53	0.00	0.00
1	627	3324428	1231	473	1052	664	261.77	0	-2.11	-4.53	0.00	0.00
1	628	3324468	1231	472	1052	664	262.50	0	-2.12	-4.53	0.00	0.00
1	629	3324509	1231	472	1052	664	262.50	0	-2.12	-4.53	0.00	0.00
1	630	3324549	1231	472	1052	664	262.50	0	-2.12	-4.53	0.00	0.00
1	631	3324590	1231	472	1052	664	262.50	0	-2.13	-4.53	0.00	0.00
1	632	3324631	1231	472	1052	664	262.50	0	-2.13	-4.52	0.00	0.00
1	633	3324672	1231	472	1052	664	262.50	0	-2.13	-4.52	0.00	0.00
1	634	3324713	1231	471	1052	664	263.23	0	-2.14	-4.52	0.00	0.00
1	635	3324754	1231	471	1052	664	263.23	0	-2.14	-4.52	0.00	0.00
1	636	3324795	1231	471	1052	664	263.23	0	-2.14	-4.52	0.00	0.00
1	637	3324836	1230	471	1052	664	262.55	0	-2.14	-4.52	0.00	0.00
1	638	3324877	1230	471	1052	664	262.55	0	-2.15	-4.52	0.00	0.00
1	639	3324918	1230	470	1052	664	263.29	0	-2.15	-4.51	0.00	0.00
1	640	3324959	1230	470	1052	664	263.29	0	-2.15	-4.51	0.00	0.00
1	641	3325000	1230	470	1052	664	263.29	0	-2.16	-4.51	0.00	0.00
1	642	3325041	1230	470	1052	664	263.29	0	-2.16	-4.51	0.00	0.00
1	643	3325082	1230	470	1052	664	263.29	0	-2.16	-4.51	0.00	0.00
1	644	3325123	1230	469	1052	664	264.02	0	-2.17	-4.51	0.00	0.00
1	645	3325164	1230	469	1052	664	264.02	0	-2.17	-4.50	0.00	0.00
1	646	3325205	1230	469	1052	664	264.02	0	-2.17	-4.50	0.00	0.00
1	647	3325246	1230	469	1052	664	264.02	0	-2.18	-4.50	0.00	0.00
1	648	3325287	1230	469	1052	664	264.02	0	-2.18	-4.50	0.00	0.00
1	649	3325328	1229	469	1052	664	263.35	0	-2.18	-4.50	0.00	0.00
1	650	3325368	1229	468	1052	664	264.09	0	-2.19	-4.50	0.00	0.00
1	651	3325409	1229	468	1052	664	264.09	0	-2.19	-4.50	0.00	0.00
1	652	3325450	1229	468	1052	664	264.09	0	-2.19	-4.49	0.00	0.00
1	653	3325491	1229	468	1052	664	264.09	0	-2.19	-4.49	0.00	0.00
1	654	3325532	1229	468	1052	664	264.09	0	-2.20	-4.49	0.00	0.00
1	655	3325573	1229	467	1052	664	264.84	0	-2.20	-4.49	0.00	0.00
1	656	3325614	1229	467	1052	664	264.84	0	-2.20	-4.49	0.00	0.00
1	657	3325655	1229	467	1052	664	264.84	0	-2.21	-4.49	0.00	0.00
1	658	3325696	1229	467	1052	664	264.84	0	-2.21	-4.49	0.00	0.00
1	659	3325737	1229	467	1052	664	264.84	0	-2.21	-4.48	0.00	0.00
1	660	3325778	1228	467	1052	664	264.17	0	-2.22	-4.48	0.00	0.00
1	661	3325819	1228	466	1052	664	264.92	0	-2.22	-4.48	0.00	0.00
1	662	3325860	1228	466	1052	664	264.92	0	-2.22	-4.48	0.00	0.00
1	663	3325901	1228	466	1052	664	264.92	0	-2.23	-4.48	0.00	0.00
1	664	3325942	1228	466	1052	664	264.92	0	-2.23	-4.48	0.00	0.00
1	665	3325983	1228	466	1052	664	264.92	0	-2.23	-4.47	0.00	0.00
1	666	3326024	1228	465	1052	664	265.66	0	-2.23	-4.47	0.00	0.00
1	667	3326065	1228	465	1052	664	265.66	0	-2.24	-4.47	0.00	0.00
1	668	3326106	1228	465	1052	664	265.66	0	-2.24	-4.47	0.00	0.00
1	669	3326147	1228	465	1052	664	265.66	0	-2.24	-4.47	0.00	0.00
1	670	3326188	1228	465	1052	664	265.66	0	-2.25	-4.47	0.00	0.00
1	671	3326229	1227	465	1052	664	265.00	0	-2.25	-4.47	0.00	0.00
1	672	3326270	1227	464	1052	664	265.75	0	-2.25	-4.46	0.00	0.00
1	673	3326310	1227	464	1052	664	265.75	0	-2.26	-4.46	0.00	0.00
1	674	3326350	1227	464	1052	664	265.75	0	-2.26	-4.46	0.00	0.00
1	675	3326391	1227	464	1052	664	265.75	0	-2.26	-4.46	0.00	0.00
1	676	3326432	1227	464	1052	664	265.75	0	-2.26	-4.46	0.00	0.00
1	677	3326473	1227	463	1052	664	266.51	0	-2.27	-4.46	0.00	0.00
1	678	3326514	1227	463	1052	664	266.51	0	-2.27	-4.45	0.00	0.00
1	679	3326555	1227	463	1052	664	266.51	0	-2.27	-4.45	0.00	0.00
1	680	3326596	1227	463	1052	664	266.51	0	-2.28	-4.45	0.00	0.00
1	681	3326637	1226	463	1052	664	265.85	0	-2.28	-4.45	0.00	0.00
1	682	3326678	1226	463	1052	664	265.85	0	-2.28	-4.45	0.00	0.00
1	683	3326719	1226	462	1052	664	266.61	0	-2.29	-4.45	0.00	0.00
1	684	3326759	1226	462	1052	664	266.61	0	-2.29	-4.45	0.00	0.00
1	685	3326800	1226	462	1052	664	266.61	0	-2.29	-4.44	0.00	0.00
1	686	3326841	1226	462	1052	664	266.61	0	-2.29	-4.44	0.00	0.00
1	687	3326882	1226	462	1052	664	266.61	0	-2.30	-4.44	0.00	0.00
1	688	3326923	1226	461	1052	664	267.37	0	-2.30	-4.44	0.00	0.00
1	689	3326964	1226	461	1052	664	267.37	0	-2.30	-4.44	0.00	0.00
1	690	3327005	1226	461	1052	664	267.37	0	-2.31	-4.44	0.00	0.00
1	691	3327046	1226	461	1052	664	267.37	0	-2.31	-4.43	0.00	0.00
1	692	3327086	1225	461	1052	664	266.72	0	-2.31	-4.43	0.00	0.00
1	693	3327127	1225	461	1052	664	266.72	0	-2.32	-4.43	0.00	0.00
1	694	3327168	1225	460	1052	664	267.48	0	-2.32	-4.43	0.00	0.00
1	695	3327209	1225	460	1052	664	267.48	0	-2.32	-4.43	0.00	0.00
1	696	3327250	1225	460	1052	664	267.48	0	-2.33	-4.43	0.00	0.00
1	697	3327291	1225	460	1052	664	267.48	0	-2.33	-4.42	0.00	0.00
1	698	3327332	1225	460	1052	664	267.48	0	-2.33	-4.42	0.00	0.00
1	699	3327372	1225	459	1052	664	268.24	0	-2.33	-4.42	0.00	0.00
1	700	3327413	1225	459	1052	664	268.24	0	-2.34	-4.42	0.00	0.00
1	701	3327454	1225	459	1052	664	268.24	0	-2.34	-4.42	0.00	0.00
1	702	3327494	1225	459	1052	664	268.24	0	-2.34	-4.42	0.00	0.00
1	703	3327535	1224	459	1052	664	267.60	0	-2.35	-4.42	0.00	0.00
1	704	3327576	1224	459	1052	664	267.60	0	-2.35	-4.41	0.00	0.00
1	705	3327616	1224	458	1052	664	268.37	0	-2.35	-4.41	0.00	0.00
1	706	3327657	1224	458	1052	664	268.37	0	-2.36	-4.41	0.00	0.00
1	707	3327698	1224	458	1052	664	268.37	0	-2.36	-4.41	0.00	0.00
1	708	3327739	1224	458	1052	664	268.37	0	-2.36	-4.41	0.00	0.00
1	709	3327780	1224	458	1052	664	268.37	0	-2.36	-4.41	0.00	0.00
1	710	3327821	1224	457	1052	664	269.13	0	-2.37	-4.40	0.00	0.00
1	711	3327862	1224	457	1052	664	269.13	0	-2.37	-4.40	0.00	0.00
1	712	3327903	1224	457	1052	664	269.13	0	-2.37	-4.40	0.00	0.00
1	713	3327943	1223	457	1052	664	268.50	0	-2.38	-4.40	0.00	0.00
1	714	3327984	1223	457	1052	664	268.50	0	-2.38	-4.40	0.00	0.00
1	715	3328025	1223	457	1052	664	268.50	0	-2.38	-4.40	0.00	0.00
1	716	3328066	1223	456	1052	664	269.27	0	-2.39	-4.39	0.00	0.00
1	717	3328107	1223	456	1052	664	269.27	0	-2.39	-4.39	0.00	0.00
1	718	3328148	1223	456	1052	664	269.27	0	-2.39	-4.39	0.00	0.00
1	719	3328189	1223	456	1052	664	269.27	0	-2.39	-4.39	0.00	0.00
1	720	3328230	1223	456	1052	664	269.27	0	-2.40	-4.39	0.00	0.00
1	721	3328271	1223	455	1052	664	270.04	0	-2.40	-4.39	0.00	0.00
1	722	3328311	1223	455	1052	664	270.04	0	-2.40	-4.38	0.00	0.00
1	723	3328351	1222	455	1052	664	269.41	0	-2.41	-4.38	0.00	0.00
1	724	3328392	1222	455	1052	664	269.41	0	-2.41	-4.38	0.00	0.00
1	725	3328433	1222	455	1052	664	269.41	0	-2.41	-4.38	0.00	0.00
1	726	3328474	1222	455	1052	664	269.41	0	-2.42	-4.38	0.00	0.00
1	727	3328515	1222	454	1052	664	270.19	0	-2.42	-4.38	0.00	0.00
1	728	3328555	1222	454	1052	664	270.19	0	-2.42	-4.37	0.00	0.00
1	729	3328596	1222	454	1052	664	270.19	0	-2.42	-4.37	0.00	0.00
1	730	3328637	1222	454	1052	664	270.19	0	-2.43	-4.37	0.00	0.00
1	731	3328678	1222	454	1052	664	270.19	0	-2.43	-4.37	0.00	0.00
1	732	3328719	1222	453	1052	664	270.96	0	-2.43	-4.37	0.00	0.00
1	733	3328760	1221	453	1052	664	270.34	0	-2.44	-4.37	0.00	0.00
1	734	3328801	1221	453	1052	664	270.34	0	-2.44	-4.36	0.00	0.00
1	735	3328842	1221	453	1052	664	270.34	0	-2.44	-4.36	0.00	0.00
1	736	3328883	1221	453	1052	664	270.34	0	-2.45	-4.36	0.00	0.00
1	737	3328923	1221	453	1052	664	270.34	0	-2.45	-4.36	0.00	0.00
1	738	3328964	1221	452	1052	664	271.12	0	-2.45	-4.36	0.00	0.00
1	739	3329005	1221	452	1052	664	271.12	0	-2.45	-4.36	0.00	0.00
1	740	3329046	1221	452	1052	664	271.12	0	-2.46	-4.35	0.00	0.00
1	741	3329087	1221	452	1052	664	271.12	0	-2.46	-4.35	0.00	0.00
1	742	3329128	1221	452	1052	664	271.12	0	-2.46	-4.35	0.00	0.00
1	743	3329169	1220	452	1052	664	270.50	0	-2.47	-4.35	0.00	0.00
1	744	3329210	1220	451	1052	664	271.28	0	-2.47	-4.35	0.00	0.00
1	745	3329251	1220	451	1052	664	271.28	0	-2.47	-4.35	0.00	0.00
1	746	3329292	1220	451	1052	664	271.28	0	-2.48	-4.34	0.00	0.00
1	747	3329332	1220	451	1052	664	271.28	0	-2.48	-4.34	0.00	0.00
1	748	3329373	1220	451	1052	664	271.28	0	-2.48	-4.34	0.00	0.00
1	749	3329413	1220	450	1052	664	272.07	0	-2.48	-4.34	0.00	0.00
1	750	3329454	1220	450	1052	664	272.07	0	-2.49	-4.34	0.00	0.00
1	751	3329495	1220	450	1052	664	272.07	0	-2.49	-4.34	0.00	0.00
1	752	3329536	1220	450	1052	664	272.07	0	-2.49	-4.33	0.00	0.00
1	753	3329577	1219	450	1052	664	271.45	0	-2.50	-4.33	0.00	0.00
1	754	3329618	1219	450	1052	664	271.45	0	-2.50	-4.33	0.00	0.00
1	755	3329659	1219	449	1052	664	272.24	0	-2.50	-4.33	0.00	0.00
1	756	3329700	1219	449	1052	664	272.24	0	-2.51	-4.33	0.00	0.00
1	757	3329741	1219	449	1052	664	272.24	0	-2.51	-4.33	0.00	0.00
1	758	3329782	1219	449	1052	664	272.24	0	-2.51	-4.32	0.00	0.00
1	759	3329823	1219	449	1052	664	272.24	0	-2.51	-4.32	0.00	0.00
1	760	3329863	1219	448	1052	664	273.03	0	-2.52	-4.32	0.00	0.00
1	761	3329904	1219	448	1052	664	273.03	0	-2.52	-4.32	0.00	0.00
1	762	3329944	1219	448	1052	664	273.03	0	-2.52	-4.32	0.00	0.00
1	763	3329984	1218	448	1052	664	272.42	0	-2.53	-4.32	0.00	0.00
1	764	3330025	1218	448	1052	664	272.42	0	-2.53	-4.31	0.00	0.00
1	765	3330066	1218	448	1052	664	272.42	0	-2.53	-4.31	0.00	0.00
1	766	3330107	1218	447	1052	664	273.21	0	-2.53	-4.31	0.00	0.00
1	767	3330148	1218	447	1052	664	273.21	0	-2.54	-4.31	0.00	0.00
1	768	3330189	1218	447	1052	664	273.21	0	-2.54	-4.31	0.00	0.00
1	769	3330230	1218	447	1052	664	273.21	0	-2.54	-4.30	0.00	0.00
1	770	3330270	1218	447	1052	664	273.21	0	-2.55	-4.30	0.00	0.00
1	771	3330311	1218	447	1052	664	273.21	0	-2.55	-4.30	0.00	0.00
1	772	3330352	1217	446	1052	664	273.40	0	-2.55	-4.30	0.00	0.00
1	773	3330392	1217	446	1052	664	273.40	0	-2.55	-4.30	0.00	0.00
1	774	3330433	1217	446	1052	664	273.40	0	-2.56	-4.30	0.00	0.00
1	775	3330474	1217	446	1052	664	273.40	0	-2.56	-4.29	0.00	0.00
1	776	3330515	1217	446	1052	664	273.40	0	-2.56	-4.29	0.00	0.00
1	777	3330556	1217	445	1052	664	274.20	0	-2.57	-4.29	0.00	0.00
1	778	3330597	1217	445	1052	664	274.20	0	-2.57	-4.29	0.00	0.00
1	779	3330638	1217	445	1052	664	274.20	0	-2.57	-4.29	0.00	0.00
1	780	3330679	1217	445	1052	664	274.20	0	-2.58	-4.29	0.00	0.00
1	781	3330721	1217	445	1052	664	274.20	0	-2.58	-4.28	0.00	0.00
1	782	3330761	1216	445	1052	664	273.60	0	-2.58	-4.28	0.00	0.00
1	783	3330802	1216	444	1052	664	274.40	0	-2.58	-4.28	0.00	0.00
1	784	3330843	1216	444	1052	664	274.40	0	-2.59	-4.28	0.00	0.00
1	785	3330884	1216	444	1052	664	274.40	0	-2.59	-4.28	0.00	0.00
1	786	3330925	1216	444	1052	664	274.40	0	-2.59	-4.27	0.00	0.00
1	787	3330966	1216	444	1052	664	274.40	0	-2.60	-4.27	0.00	0.00
1	788	3331007	1216	444	1052	664	274.40	0	-2.60	-4.27	0.00	0.00
1	789	3331048	1216	443	1052	664	275.20	0	-2.60	-4.27	0.00	0.00
1	790	3331089	1216	443	1052	664	275.20	0	-2.61	-4.27	0.00	0.00
1	791	3331130	1215	443	1052	664	274.61	0	-2.61	-4.27	0.00	0.00
1	792	3331171	1215	443	1052	664	274.61	0	-2.61	-4.26	0.00	0.00
1	793	3331212	1215	443	1052	664	274.61	0	-2.61	-4.26	0.00	0.00
1	794	3331253	1215	443	1052	664	274.61	0	-2.62	-4.26	0.00	0.00
1	795	3331294	1215	442	1052	664	275.41	0	-2.62	-4.26	0.00	0.00
1	796	3331334	1215	442	1052	664	275.41	0	-2.62	-4.26	0.00	0.00
1	797	3331375	1215	442	1052	664	275.41	0	-2.62	-4.26	0.00	0.00
1	798	3331416	1215	442	1052	664	275.41	0	-2.63	-4.25	0.00	0.00
1	799	3331457	1215	442	1052	664	275.41	0	-2.63	-4.25	0.00	0.00
1	800	3331498	1214	441	1052	664	275.63	0	-2.63	-4.25	0.00	0.00
1	801	3331539	1214	441	1052	664	275.63	0	-2.64	-4.25	0.00	0.00
1	802	3331579	1214	441	1052	664	275.63	0	-2.64	-4.25	0.00	0.00
1	803	3331620	1214	441	1052	664	275.63	0	-2.64	-4.24	0.00	0.00
1	804	3331661	1214	441	1052	664	275.63	0	-2.65	-4.24	0.00	0.00
1	805	3331701	1214	441	1052	664	275.63	0	-2.65	-4.24	0.00	0.00
1	806	3331742	1214	440	1052	664	276.44	0	-2.65	-4.24	0.00	0.00
1	807	3331783	1214	440	1052	664	276.44	0	-2.65	-4.24	0.00	0.00
1	808	3331824	1214	440	1052	664	276.44	0	-2.66	-4.24	0.00	0.00
1	809	3331865	1214	440	1052	664	276.44	0	-2.66	-4.23	0.00	0.00
1	810	3331905	1213	440	1052	664	275.86	0	-2.66	-4.23	0.00	0.00
1	811	3331946	1213	440	1052	664	275.86	0	-2.67	-4.23	0.00	0.00
1	812	3331987	1213	439	1052	664	276.67	0	-2.67	-4.23	0.00	0.00
1	813	3332028	1213	439	1052	664	276.67	0	-2.67	-4.23	0.00	0.00
1	814	3332069	1213	439	1052	664	276.67	0	-2.67	-4.22	0.00	0.00
1	815	3332110	1213	439	1052	664	276.67	0	-2.68	-4.22	0.00	0.00
1	816	3332151	1213	439	1052	664	276.67	0	-2.68	-4.22	0.00	0.00
1	817	3332192	1213	439	1052	664	276.67	0	-2.68	-4.22	0.00	0.00
1	818	3332233	1213	438	1052	664	277.48	0	-2.69	-4.22	0.00	0.00
1	819	3332274	1212	438	1052	664	276.90	0	-2.69	-4.22	0.00	0.00
1	820	3332315	1212	438	1052	664	276.90	0	-2.69	-4.21	0.00	0.00
1	821	3332356	1212	438	1052	664	276.90	0	-2.69	-4.21	0.00	0.00
1	822	3332397	1212	438	1052	664	276.90	0	-2.70	-4.21	0.00	0.00
1	823	3332438	1212	437	1052	664	277.72	0	-2.70	-4.21	0.00	0.00
1	824	3332479	1212	437	1052	664	277.72	0	-2.70	-4.21	0.00	0.00
1	825	3332520	1212	437	1052	664	277.72	0	-2.71	-4.20	0.00	0.00
1	826	3332560	1212	437	1052	664	277.72	0	-2.71	-4.20	0.00	0.00
1	827	3332601	1212	437	1052	664	277.72	0	-2.71	-4.20	0.00	0.00
1	828	3332642	1211	437	1052	664	277.15	0	-2.71	-4.20	0.00	0.00
1	829	3332683	1211	436	1052	664	277.97	0	-2.72	-4.20	0.00	0.00
1	830	3332724	1211	436	1052	664	277.97	0	-2.72	-4.19	0.00	0.00
1	831	3332765	1211	436	1052	664	277.97	0	-2.72	-4.19	0.00	0.00
1	832	3332806	1211	436	1052	664	277.97	0	-2.73	-4.19	0.00	0.00
1	833	3332847	1211	436	1052	664	277.97	0	-2.73	-4.19	0.00	0.00
1	834	3332887	1211	436	1052	664	277.97	0	-2.73	-4.19	0.00	0.00
1	835	3332928	1211	435	1052	664	278.79	0	-2.73	-4.19	0.00	0.00
1	836	3332969	1211	435	1052	664	278.79	0	-2.74	-4.18	0.00	0.00
1	837	3333010	1210	435	1052	664	278.22	0	-2.74	-4.18	0.00	0.00
1	838	3333051	1210	435	1052	664	278.22	0	-2.74	-4.18	0.00	0.00
1	839	3333092	1210	435	1052	664	278.22	0	-2.75	-4.18	0.00	0.00
1	840	3333133	1210	435	1052	664	278.22	0	-2.75	-4.18	0.00	0.00
1	841	3333173	1210	434	1052	664	279.04	0	-2.75	-4.17	0.00	0.00
1	842	3333214	1210	434	1052	664	279.04	0	-2.75	-4.17	0.00	0.00
1	843	3333255	1210	434	1052	664	279.04	0	-2.76	-4.17	0.00	0.00
1	844	3333296	1210	434	1052	664	279.04	0	-2.76	-4.17	0.00	0.00
1	845	3333337	1210	434	1052	664	279.04	0	-2.76	-4.17	0.00	0.00
1	846	3333378	1209	434	1052	664	278.48	0	-2.77	-4.17	0.00	0.00
1	847	3333419	1209	433	1052	664	279.30	0	-2.77	-4.16	0.00	0.00
1	848	3333460	1209	433	1052	664	279.30	0	-2.77	-4.16	0.00	0.00
1	849	3333501	1209	433	1052	664	279.30	0	-2.77	-4.16	0.00	0.00
1	850	3333541	1209	433	1052	664	279.30	0	-2.78	-4.16	0.00	0.00
1	851	3333582	1209	433	1052	664	279.30	0	-2.78	-4.16	0.00	0.00
1	852	3333623	1209	432	1052	664	280.13	0	-2.78	-4.15	0.00	0.00
1	853	3333663	1209	432	1052	664	280.13	0	-2.79	-4.15	0.00	0.00
1	854	3333704	1209	432	1052	664	280.13	0	-2.79	-4.15	0.00	0.00
1	855	3333745	1208	432	1052	664	279.57	0	-2.79	-4.15	0.00	0.00
1	856	3333818	1208	432	1052	664	279.57	0	-2.79	-4.15	0.00	0.00
1	857	3333858	1208	432	1052	664	279.57	0	-2.80	-4.14	0.00	0.00
1	858	3333899	1208	431	1052	664	280.40	0	-2.80	-4.14	0.00	0.00
1	859	3333940	1208	431	1052	664	280.40	0	-2.81	-4.14	0.00	0.00
1	860	3333981	1208	431	1052	664	280.40	0	-2.81	-4.14	0.00	0.00
1	861	3334022	1208	431	1052	664	280.40	0	-2.81	-4.13	0.00	0.00
1	862	3334063	1208	431	1052	664	280.40	0	-2.81	-4.13	0.00	0.00
1	863	3334104	1207	431	1052	664	279.85	0	-2.82	-4.13	0.00	0.00
1	864	3334145	1207	430	1052	664	280.68	0	-2.82	-4.13	0.00	0.00
1	865	3334186	1207	430	1052	664	280.68	0	-2.82	-4.13	0.00	0.00
1	866	3334227	1207	430	1052	664	280.68	0	-2.83	-4.13	0.00	0.00
1	867	3334268	1207	430	1052	664	280.68	0	-2.83	-4.12	0.00	0.00
1	868	3334309	1207	430	1052	664	280.68	0	-2.83	-4.12	0.00	0.00
1	869	3334350	1207	429	1052	664	281.51	0	-2.83	-4.12	0.00	0.00
1	870	3334391	1207	429	1052	664	281.51	0	-2.84	-4.12	0.00	0.00
1	871	3334432	1206	429	1052	664	280.96	0	-2.84	-4.12	0.00	0.00
1	872	3334473	1206	429	1052	664	280.96	0	-2.84	-4.11	0.00	0.00
1	873	3334514	1206	429	1052	664	280.96	0	-2.84	-4.11	0.00	0.00
1	874	3334555	1206	429	1052	664	280.96	0	-2.85	-4.11	0.00	0.00
1	875	3334596	1206	428	1052	664	281.80	0	-2.85	-4.11	0.00	0.00
1	876	3334637	1206	428	1052	664	281.80	0	-2.85	-4.11	0.00	0.00
1	877	3334678	1206	428	1052	664	281.80	0	-2.86	-4.10	0.00	0.00
1	878	3334719	1206	428	1052	664	281.80	0	-2.86	-4.10	0.00	0.00
1	879	3334760	1206	428	1052	664	281.80	0	-2.86	-4.10	0.00	0.00
1	880	3334800	1205	428	1052	664	281.26	0	-2.86	-4.10	0.00	0.00
1	881	3334841	1205	427	1052	664	282.10	0	-2.87	-4.10	0.00	0.00
1	882	3334882	1205	427	1052	664	282.10	0	-2.87	-4.09	0.00	0.00
1	883	3334923	1205	427	1052	664	282.10	0	-2.87	-4.09	0.00	0.00
1	884	3334964	1205	427	1052	664	282.10	0	-2.88	-4.09	0.00	0.00
1	885	3335005	1205	427	1052	664	282.10	0	-2.88	-4.09	0.00	0.00
1	886	3335045	1205	427	1052	664	282.10	0	-2.88	-4.09	0.00	0.00
1	887	3335086	1205	426	1052	664	282.94	0	-2.88	-4.08	0.00	0.00
1	888	3335127	1204	426	1052	664	282.40	0	-2.89	-4.08	0.00	0.00
1	889	3335168	1204	426	1052	664	282.40	0	-2.89	-4.08	0.00	0.00
1	890	3335209	1204	426	1052	664	282.40	0	-2.89	-4.08	0.00	0.00
1	891	3335250	1204	426	1052	664	282.40	0	-2.90	-4.08	0.00	0.00
1	892	3335291	1204	426	1052	664	282.40	0	-2.90	-4.07	0.00	0.00
1	893	3335332	1204	425	1052	664	283.24	0	-2.90	-4.07	0.00	0.00
1	894	3335373	1204	425	1052	664	283.24	0	-2.90	-4.07	0.00	0.00
1	895	3335414	1204	425	1052	664	283.24	0	-2.91	-4.07	0.00	0.00
1	896	3335455	1203	425	1052	664	282.70	0	-2.91	-4.07	0.00	0.00
1	897	3335496	1203	425	1052	664	282.70	0	-2.91	-4.06	0.00	0.00
1	898	3335536	1203	425	1052	664	282.70	0	-2.91	-4.06	0.00	0.00
1	899	3335577	1203	424	1052	664	283.55	0	-2.92	-4.06	0.00	0.00
1	900	3335618	1203	424	1052	664	283.55	0	-2.92	-4.06	0.00	0.00
1	901	3335659	1203	424	1052	664	283.55	0	-2.92	-4.06	0.00	0.00
1	902	3335700	1203	424	1052	664	283.55	0	-2.93	-4.05	0.00	0.00
1	903	3335741	1203	424	1052	664	283.55	0	-2.93	-4.05	0.00	0.00
1	904	3335782	1203	424	1052	664	283.55	0	-2.93	-4.05	0.00	0.00
1	905	3335823	1202	423	1052	664	283.87	0	-2.93	-4.05	0.00	0.00
1	906	3335864	1202	423	1052	664	283.87	0	-2.94	-4.05	0.00	0.00
1	907	3335905	1202	423	1052	664	283.87	0	-2.94	-4.04	0.00	0.00
1	908	3335946	1202	423	1052	664	283.87	0	-2.94	-4.04	0.00	0.00
1	909	3335987	1202	423	1052	664	283.87	0	-2.94	-4.04	0.00	0.00
1	910	3336028	1202	423	1052	664	283.87	0	-2.95	-4.04	0.00	0.00
1	911	3336069	1202	422	1052	664	284.72	0	-2.95	-4.04	0.00	0.00
1	912	3336110	1202	422	1052	664	284.72	0	-2.95	-4.03	0.00	0.00
1	913	3336151	1201	422	1052	664	284.19	0	-2.96	-4.03	0.00	0.00
1	914	3336192	1201	422	1052	664	284.19	0	-2.96	-4.03	0.00	0.00
1	915	3336233	1201	422	1052	664	284.19	0	-2.96	-4.03	0.00	0.00
1	916	3336274	1201	422	1052	664	284.19	0	-2.96	-4.03	0.00	0.00
1	917	3336315	1201	421	1052	664	285.04	0	-2.97	-4.02	0.00	0.00
1	918	3336356	1201	421	1052	664	285.04	0	-2.97	-4.02	0.00	0.00
1	919	3336397	1201	421	1052	664	285.04	0	-2.97	-4.02	0.00	0.00
1	920	3336438	1201	421	1052	664	285.04	0	-2.98	-4.02	0.00	0.00
1	921	3336479	1200	421	1052	664	284.52	0	-2.98	-4.02	0.00	0.00
1	922	3336520	1200	421	1052	664	284.52	0	-2.98	-4.01	0.00	0.00
1	923	3336561	1200	420	1052	664	285.38	0	-2.98	-4.01	0.00	0.00
1	924	3336602	1200	420	1052	664	285.38	0	-2.99	-4.01	0.00	0.00
1	925	3336643	1200	420	1052	664	285.38	0	-2.99	-4.01	0.00	0.00
1	926	3336684	1200	420	1052	664	285.38	0	-2.99	-4.01	0.00	0.00
1	927	3336725	1200	420	1052	664	285.38	0	-2.99	-4.00	0.00	0.00
1	928	3336766	1200	420	1052	664	285.38	0	-3.00	-4.00	0.00	0.00
1	929	3336807	1199	419	1052	664	285.72	0	-3.00	-4.00	0.00	0.00
1	930	3336848	1199	419	1052	664	285.72	0	-3.00	-4.00	0.00	0.00
1	931	3336889	1199	419	1052	664	285.72	0	-3.01	-4.00	0.00	0.00
1	932	3336930	1199	419	1052	664	285.72	0	-3.01	-3.99	0.00	0.00
1	933	3336971	1199	419	1052	664	285.72	0	-3.01	-3.99	0.00	0.00
1	934	3337012	1199	419	1052	664	285.72	0	-3.01	-3.99	0.00	0.00
1	935	3337053	1199	419	1052	664	285.72	0	-3.02	-3.99	0.00	0.00
1	936	3337094	1199	418	1052	664	286.57	0	-3.02	-3.99	0.00	0.00
1	937	3337135	1199	418	1052	664	286.57	0	-3.02	-3.98	0.00	0.00
1	938	3337176	1198	418	1052	664	286.06	0	-3.02	-3.98	0.00	0.00
1	939	3337217	1198	418	1052	664	286.06	0	-3.03	-3.98	0.00	0.00
1	940	3337258	1198	418	1052	664	286.06	0	-3.03	-3.98	0.00	0.00
1	941	3337299	1198	418	1052	664	286.06	0	-3.03	-3.98	0.00	0.00
1	942	3337340	1198	417	1052	664	286.92	0	-3.04	-3.97	0.00	0.00
1	943	3337381	1198	417	1052	664	286.92	0	-3.04	-3.97	0.00	0.00
1	944	3337421	1198	417	1052	664	286.92	0	-3.04	-3.97	0.00	0.00
1	945	3337462	1198	417	1052	664	286.92	0	-3.04	-3.97	0.00	0.00
1	946	3337503	1197	417	1052	664	286.42	0	-3.05	-3.97	0.00	0.00
1	947	3337544	1197	417	1052	664	286.42	0	-3.05	-3.96	0.00	0.00
1	948	3337585	1197	416	1052	664	287.28	0	-3.05	-3.96	0.00	0.00
1	949	3337626	1197	416	1052	664	287.28	0	-3.05	-3.96	0.00	0.00
1	950	3337667	1197	416	1052	664	287.28	0	-3.06	-3.96	0.00	0.00
1	951	3337707	1197	416	1052	664	287.28	0	-3.06	-3.95	0.00	0.00
1	952	3337747	1197	416	1052	664	287.28	0	-3.06	-3.95	0.00	0.00
1	953	3337788	1197	416	1052	664	287.28	0	-3.07	-3.95	0.00	0.00
1	954	3337829	1196	415	1052	664	287.64	0	-3.07	-3.95	0.00	0.00
1	955	3337870	1196	415	1052	664	287.64	0	-3.07	-3.95	0.00	0.00
1	956	3337911	1196	415	1052	664	287.64	0	-3.07	-3.94	0.00	0.00
1	957	3337952	1196	415	1052	664	287.64	0	-3.08	-3.94	0.00	0.00
1	958	3337993	1196	415	1052	664	287.64	0	-3.08	-3.94	0.00	0.00
1	959	3338034	1196	415	1052	664	287.64	0	-3.08	-3.94	0.00	0.00
1	960	3338075	1196	414	1052	664	288.51	0	-3.08	-3.94	0.00	0.00
1	961	3338116	1196	414	1052	664	288.51	0	-3.09	-3.93	0.00	0.00
1	962	3338157	1195	414	1052	664	288.01	0	-3.09	-3.93	0.00	0.00
1	963	3338198	1195	414	1052	664	288.01	0	-3.09	-3.93	0.00	0.00
1	964	3338239	1195	414	1052	664	288.01	0	-3.09	-3.93	0.00	0.00
1	965	3338280	1195	414	1052	664	288.01	0	-3.10	-3.93	0.00	0.00
1	966	3338321	1195	413	1052	664	288.88	0	-3.10	-3.92	0.00	0.00
1	967	3338362	1195	413	1052	664	288.88	0	-3.10	-3.92	0.00	0.00
1	968	3338403	1195	413	1052	664	288.88	0	-3.11	-3.92	0.00	0.00
1	969	3338444	1194	413	1052	664	288.38	0	-3.11	-3.92	0.00	0.00
1	970	3338485	1194	413	1052	664	288.38	0	-3.11	-3.91	0.00	0.00
1	971	3338526	1194	413	1052	664	288.38	0	-3.11	-3.91	0.00	0.00
1	972	3338567	1194	413	1052	664	288.38	0	-3.12	-3.91	0.00	0.00
1	973	3338608	1194	412	1052	664	289.25	0	-3.12	-3.91	0.00	0.00
1	974	3338649	1194	412	1052	664	289.25	0	-3.12	-3.91	0.00	0.00
1	975	3338690	1194	412	1052	664	289.25	0	-3.12	-3.90	0.00	0.00
1	976	3338730	1194	412	1052	664	289.25	0	-3.13	-3.90	0.00	0.00
1	977	3338771	1193	412	1052	664	288.76	0	-3.13	-3.90	0.00	0.00
1	978	3338812	1193	412	1052	664	288.76	0	-3.13	-3.90	0.00	0.00
1	979	3338853	1193	411	1052	664	289.64	0	-3.14	-3.90	0.00	0.00
1	980	3338894	1193	411	1052	664	289.64	0	-3.14	-3.89	0.00	0.00
1	981	3338935	1193	411	1052	664	289.64	0	-3.14	-3.89	0.00	0.00
1	982	3338976	1193	411	1052	664	289.64	0	-3.14	-3.89	0.00	0.00
1	983	3339017	1193	411	1052	664	289.64	0	-3.15	-3.89	0.00	0.00
1	984	3339058	1193	411	1052	664	289.64	0	-3.15	-3.88	0.00	0.00
1	985	3339099	1192	410	1052	664	290.03	0	-3.15	-3.88	0.00	0.00
1	986	3339140	1192	410	1052	664	290.03	0	-3.15	-3.88	0.00	0.00
1	987	3339181	1192	410	1052	664	290.03	0	-3.16	-3.88	0.00	0.00
1	988	3339222	1192	410	1052	664	290.03	0	-3.16	-3.88	0.00	0.00
1	989	3339263	1192	410	1052	664	290.03	0	-3.16	-3.87	0.00	0.00
1	990	3339304	1192	410	1052	664	290.03	0	-3.16	-3.87	0.00	0.00
1	991	3339345	1192	410	1052	664	290.03	0	-3.17	-3.87	0.00	0.00
1	992	3339386	1192	409	1052	664	290.90	0	-3.17	-3.87	0.00	0.00
1	993	3339427	1191	409	1052	664	290.42	0	-3.17	-3.87	0.00	0.00
1	994	3339468	1191	409	1052	664	290.42	0	-3.17	-3.86	0.00	0.00
1	995	3339509	1191	409	1052	664	290.42	0	-3.18	-3.86	0.00	0.00
1	996	3339550	1191	409	1052	664	290.42	0	-3.18	-3.86	0.00	0.00
1	997	3339591	1191	409	1052	664	290.42	0	-3.18	-3.86	0.00	0.00
1	998	3339632	1191	408	1052	664	291.30	0	-3.18	-3.85	0.00	0.00
1	999	3339673	1191	408	1052	664	291.30	0	-3.19	-3.85	0.00	0.00
1	1000	3339714	1190	408	1052	664	290.83	0	-3.19	-3.85	0.00	0.00
1	1001	3339755	1190	408	1052	664	290.83	0	-3.19	-3.85	0.00	0.00
1	1002	3339796	1190	408	1052	664	290.83	0	-3.20	-3.85	0.00	0.00
1	1003	3339837	1190	408	1052	664	290.83	0	-3.20	-3.84	0.00	0.00
1	1004	3339878	1190	407	1052	664	291.71	0	-3.20	-3.84	0.00	0.00
1	1005	3339919	1190	407	1052	664	291.71	0	-3.20	-3.84	0.00	0.00
1	1006	3339960	1190	407	1052	664	291.71	0	-3.21	-3.84	0.00	0.00
1	1007	3340001	1190	407	1052	664	291.71	0	-3.21	-3.83	0.00	0.00
1	1008	3340042	1189	407	1052	664	291.24	0	-3.21	-3.83	0.00	0.00
1	1009	3340082	1189	407	1052	664	291.24	0	-3.21	-3.83	0.00	0.00
1	1010	3340123	1189	407	1052	664	291.24	0	-3.22	-3.83	0.00	0.00
1	1011	3340164	1189	406	1052	664	292.12	0	-3.22	-3.83	0.00	0.00
1	1012	3340205	1189	406	1052	664	292.12	0	-3.22	-3.82	0.00	0.00
1	1013	3340246	1189	406	1052	664	292.12	0	-3.22	-3.82	0.00	0.00
1	1014	3340286	1189	406	1052	664	292.12	0	-3.23	-3.82	0.00	0.00
1	1015	3340327	1189	406	1052	664	292.12	0	-3.23	-3.82	0.00	0.00
1	1016	3340367	1188	406	1052	664	291.65	0	-3.23	-3.81	0.00	0.00
1	1017	3340408	1188	405	1052	664	292.54	0	-3.23	-3.81	0.00	0.00
1	1018	3340449	1188	405	1052	664	292.54	0	-3.24	-3.81	0.00	0.00
1	1019	3340490	1188	405	1052	664	292.54	0	-3.24	-3.81	0.00	0.00
1	1020	3340531	1188	405	1052	664	292.54	0	-3.24	-3.81	0.00	0.00
1	1021	3340572	1188	405	1052	664	292.54	0	-3.25	-3.80	0.00	0.00
1	1022	3340613	1188	405	1052	664	292.54	0	-3.25	-3.80	0.00	0.00
1	1023	3340654	1187	404	1052	664	292.96	0	-3.25	-3.80	0.00	0.00
1	1024	3340695	1187	404	1052	664	292.96	0	-3.25	-3.80	0.00	0.00
1	1025	3340736	1187	404	1052	664	292.96	0	-3.26	-3.79	0.00	0.00
1	1026	3340777	1187	404	1052	664	292.96	0	-3.26	-3.79	0.00	0.00
1	1027	3340818	1187	404	1052	664	292.96	0	-3.26	-3.79	0.00	0.00
1	1028	3340859	1187	404	1052	664	292.96	0	-3.26	-3.79	0.00	0.00
1	1029	3340900	1187	404	1052	664	292.96	0	-3.27	-3.79	0.00	0.00
1	1030	3340940	1187	403	1052	664	293.85	0	-3.27	-3.78	0.00	0.00
1	1031	3340981	1186	403	1052	664	293.39	0	-3.27	-3.78	0.00	0.00
1	1032	3341022	1186	403	1052	664	293.39	0	-3.27	-3.78	0.00	0.00
1	1033	3341063	1186	403	1052	664	293.39	0	-3.28	-3.78	0.00	0.00
1	1034	3341104	1186	403	1052	664	293.39	0	-3.28	-3.77	0.00	0.00
1	1035	3341145	1186	403	1052	664	293.39	0	-3.28	-3.77	0.00	0.00
1	1036	3341186	1186	402	1052	664	294.28	0	-3.28	-3.77	0.00	0.00
1	1037	3341227	1186	402	1052	664	294.28	0	-3.29	-3.77	0.00	0.00
1	1038	3341268	1185	402	1052	664	293.82	0	-3.29	-3.77	0.00	0.00
1	1039	3341309	1185	402	1052	664	293.82	0	-3.29	-3.76	0.00	0.00
1	1040	3341350	1185	402	1052	664	293.82	0	-3.29	-3.76	0.00	0.00
1	1041	3341391	1185	402	1052	664	293.82	0	-3.30	-3.76	0.00	0.00
1	1042	3341432	1185	402	1052	664	293.82	0	-3.30	-3.76	0.00	0.00
1	1043	3341473	1185	401	1052	664	294.72	0	-3.30	-3.75	0.00	0.00
1	1044	3341514	1185	401	1052	664	294.72	0	-3.30	-3.75	0.00	0.00
1	1045	3341555	1184	401	1052	664	294.27	0	-3.31	-3.75	0.00	0.00
1	1046	3341596	1184	401	1052	664	294.27	0	-3.31	-3.75	0.00	0.00
1	1047	3341637	1184	401	1052	664	294.27	0	-3.31	-3.75	0.00	0.00
1	1048	3341678	1184	401	1052	664	294.27	0	-3.31	-3.74	0.00	0.00
1	1049	3341719	1184	400	1052	664	295.16	0	-3.32	-3.74	0.00	0.00
1	1050	3341760	1184	400	1052	664	295.16	0	-3.32	-3.74	0.00	0.00
1	1051	3341801	1184	400	1052	664	295.16	0	-3.32	-3.74	0.00	0.00
1	1052	3341842	1184	400	1052	664	295.16	0	-3.33	-3.73	0.00	0.00
1	1053	3341883	1183	400	1052	664	294.72	0	-3.33	-3.73	0.00	0.00
1	1054	3341924	1183	400	1052	664	294.72	0	-3.33	-3.73	0.00	0.00
1	1055	3341965	1183	400	1052	664	294.72	0	-3.33	-3.73	0.00	0.00
1	1056	3342006	1183	399	1052	664	295.61	0	-3.34	-3.73	0.00	0.00
1	1057	3342047	1183	399	1052	664	295.61	0	-3.34	-3.72	0.00	0.00
1	1058	3342088	1183	399	1052	664	295.61	0	-3.34	-3.72	0.00	0.00
1	1059	3342129	1183	399	1052	664	295.61	0	-3.34	-3.72	0.00	0.00
1	1060	3342170	1182	399	1052	664	295.17	0	-3.35	-3.72	0.00	0.00
1	1061	3342211	1182	399	1052	664	295.17	0	-3.35	-3.71	0.00	0.00
1	1062	3342252	1182	398	1052	664	296.07	0	-3.35	-3.71	0.00	0.00
1	1063	3342293	1182	398	1052	664	296.07	0	-3.35	-3.71	0.00	0.00
1	1064	3342334	1182	398	1052	664	296.07	0	-3.36	-3.71	0.00	0.00
1	1065	3342375	1182	398	1052	664	296.07	0	-3.36	-3.70	0.00	0.00
1	1066	3342416	1182	398	1052	664	296.07	0	-3.36	-3.70	0.00	0.00
1	1067	3342457	1181	398	1052	664	295.63	0	-3.36	-3.70	0.00	0.00
1	1068	3342498	1181	398	1052	664	295.63	0	-3.37	-3.70	0.00	0.00
1	1069	3342539	1181	397	1052	664	296.53	0	-3.37	-3.70	0.00	0.00
1	1070	3342580	1181	397	1052	664	296.53	0	-3.37	-3.69	0.00	0.00
1	1071	3342621	1181	397	1052	664	296.53	0	-3.37	-3.69	0.00	0.00
1	1072	3342661	1181	397	1052	664	296.53	0	-3.38	-3.69	0.00	0.00
1	1073	3342702	1181	397	1052	664	296.53	0	-3.38	-3.69	0.00	0.00
1	1074	3342743	1181	397	1052	664	296.53	0	-3.38	-3.68	0.00	0.00
1	1075	3342784	1180	397	1052	664	296.10	0	-3.38	-3.68	0.00	0.00
1	1076	3342825	1180	396	1052	664	297.00	0	-3.39	-3.68	0.00	0.00
1	1077	3342866	1180	396	1052	664	297.00	0	-3.39	-3.68	0.00	0.00
1	1078	3342907	1180	396	1052	664	297.00	0	-3.39	-3.67	0.00	0.00
1	1079	3342948	1180	396	1052	664	297.00	0	-3.39	-3.67	0.00	0.00
1	1080	3342988	1180	396	1052	664	297.00	0	-3.40	-3.67	0.00	0.00
1	1081	3343029	1180	396	1052	664	297.00	0	-3.40	-3.67	0.00	0.00
1	1082	3343070	1179	395	1052	664	297.47	0	-3.40	-3.66	0.00	0.00
1	1083	3343111	1179	395	1052	664	297.47	0	-3.40	-3.66	0.00	0.00
1	1084	3343152	1179	395	1052	664	297.47	0	-3.41	-3.66	0.00	0.00
1	1085	3343193	1179	395	1052	664	297.47	0	-3.41	-3.66	0.00	0.00
1	1086	3343234	1179	395	1052	664	297.47	0	-3.41	-3.66	0.00	0.00
1	1087	3343275	1179	395	1052	664	297.47	0	-3.41	-3.65	0.00	0.00
1	1088	3343316	1179	395	1052	664	297.47	0	-3.42	-3.65	0.00	0.00
1	1089	3343357	1178	394	1052	664	297.95	0	-3.42	-3.65	0.00	0.00
1	1090	3343398	1178	394	1052	664	297.95	0	-3.42	-3.65	0.00	0.00
1	1091	3343438	1178	394	1052	664	297.95	0	-3.42	-3.64	0.00	0.00
1	1092	3343479	1178	394	1052	664	297.95	0	-3.43	-3.64	0.00	0.00
1	1093	3343520	1178	394	1052	664	297.95	0	-3.43	-3.64	0.00	0.00
1	1094	3343561	1178	394	1052	664	297.95	0	-3.43	-3.64	0.00	0.00
1	1095	3343602	1178	394	1052	664	297.95	0	-3.43	-3.63	0.00	0.00
1	1096	3343643	1177	393	1052	664	298.44	0	-3.44	-3.63	0.00	0.00
1	1097	3343684	1177	393	1052	664	298.44	0	-3.44	-3.63	0.00	0.00
1	1098	3343724	1177	393	1052	664	298.44	0	-3.44	-3.63	0.00	0.00
1	1099	3343765	1177	393	1052	664	298.44	0	-3.44	-3.63	0.00	0.00
1	1100	3343806	1177	393	1052	664	298.44	0	-3.45	-3.62	0.00	0.00
1	1101	3343846	1177	393	1052	664	298.44	0	-3.45	-3.62	0.00	0.00
1	1102	3343886	1177	392	1052	664	299.35	0	-3.45	-3.62	0.00	0.00
1	1103	3343927	1176	392	1052	664	298.93	0	-3.45	-3.62	0.00	0.00
1	1104	3343967	1176	392	1052	664	298.93	0	-3.46	-3.61	0.00	0.00
1	1105	3344008	1176	392	1052	664	298.93	0	-3.46	-3.61	0.00	0.00
1	1106	3344049	1176	392	1052	664	298.93	0	-3.46	-3.61	0.00	0.00
1	1107	3344090	1176	392	1052	664	298.93	0	-3.46	-3.61	0.00	0.00
1	1108	3344131	1176	392	1052	664	298.93	0	-3.47	-3.60	0.00	0.00
1	1109	3344171	1176	391	1052	664	299.84	0	-3.47	-3.60	0.00	0.00
1	1110	3344212	1175	391	1052	664	299.43	0	-3.47	-3.60	0.00	0.00
1	1111	3344253	1175	391	1052	664	299.43	0	-3.47	-3.60	0.00	0.00
1	1112	3344294	1175	391	1052	664	299.43	0	-3.48	-3.59	0.00	0.00
1	1113	3344335	1175	391	1052	664	299.43	0	-3.48	-3.59	0.00	0.00
1	1114	3344375	1175	391	1052	664	299.43	0	-3.48	-3.59	0.00	0.00
1	1115	3344416	1175	391	1052	664	299.43	0	-3.48	-3.59	0.00	0.00
1	1116	3344457	1175	390	1052	664	300.34	0	-3.49	-3.58	0.00	0.00
1	1117	3344498	1174	390	1052	664	299.93	0	-3.49	-3.58	0.00	0.00
1	1118	3344539	1174	390	1052	664	299.93	0	-3.49	-3.58	0.00	0.00
1	1119	3344580	1174	390	1052	664	299.93	0	-3.49	-3.58	0.00	0.00
1	1120	3344621	1174	390	1052	664	299.93	0	-3.49	-3.58	0.00	0.00
1	1121	3344662	1174	390	1052	664	299.93	0	-3.50	-3.57	0.00	0.00
1	1122	3344702	1174	390	1052	664	299.93	0	-3.50	-3.57	0.00	0.00
1	1123	3344743	1174	389	1052	664	300.85	0	-3.50	-3.57	0.00	0.00
1	1124	3344784	1173	389	1052	664	300.44	0	-3.51	-3.57	0.00	0.00
1	1125	3344825	1173	389	1052	664	300.44	0	-3.51	-3.56	0.00	0.00
1	1126	3344866	1173	389	1052	664	300.44	0	-3.51	-3.56	0.00	0.00
1	1127	3344907	1173	389	1052	664	300.44	0	-3.51	-3.56	0.00	0.00
1	1128	3344948	1173	389	1052	664	300.44	0	-3.51	-3.56	0.00	0.00
1	1129	3344988	1173	388	1052	664	301.36	0	-3.52	-3.55	0.00	0.00
1	1130	3345029	1173	388	1052	664	301.36	0	-3.52	-3.55	0.00	0.00
1	1131	3345070	1172	388	1052	664	300.96	0	-3.52	-3.55	0.00	0.00
1	1132	3345111	1172	388	1052	664	300.96	0	-3.52	-3.55	0.00	0.00
1	1133	3345152	1172	388	1052	664	300.96	0	-3.53	-3.54	0.00	0.00
1	1134	3345193	1172	388	1052	664	300.96	0	-3.53	-3.54	0.00	0.00
1	1135	3345234	1172	388	1052	664	300.96	0	-3.53	-3.54	0.00	0.00
1	1136	3345275	1172	387	1052	664	301.88	0	-3.53	-3.54	0.00	0.00
1	1137	3345316	1172	387	1052	664	301.88	0	-3.54	-3.53	0.00	0.00
1	1138	3345356	1171	387	1052	664	301.48	0	-3.54	-3.53	0.00	0.00
1	1139	3345397	1171	387	1052	664	301.48	0	-3.54	-3.53	0.00	0.00
1	1140	3345438	1171	387	1052	664	301.48	0	-3.54	-3.53	0.00	0.00
1	1141	3345479	1171	387	1052	664	301.48	0	-3.55	-3.53	0.00	0.00
1	1142	3345520	1171	387	1052	664	301.48	0	-3.55	-3.52	0.00	0.00
1	1143	3345561	1171	386	1052	664	302.40	0	-3.55	-3.52	0.00	0.00
1	1144	3345602	1171	386	1052	664	302.40	0	-3.55	-3.52	0.00	0.00
1	1145	3345642	1170	386	1052	664	302.01	0	-3.56	-3.52	0.00	0.00
1	1146	3345683	1170	386	1052	664	302.01	0	-3.56	-3.51	0.00	0.00
1	1147	3345724	1170	386	1052	664	302.01	0	-3.56	-3.51	0.00	0.00
1	1148	3345764	1170	386	1052	664	302.01	0	-3.56	-3.51	0.00	0.00
1	1149	3345805	1170	386	1052	664	302.01	0	-3.57	-3.51	0.00	0.00
1	1150	3345846	1170	385	1052	664	302.93	0	-3.57	-3.50	0.00	0.00
1	1151	3345887	1170	385	1052	664	302.93	0	-3.57	-3.50	0.00	0.00
1	1152	3345928	1169	385	1052	664	302.54	0	-3.57	-3.50	0.00	0.00
1	1153	3345968	1169	385	1052	664	302.54	0	-3.57	-3.50	0.00	0.00
1	1154	3346008	1169	385	1052	664	302.54	0	-3.58	-3.49	0.00	0.00
1	1155	3346049	1169	385	1052	664	302.54	0	-3.58	-3.49	0.00	0.00
1	1156	3346090	1169	385	1052	664	302.54	0	-3.58	-3.49	0.00	0.00
1	1157	3346131	1169	384	1052	664	303.46	0	-3.58	-3.49	0.00	0.00
1	1158	3346172	1169	384	1052	664	303.46	0	-3.59	-3.48	0.00	0.00
1	1159	3346213	1168	384	1052	664	303.08	0	-3.59	-3.48	0.00	0.00
1	1160	3346254	1168	384	1052	664	303.08	0	-3.59	-3.48	0.00	0.00
1	1161	3346294	1168	384	1052	664	303.08	0	-3.59	-3.48	0.00	0.00
1	1162	3346335	1168	384	1052	664	303.08	0	-3.60	-3.47	0.00	0.00
1	1163	3346375	1168	384	1052	664	303.08	0	-3.60	-3.47	0.00	0.00
1	1164	3346415	1168	383	1052	664	304.00	0	-3.60	-3.47	0.00	0.00
1	1165	3346456	1168	383	1052	664	304.00	0	-3.60	-3.47	0.00	0.00
1	1166	3346496	1167	383	1052	664	303.62	0	-3.61	-3.46	0.00	0.00
1	1167	3346537	1167	383	1052	664	303.62	0	-3.61	-3.46	0.00	0.00
1	1168	3346578	1167	383	1052	664	303.62	0	-3.61	-3.46	0.00	0.00
1	1169	3346619	1167	383	1052	664	303.62	0	-3.61	-3.46	0.00	0.00
1	1170	3346660	1167	383	1052	664	303.62	0	-3.62	-3.45	0.00	0.00
1	1171	3346701	1167	382	1052	664	304.55	0	-3.62	-3.45	0.00	0.00
1	1172	3346742	1166	382	1052	664	304.17	0	-3.62	-3.45	0.00	0.00
1	1173	3346783	1166	382	1052	664	304.17	0	-3.62	-3.45	0.00	0.00
1	1174	3346824	1166	382	1052	664	304.17	0	-3.62	-3.44	0.00	0.00
1	1175	3346865	1166	382	1052	664	304.17	0	-3.63	-3.44	0.00	0.00
1	1176	3346906	1166	382	1052	664	304.17	0	-3.63	-3.44	0.00	0.00
1	1177	3346947	1166	382	1052	664	304.17	0	-3.63	-3.44	0.00	0.00
1	1178	3346988	1166	381	1052	664	305.10	0	-3.63	-3.43	0.00	0.00
1	1179	3347029	1165	381	1052	664	304.73	0	-3.64	-3.43	0.00	0.00
1	1180	3347070	1165	381	1052	664	304.73	0	-3.64	-3.43	0.00	0.00
1	1181	3347111	1165	381	1052	664	304.73	0	-3.64	-3.43	0.00	0.00
1	1182	3347152	1165	381	1052	664	304.73	0	-3.64	-3.42	0.00	0.00
1	1183	3347193	1165	381	1052	664	304.73	0	-3.65	-3.42	0.00	0.00
1	1184	3347234	1165	381	1052	664	304.73	0	-3.65	-3.42	0.00	0.00
1	1185	3347275	1164	380	1052	664	305.29	0	-3.65	-3.42	0.00	0.00
1	1186	3347316	1164	380	1052	664	305.29	0	-3.65	-3.41	0.00	0.00
1	1187	3347357	1164	380	1052	664	305.29	0	-3.65	-3.41	0.00	0.00
1	1188	3347397	1164	380	1052	664	305.29	0	-3.66	-3.41	0.00	0.00
1	1189	3347438	1164	380	1052	664	305.29	0	-3.66	-3.41	0.00	0.00
1	1190	3347479	1164	380	1052	664	305.29	0	-3.66	-3.40	0.00	0.00
1	1191	3347520	1164	380	1052	664	305.29	0	-3.66	-3.40	0.00	0.00
1	1192	3347560	1163	380	1052	664	304.92	0	-3.67	-3.40	0.00	0.00
1	1193	3347601	1163	379	1052	664	305.85	0	-3.67	-3.40	0.00	0.00
1	1194	3347642	1163	379	1052	664	305.85	0	-3.67	-3.39	0.00	0.00
1	1195	3347683	1163	379	1052	664	305.85	0	-3.67	-3.39	0.00	0.00
1	1196	3347723	1163	379	1052	664	305.85	0	-3.68	-3.39	0.00	0.00
1	1197	3347764	1163	379	1052	664	305.85	0	-3.68	-3.39	0.00	0.00
1	1198	3347805	1163	379	1052	664	305.85	0	-3.68	-3.38	0.00	0.00
1	1199	3347846	1162	379	1052	664	305.49	0	-3.68	-3.38	0.00	0.00
1	1200	3347886	1162	378	1052	664	306.42	0	-3.69	-3.38	0.00	0.00
1	1201	3347926	1162	378	1052	664	306.42	0	-3.69	-3.38	0.00	0.00
1	1202	3347967	1162	378	1052	664	306.42	0	-3.69	-3.37	0.00	0.00
1	1203	3348008	1162	378	1052	664	306.42	0	-3.69	-3.37	0.00	0.00
1	1204	3348049	1162	378	1052	664	306.42	0	-3.69	-3.37	0.00	0.00
1	1205	3348090	1162	378	1052	664	306.42	0	-3.70	-3.37	0.00	0.00
1	1206	3348131	1161	378	1052	664	306.07	0	-3.70	-3.36	0.00	0.00
1	1207	3348171	1161	377	1052	664	307.00	0	-3.70	-3.36	0.00	0.00
1	1208	3348212	1161	377	1052	664	307.00	0	-3.70	-3.36	0.00	0.00
1	1209	3348253	1161	377	1052	664	307.00	0	-3.71	-3.36	0.00	0.00
1	1210	3348293	1161	377	1052	664	307.00	0	-3.71	-3.35	0.00	0.00
1	1211	3348334	1161	377	1052	664	307.00	0	-3.71	-3.35	0.00	0.00
1	1212	3348375	1160	377	1052	664	306.65	0	-3.71	-3.35	0.00	0.00
1	1213	3348416	1160	377	1052	664	306.65	0	-3.72	-3.35	0.00	0.00
1	1214	3348457	1160	376	1052	664	307.58	0	-3.72	-3.34	0.00	0.00
1	1215	3348498	1160	376	1052	664	307.58	0	-3.72	-3.34	0.00	0.00
1	1216	3348538	1160	376	1052	664	307.58	0	-3.72	-3.34	0.00	0.00
1	1217	3348579	1160	376	1052	664	307.58	0	-3.72	-3.34	0.00	0.00
1	1218	3348620	1160	376	1052	664	307.58	0	-3.73	-3.33	0.00	0.00
1	1219	3348661	1159	376	1052	664	307.23	0	-3.73	-3.33	0.00	0.00
1	1220	3348702	1159	376	1052	664	307.23	0	-3.73	-3.33	0.00	0.00
1	1221	3348743	1159	375	1052	664	308.17	0	-3.73	-3.33	0.00	0.00
1	1222	3348784	1159	375	1052	664	308.17	0	-3.74	-3.32	0.00	0.00
1	1223	3348825	1159	375	1052	664	308.17	0	-3.74	-3.32	0.00	0.00
1	1224	3348866	1159	375	1052	664	308.17	0	-3.74	-3.32	0.00	0.00
1	1225	3348907	1158	375	1052	664	307.83	0	-3.74	-3.32	0.00	0.00
1	1226	3348948	1158	375	1052	664	307.83	0	-3.74	-3.31	0.00	0.00
1	1227	3348989	1158	375	1052	664	307.83	0	-3.75	-3.31	0.00	0.00
1	1228	3349029	1158	375	1052	664	307.83	0	-3.75	-3.31	0.00	0.00
1	1229	3349070	1158	374	1052	664	308.77	0	-3.75	-3.31	0.00	0.00
1	1230	3349111	1158	374	1052	664	308.77	0	-3.75	-3.30	0.00	0.00
1	1231	3349152	1158	374	1052	664	308.77	0	-3.76	-3.30	0.00	0.00
1	1232	3349192	1157	374	1052	664	308.42	0	-3.76	-3.30	0.00	0.00
1	1233	3349233	1157	374	1052	664	308.42	0	-3.76	-3.29	0.00	0.00
1	1234	3349273	1157	374	1052	664	308.42	0	-3.76	-3.29	0.00	0.00
1	1235	3349314	1157	374	1052	664	308.42	0	-3.76	-3.29	0.00	0.00
1	1236	3349355	1157	373	1052	664	309.36	0	-3.77	-3.29	0.00	0.00
1	1237	3349396	1157	373	1052	664	309.36	0	-3.77	-3.28	0.00	0.00
1	1238	3349437	1156	373	1052	664	309.03	0	-3.77	-3.28	0.00	0.00
1	1239	3349478	1156	373	1052	664	309.03	0	-3.77	-3.28	0.00	0.00
1	1240	3349518	1156	373	1052	664	309.03	0	-3.78	-3.28	0.00	0.00
1	1241	3349559	1156	373	1052	664	309.03	0	-3.78	-3.27	0.00	0.00
1	1242	3349600	1156	373	1052	664	309.03	0	-3.78	-3.27	0.00	0.00
1	1243	3349641	1156	373	1052	664	309.03	0	-3.78	-3.27	0.00	0.00
1	1244	3349682	1155	372	1052	664	309.63	0	-3.79	-3.27	0.00	0.00
1	1245	3349723	1155	372	1052	664	309.63	0	-3.79	-3.26	0.00	0.00
1	1246	3349764	1155	372	1052	664	309.63	0	-3.79	-3.26	0.00	0.00
1	1247	3349805	1155	372	1052	664	309.63	0	-3.79	-3.26	0.00	0.00
1	1248	3349845	1155	372	1052	664	309.63	0	-3.79	-3.26	0.00	0.00
1	1249	3349886	1155	372	1052	664	309.63	0	-3.80	-3.25	0.00	0.00
1	1250	3349927	1155	372	1052	664	309.63	0	-3.80	-3.25	0.00	0.00
1	1251	3349968	1154	371	1052	664	310.25	0	-3.80	-3.25	0.00	0.00
1	1252	3350009	1154	371	1052	664	310.25	0	-3.80	-3.25	0.00	0.00
1	1253	3350050	1154	371	1052	664	310.25	0	-3.81	-3.24	0.00	0.00
1	1254	3350091	1154	371	1052	664	310.25	0	-3.81	-3.24	0.00	0.00
1	1255	3350131	1154	371	1052	664	310.25	0	-3.81	-3.24	0.00	0.00
1	1256	3350171	1154	371	1052	664	310.25	0	-3.81	-3.24	0.00	0.00
1	1257	3350212	1153	371	1052	664	309.92	0	-3.81	-3.23	0.00	0.00
1	1258	3350252	1153	371	1052	664	309.92	0	-3.82	-3.23	0.00	0.00
1	1259	3350293	1153	370	1052	664	310.86	0	-3.82	-3.23	0.00	0.00
1	1260	3350334	1153	370	1052	664	310.86	0	-3.82	-3.22	0.00	0.00
1	1261	3350375	1153	370	1052	664	310.86	0	-3.82	-3.22	0.00	0.00
1	1262	3350416	1153	370	1052	664	310.86	0	-3.82	-3.22	0.00	0.00
1	1263	3350456	1153	370	1052	664	310.86	0	-3.83	-3.22	0.00	0.00
1	1264	3350497	1152	370	1052	664	310.54	0	-3.83	-3.21	0.00	0.00
1	1265	3350538	1152	370	1052	664	310.54	0	-3.83	-3.21	0.00	0.00
1	1266	3350579	1152	369	1052	664	311.49	0	-3.83	-3.21	0.00	0.00
1	1267	3350620	1152	369	1052	664	311.49	0	-3.84	-3.21	0.00	0.00
1	1268	3350661	1152	369	1052	664	311.49	0	-3.84	-3.20	0.00	0.00
1	1269	3350701	1152	369	1052	664	311.49	0	-3.84	-3.20	0.00	0.00
1	1270	3350742	1151	369	1052	664	311.17	0	-3.84	-3.20	0.00	0.00
1	1271	3350782	1151	369	1052	664	311.17	0	-3.84	-3.20	0.00	0.00
1	1272	3350823	1151	369	1052	664	311.17	0	-3.85	-3.19	0.00	0.00
1	1273	3350864	1151	369	1052	664	311.17	0	-3.85	-3.19	0.00	0.00
1	1274	3350905	1151	368	1052	664	312.12	0	-3.85	-3.19	0.00	0.00
1	1275	3350946	1151	368	1052	664	312.12	0	-3.85	-3.19	0.00	0.00
1	1276	3350986	1150	368	1052	664	311.80	0	-3.86	-3.18	0.00	0.00
1	1277	3351027	1150	368	1052	664	311.80	0	-3.86	-3.18	0.00	0.00
1	1278	3351068	1150	368	1052	664	311.80	0	-3.86	-3.18	0.00	0.00
1	1279	3351109	1150	368	1052	664	311.80	0	-3.86	-3.18	0.00	0.00
1	1280	3351150	1150	368	1052	664	311.80	0	-3.86	-3.17	0.00	0.00
1	1281	3351190	1150	367	1052	664	312.75	0	-3.87	-3.17	0.00	0.00
1	1282	3351231	1150	367	1052	664	312.75	0	-3.87	-3.17	0.00	0.00
1	1283	3352278	1150	367	1052	664	312.75	0	-3.87	-3.17	0.00	0.00
1	1284	3352319	1145	364	1052	664	314.08	0	-3.93	-3.10	0.00	0.00
1	1285	3352360	1145	364	1052	664	314.08	0	-3.93	-3.09	0.00	0.00
1	1286	3352401	1145	364	1052	664	314.08	0	-3.93	-3.09	0.00	0.00
1	1287	3352441	1145	364	1052	664	314.08	0	-3.93	-3.09	0.00	0.00
1	1288	3352482	1145	363	1052	664	315.04	0	-3.93	-3.09	0.00	0.00
1	1289	3352523	1145	363	1052	664	315.04	0	-3.94	-3.08	0.00	0.00
1	1290	3352564	1144	363	1052	664	314.75	0	-3.94	-3.08	0.00	0.00
1	1291	3352605	1144	363	1052	664	314.75	0	-3.94	-3.08	0.00	0.00
1	1292	3352646	1144	363	1052	664	314.75	0	-3.94	-3.07	0.00	0.00
1	1293	3352686	1144	363	1052	664	314.75	0	-3.94	-3.07	0.00	0.00
1	1294	3352727	1144	363	1052	664	314.75	0	-3.95	-3.07	0.00	0.00
1	1295	3352768	1144	363	1052	664	314.75	0	-3.95	-3.07	0.00	0.00
1	1296	3352809	1143	362	1052	664	315.41	0	-3.95	-3.06	0.00	0.00
1	1297	3352850	1143	362	1052	664	315.41	0	-3.95	-3.06	0.00	0.00
1	1298	3352891	1143	362	1052	664	315.41	0	-3.95	-3.06	0.00	0.00
1	1299	3352932	1143	362	1052	664	315.41	0	-3.96	-3.06	0.00	0.00
1	1300	3352973	1143	362	1052	664	315.41	0	-3.96	-3.05	0.00	0.00
1	1301	3353014	1143	362	1052	664	315.41	0	-3.96	-3.05	0.00	0.00
1	1302	3353055	1142	362	1052	664	315.13	0	-3.96	-3.05	0.00	0.00
1	1303	3353096	1142	362	1052	664	315.13	0	-3.97	-3.05	0.00	0.00
1	1304	3353137	1142	361	1052	664	316.08	0	-3.97	-3.04	0.00	0.00
1	1305	3353177	1142	361	1052	664	316.08	0	-3.97	-3.04	0.00	0.00
1	1306	3353218	1142	361	1052	664	316.08	0	-3.97	-3.04	0.00	0.00
1	1307	3353259	1142	361	1052	664	316.08	0	-3.97	-3.03	0.00	0.00
1	1308	3353300	1141	361	1052	664	315.80	0	-3.98	-3.03	0.00	0.00
1	1309	3353341	1141	361	1052	664	315.80	0	-3.98	-3.03	0.00	0.00
1	1310	3353382	1141	361	1052	664	315.80	0	-3.98	-3.03	0.00	0.00
1	1311	3353423	1141	361	1052	664	315.80	0	-3.98	-3.02	0.00	0.00
1	1312	3353464	1141	360	1052	664	316.76	0	-3.98	-3.02	0.00	0.00
1	1313	3353505	1141	360	1052	664	316.76	0	-3.99	-3.02	0.00	0.00
1	1314	3353546	1140	360	1052	664	316.48	0	-3.99	-3.02	0.00	0.00
1	1315	3353587	1140	360	1052	664	316.48	0	-3.99	-3.01	0.00	0.00
1	1316	3353628	1140	360	1052	664	316.48	0	-3.99	-3.01	0.00	0.00
1	1317	3353669	1140	360	1052	664	316.48	0	-3.99	-3.01	0.00	0.00
1	1318	3353710	1140	360	1052	664	316.48	0	-4.00	-3.00	0.00	0.00
1	1319	3353751	1140	360	1052	664	316.48	0	-4.00	-3.00	0.00	0.00
1	1320	3353792	1139	359	1052	664	317.17	0	-4.00	-3.00	0.00	0.00
1	1321	3353833	1139	359	1052	664	317.17	0	-4.00	-3.00	0.00	0.00
1	1322	3353874	1139	359	1052	664	317.17	0	-4.00	-2.99	0.00	0.00
1	1323	3353915	1139	359	1052	664	317.17	0	-4.01	-2.99	0.00	0.00
1	1324	3353956	1139	359	1052	664	317.17	0	-4.01	-2.99	0.00	0.00
1	1325	3353997	1139	359	1052	664	317.17	0	-4.01	-2.99	0.00	0.00
1	1326	3354038	1138	359	1052	664	316.89	0	-4.01	-2.98	0.00	0.00
1	1327	3354079	1138	359	1052	664	316.89	0	-4.01	-2.98	0.00	0.00
1	1328	3354120	1138	358	1052	664	317.86	0	-4.02	-2.98	0.00	0.00
1	1329	3354161	1138	358	1052	664	317.86	0	-4.02	-2.97	0.00	0.00
1	1330	3354202	1138	358	1052	664	317.86	0	-4.02	-2.97	0.00	0.00
1	1331	3354243	1138	358	1052	664	317.86	0	-4.02	-2.97	0.00	0.00
1	1332	3354284	1137	358	1052	664	317.59	0	-4.02	-2.97	0.00	0.00
1	1333	3354324	1137	358	1052	664	317.59	0	-4.03	-2.96	0.00	0.00
1	1334	3354365	1137	358	1052	664	317.59	0	-4.03	-2.96	0.00	0.00
1	1335	3354406	1137	358	1052	664	317.59	0	-4.03	-2.96	0.00	0.00
1	1336	3354446	1137	358	1052	664	317.59	0	-4.03	-2.96	0.00	0.00
1	1337	3354487	1137	357	1052	664	318.55	0	-4.04	-2.95	0.00	0.00
1	1338	3354528	1136	357	1052	664	318.28	0	-4.04	-2.95	0.00	0.00
1	1339	3354569	1136	357	1052	664	318.28	0	-4.04	-2.95	0.00	0.00
1	1340	3354610	1136	357	1052	664	318.28	0	-4.04	-2.94	0.00	0.00
1	1341	3354651	1136	357	1052	664	318.28	0	-4.04	-2.94	0.00	0.00
1	1342	3354692	1136	357	1052	664	318.28	0	-4.05	-2.94	0.00	0.00
1	1343	3354732	1136	357	1052	664	318.28	0	-4.05	-2.94	0.00	0.00
1	1344	3354773	1135	357	1052	664	318.02	0	-4.05	-2.93	0.00	0.00
1	1345	3354814	1135	356	1052	664	318.99	0	-4.05	-2.93	0.00	0.00
1	1346	3354855	1135	356	1052	664	318.99	0	-4.05	-2.93	0.00	0.00
1	1347	3354896	1135	356	1052	664	318.99	0	-4.06	-2.93	0.00	0.00
1	1348	3354937	1135	356	1052	664	318.99	0	-4.06	-2.92	0.00	0.00
1	1349	3354978	1135	356	1052	664	318.99	0	-4.06	-2.92	0.00	0.00
1	1350	3355019	1135	356	1052	664	318.99	0	-4.06	-2.92	0.00	0.00
1	1351	3355060	1134	356	1052	664	318.73	0	-4.06	-2.91	0.00	0.00
1	1352	3355101	1134	356	1052	664	318.73	0	-4.07	-2.91	0.00	0.00
1	1353	3355142	1134	355	1052	664	319.70	0	-4.07	-2.91	0.00	0.00
1	1354	3355183	1134	355	1052	664	319.70	0	-4.07	-2.91	0.00	0.00
1	1355	3355224	1134	355	1052	664	319.70	0	-4.07	-2.90	0.00	0.00
1	1356	3355265	1133	355	1052	664	319.44	0	-4.07	-2.90	0.00	0.00
1	1357	3355306	1133	355	1052	664	319.44	0	-4.08	-2.90	0.00	0.00
1	1358	3355347	1133	355	1052	664	319.44	0	-4.08	-2.89	0.00	0.00
1	1359	3355388	1133	355	1052	664	319.44	0	-4.08	-2.89	0.00	0.00
1	1360	3355429	1133	355	1052	664	319.44	0	-4.08	-2.89	0.00	0.00
1	1361	3355470	1133	355	1052	664	319.44	0	-4.08	-2.89	0.00	0.00
1	1362	3355510	1132	354	1052	664	320.16	0	-4.09	-2.88	0.00	0.00
1	1363	3355551	1132	354	1052	664	320.16	0	-4.09	-2.88	0.00	0.00
1	1364	3355592	1132	354	1052	664	320.16	0	-4.09	-2.88	0.00	0.00
1	1365	3355633	1132	354	1052	664	320.16	0	-4.09	-2.88	0.00	0.00
1	1366	3355674	1132	354	1052	664	320.16	0	-4.09	-2.87	0.00	0.00
1	1367	3355715	1132	354	1052	664	320.16	0	-4.09	-2.87	0.00	0.00
1	1368	3355756	1131	354	1052	664	319.91	0	-4.10	-2.87	0.00	0.00
1	1369	3355797	1131	354	1052	664	319.91	0	-4.10	-2.86	0.00	0.00
1	1370	3355838	1131	353	1052	664	320.88	0	-4.10	-2.86	0.00	0.00
1	1371	3355879	1131	353	1052	664	320.88	0	-4.10	-2.86	0.00	0.00
1	1372	3355920	1131	353	1052	664	320.88	0	-4.10	-2.86	0.00	0.00
1	1373	3355961	1131	353	1052	664	320.88	0	-4.11	-2.85	0.00	0.00
1	1374	3356002	1130	353	1052	664	320.63	0	-4.11	-2.85	0.00	0.00
1	1375	3356043	1130	353	1052	664	320.63	0	-4.11	-2.85	0.00	0.00
1	1376	3356084	1130	353	1052	664	320.63	0	-4.11	-2.84	0.00	0.00
1	1377	3356125	1130	353	1052	664	320.63	0	-4.11	-2.84	0.00	0.00
1	1378	3356166	1130	353	1052	664	320.63	0	-4.12	-2.84	0.00	0.00
1	1379	3356207	1130	352	1052	664	321.60	0	-4.12	-2.84	0.00	0.00
1	1380	3356248	1129	352	1052	664	321.36	0	-4.12	-2.83	0.00	0.00
1	1381	3356289	1129	352	1052	664	321.36	0	-4.12	-2.83	0.00	0.00
1	1382	3356330	1129	352	1052	664	321.36	0	-4.12	-2.83	0.00	0.00
1	1383	3356371	1129	352	1052	664	321.36	0	-4.13	-2.82	0.00	0.00
1	1384	3356412	1129	352	1052	664	321.36	0	-4.13	-2.82	0.00	0.00
1	1385	3356453	1129	352	1052	664	321.36	0	-4.13	-2.82	0.00	0.00
1	1386	3356494	1128	352	1052	664	321.12	0	-4.13	-2.82	0.00	0.00
1	1387	3356535	1128	351	1052	664	322.09	0	-4.13	-2.81	0.00	0.00
1	1388	3356576	1128	351	1052	664	322.09	0	-4.14	-2.81	0.00	0.00
1	1389	3356617	1128	351	1052	664	322.09	0	-4.14	-2.81	0.00	0.00
1	1390	3356657	1128	351	1052	664	322.09	0	-4.14	-2.80	0.00	0.00
1	1391	3356698	1128	351	1052	664	322.09	0	-4.14	-2.80	0.00	0.00
1	1392	3356739	1127	351	1052	664	321.86	0	-4.14	-2.80	0.00	0.00
1	1393	3356779	1127	351	1052	664	321.86	0	-4.14	-2.80	0.00	0.00
1	1394	3356820	1127	351	1052	664	321.86	0	-4.15	-2.79	0.00	0.00
1	1395	3356861	1127	351	1052	664	321.86	0	-4.15	-2.79	0.00	0.00
1	1396	3356902	1127	350	1052	664	322.83	0	-4.15	-2.79	0.00	0.00
1	1397	3356943	1127	350	1052	664	322.83	0	-4.15	-2.78	0.00	0.00
1	1398	3356984	1126	350	1052	664	322.60	0	-4.15	-2.78	0.00	0.00
1	1399	3357025	1126	350	1052	664	322.60	0	-4.16	-2.78	0.00	0.00
1	1400	3357066	1126	350	1052	664	322.60	0	-4.16	-2.78	0.00	0.00
1	1401	3357107	1126	350	1052	664	322.60	0	-4.16	-2.77	0.00	0.00
1	1402	3357148	1126	350	1052	664	322.60	0	-4.16	-2.77	0.00	0.00
1	1403	3357189	1126	350	1052	664	322.60	0	-4.16	-2.77	0.00	0.00
1	1404	3357230	1125	350	1052	664	322.37	0	-4.17	-2.77	0.00	0.00
1	1405	3357271	1125	349	1052	664	323.35	0	-4.17	-2.76	0.00	0.00
1	1406	3357312	1125	349	1052	664	323.35	0	-4.17	-2.76	0.00	0.00
1	1407	3357353	1125	349	1052	664	323.35	0	-4.17	-2.76	0.00	0.00
1	1408	3357394	1125	349	1052	664	323.35	0	-4.17	-2.75	0.00	0.00
1	1409	3357435	1125	349	1052	664	323.35	0	-4.18	-2.75	0.00	0.00
1	1410	3357476	1124	349	1052	664	323.12	0	-4.18	-2.75	0.00	0.00
1	1411	3357517	1124	349	1052	664	323.12	0	-4.18	-2.74	0.00	0.00
1	1412	3357558	1124	349	1052	664	323.12	0	-4.18	-2.74	0.00	0.00
1	1413	3357599	1124	349	1052	664	323.12	0	-4.18	-2.74	0.00	0.00
1	1414	3357640	1124	348	1052	664	324.10	0	-4.19	-2.74	0.00	0.00
1	1415	3357681	1124	348	1052	664	324.10	0	-4.19	-2.73	0.00	0.00
1	1416	3357722	1123	348	1052	664	323.88	0	-4.19	-2.73	0.00	0.00
1	1417	3357763	1123	348	1052	664	323.88	0	-4.19	-2.73	0.00	0.00
1	1418	3357804	1123	348	1052	664	323.88	0	-4.19	-2.72	0.00	0.00
1	1419	3357844	1123	348	1052	664	323.88	0	-4.19	-2.72	0.00	0.00
1	1420	3357885	1123	348	1052	664	323.88	0	-4.20	-2.72	0.00	0.00
1	1421	3357926	1122	348	1052	664	323.66	0	-4.20	-2.72	0.00	0.00
1	1422	3357966	1122	348	1052	664	323.66	0	-4.20	-2.71	0.00	0.00
1	1423	3358007	1122	347	1052	664	324.64	0	-4.20	-2.71	0.00	0.00
1	1424	3358048	1122	347	1052	664	324.64	0	-4.20	-2.71	0.00	0.00
1	1425	3358089	1122	347	1052	664	324.64	0	-4.21	-2.70	0.00	0.00
1	1426	3358130	1122	347	1052	664	324.64	0	-4.21	-2.70	0.00	0.00
1	1427	3358171	1121	347	1052	664	324.42	0	-4.21	-2.70	0.00	0.00
1	1428	3358212	1121	347	1052	664	324.42	0	-4.21	-2.70	0.00	0.00
1	1429	3358253	1121	347	1052	664	324.42	0	-4.21	-2.69	0.00	0.00
1	1430	3358293	1121	347	1052	664	324.42	0	-4.21	-2.69	0.00	0.00
1	1431	3358334	1121	347	1052	664	324.42	0	-4.22	-2.69	0.00	0.00
1	1432	3358375	1121	346	1052	664	325.40	0	-4.22	-2.68	0.00	0.00
1	1433	3358416	1120	346	1052	664	325.19	0	-4.22	-2.68	0.00	0.00
1	1434	3358457	1120	346	1052	664	325.19	0	-4.22	-2.68	0.00	0.00
1	1435	3358497	1120	346	1052	664	325.19	0	-4.22	-2.68	0.00	0.00
1	1436	3358538	1120	346	1052	664	325.19	0	-4.23	-2.67	0.00	0.00
1	1437	3358579	1120	346	1052	664	325.19	0	-4.23	-2.67	0.00	0.00
1	1438	3358620	1120	346	1052	664	325.19	0	-4.23	-2.67	0.00	0.00
