Pra_Test	PointNum	PointTime	ObjPointX	ObjPointY	PostPointX	PostPointY	Distance	Hit	ObjSpeedX	ObjSpeedY	PostSpeedX	PostSpeedY
1	1	2424947	1259	597	960	600	299.02	0	-0.09	-10.00	40.00	0.00
1	2	2424988	1259	597	961	600	298.02	0	-0.10	-10.00	37.00	-182.00
1	3	2425029	1259	596	962	592	297.03	0	-0.11	-10.00	0.00	-200.00
1	4	2425070	1259	596	962	583	297.28	0	-0.13	-10.00	0.00	-200.00
1	5	2425111	1259	595	962	574	297.74	0	-0.14	-10.00	0.00	-200.00
1	6	2425152	1259	595	962	566	298.41	0	-0.15	-10.00	0.00	-200.00
1	7	2425193	1259	594	962	557	299.30	0	-0.17	-10.00	0.00	-200.00
1	8	2425234	1259	594	962	551	300.10	0	-0.18	-10.00	0.00	-200.00
1	9	2425275	1259	594	962	542	301.52	0	-0.19	-10.00	0.00	-200.00
1	10	2425316	1259	593	962	533	303.00	0	-0.21	-10.00	0.00	-200.00
1	11	2425357	1259	593	962	524	304.91	0	-0.22	-10.00	0.00	-200.00
1	12	2425398	1259	592	962	518	306.08	0	-0.23	-10.00	0.00	-200.00
1	13	2425439	1259	592	962	510	308.11	0	-0.25	-10.00	28.00	-200.00
1	14	2425480	1259	592	963	501	309.67	0	-0.26	-10.00	91.00	-200.00
1	15	2425521	1259	591	967	492	308.33	0	-0.28	-10.00	101.00	-193.00
1	16	2425562	1259	591	972	484	306.30	0	-0.29	-10.00	0.00	0.00
1	17	2425603	1259	590	972	484	305.95	0	-0.31	-10.00	0.00	0.00
1	18	2425644	1259	590	972	484	305.95	0	-0.32	-9.99	0.00	0.00
1	19	2425685	1259	590	972	484	305.95	0	-0.33	-9.99	0.00	0.00
1	20	2425726	1259	589	972	484	305.60	0	-0.35	-9.99	0.00	0.00
1	21	2425767	1259	589	972	484	305.60	0	-0.36	-9.99	128.00	0.00
1	22	2425808	1259	588	977	484	300.57	0	-0.37	-9.99	200.00	0.00
1	23	2425849	1259	588	983	484	294.94	0	-0.38	-9.99	200.00	0.00
1	24	2425889	1259	588	992	484	286.54	0	-0.40	-9.99	200.00	0.00
1	25	2425930	1259	587	1001	484	277.80	0	-0.41	-9.99	200.00	0.00
1	26	2425971	1259	587	1009	484	270.39	0	-0.43	-9.99	200.00	0.00
1	27	2426012	1259	586	1018	484	261.70	0	-0.44	-9.99	200.00	0.00
1	28	2426053	1259	586	1026	484	254.35	0	-0.46	-9.99	200.00	0.00
1	29	2426094	1259	586	1033	484	247.95	0	-0.47	-9.99	200.00	0.00
1	30	2426135	1259	585	1042	484	239.35	0	-0.48	-9.99	200.00	24.00
1	31	2426176	1259	585	1050	485	231.69	0	-0.50	-9.99	200.00	58.00
1	32	2426217	1259	584	1059	488	221.85	0	-0.51	-9.99	200.00	77.00
1	33	2426258	1259	584	1067	491	213.34	0	-0.52	-9.99	200.00	115.00
1	34	2426299	1259	583	1074	495	204.86	0	-0.53	-9.99	200.00	133.00
1	35	2426340	1259	583	1082	500	195.49	0	-0.55	-9.98	200.00	161.00
1	36	2426381	1259	583	1091	507	184.39	0	-0.56	-9.98	200.00	200.00
1	37	2426422	1259	582	1099	516	173.08	0	-0.58	-9.98	200.00	200.00
1	38	2426463	1259	582	1108	524	161.76	0	-0.59	-9.98	200.00	200.00
1	39	2426504	1259	581	1117	533	149.89	0	-0.61	-9.98	200.00	200.00
1	40	2426545	1259	581	1123	540	142.05	0	-0.62	-9.98	200.00	200.00
1	41	2426586	1259	581	1131	548	132.19	0	-0.63	-9.98	200.00	200.00
1	42	2426627	1259	580	1140	557	121.20	0	-0.65	-9.98	200.00	200.00
1	43	2426667	1259	580	1149	565	111.02	0	-0.66	-9.98	200.00	200.00
1	44	2426708	1259	579	1158	574	101.12	0	-0.67	-9.98	200.00	200.00
1	45	2426748	1259	579	1164	580	95.01	0	-0.68	-9.98	200.00	200.00
1	46	2426788	1259	579	1173	589	86.58	0	-0.70	-9.98	200.00	200.00
1	47	2426829	1259	578	1181	597	80.28	0	-0.71	-9.97	200.00	155.00
1	48	2426870	1259	578	1190	604	73.74	0	-0.73	-9.97	200.00	106.00
1	49	2426911	1259	577	1198	609	68.88	0	-0.74	-9.97	200.00	28.00
1	50	2426952	1259	577	1207	610	61.59	0	-0.76	-9.97	200.00	0.00
1	51	2426993	1259	576	1214	610	56.40	0	-0.77	-9.97	200.00	-97.00
1	52	2427034	1259	576	1223	606	46.86	0	-0.78	-9.97	137.00	-111.00
1	53	2427075	1259	576	1228	601	39.82	0	-0.80	-9.97	36.00	-109.00
1	54	2427116	1259	575	1230	596	35.81	0	-0.81	-9.97	0.00	-100.00
1	55	2427158	1258	575	1230	592	32.76	0	-0.82	-9.97	0.00	0.00
1	56	2427199	1258	574	1230	592	33.29	0	-0.83	-9.97	0.00	0.00
1	57	2427240	1258	574	1230	592	33.29	0	-0.85	-9.96	0.00	0.00
1	58	2427280	1258	574	1230	592	33.29	0	-0.86	-9.96	0.00	0.00
1	59	2427321	1258	573	1230	592	33.84	0	-0.88	-9.96	0.00	0.00
1	60	2427362	1258	573	1230	592	33.84	0	-0.89	-9.96	0.00	0.00
1	61	2427403	1258	572	1230	592	34.41	0	-0.91	-9.96	0.00	0.00
1	62	2427444	1258	572	1230	592	34.41	0	-0.92	-9.96	0.00	0.00
1	63	2427485	1258	572	1230	592	34.41	0	-0.93	-9.96	0.00	0.00
1	64	2427526	1258	571	1230	592	35.00	0	-0.95	-9.96	0.00	0.00
1	65	2427567	1258	571	1230	592	35.00	0	-0.96	-9.95	0.00	0.00
1	66	2427607	1258	570	1230	592	35.61	0	-0.97	-9.95	0.00	0.00
1	67	2427648	1258	570	1230	592	35.61	0	-0.98	-9.95	0.00	0.00
1	68	2427689	1258	570	1230	592	35.61	0	-1.00	-9.95	0.00	0.00
1	69	2427730	1258	569	1230	592	36.24	0	-1.01	-9.95	0.00	0.00
1	70	2427771	1258	569	1230	592	36.24	0	-1.03	-9.95	0.00	0.00
1	71	2427812	1258	568	1230	592	36.88	0	-1.04	-9.95	0.00	0.00
1	72	2427853	1258	568	1230	592	36.88	0	-1.06	-9.94	0.00	0.00
1	73	2427894	1258	568	1230	592	36.88	0	-1.07	-9.94	0.00	0.00
1	74	2427935	1258	567	1230	592	37.54	0	-1.08	-9.94	0.00	0.00
1	75	2427975	1258	567	1230	592	37.54	0	-1.10	-9.94	0.00	0.00
1	76	2428016	1258	566	1230	592	38.21	0	-1.11	-9.94	0.00	0.00
1	77	2428057	1258	566	1230	592	38.21	0	-1.12	-9.94	0.00	0.00
1	78	2428098	1258	565	1230	592	38.90	0	-1.13	-9.94	0.00	0.00
1	79	2428139	1258	565	1230	592	38.90	0	-1.15	-9.93	0.00	0.00
1	80	2428180	1257	565	1230	592	38.18	0	-1.16	-9.93	0.00	0.00
1	81	2428221	1257	564	1230	592	38.90	0	-1.18	-9.93	23.00	0.00
1	82	2428262	1257	564	1231	592	38.21	0	-1.19	-9.93	0.00	-60.00
1	83	2428303	1257	563	1231	590	37.48	0	-1.21	-9.93	0.00	-86.00
1	84	2428344	1257	563	1231	587	35.38	0	-1.22	-9.93	0.00	-100.00
1	85	2428385	1257	563	1231	582	32.20	0	-1.23	-9.92	0.00	-98.00
1	86	2428426	1257	562	1231	578	30.53	0	-1.24	-9.92	0.00	-98.00
1	87	2428467	1257	562	1231	574	28.64	0	-1.26	-9.92	0.00	-101.00
1	88	2428508	1257	561	1231	570	27.51	0	-1.27	-9.92	26.00	-103.00
1	89	2428549	1257	561	1232	566	25.50	0	-1.28	-9.92	37.00	-92.00
1	90	2428590	1257	561	1233	562	24.02	0	-1.30	-9.92	0.00	0.00
1	91	2428630	1257	560	1233	562	24.08	0	-1.31	-9.91	0.00	0.00
1	92	2428671	1257	560	1233	562	24.08	0	-1.33	-9.91	0.00	0.00
1	93	2428711	1257	559	1233	562	24.19	0	-1.34	-9.91	0.00	0.00
1	94	2428751	1257	559	1233	562	24.19	0	-1.35	-9.91	0.00	0.00
1	95	2428792	1257	559	1233	562	24.19	0	-1.37	-9.91	28.00	0.00
1	96	2428833	1257	558	1235	562	22.36	0	-1.38	-9.90	176.00	0.00
1	97	2428874	1257	558	1242	562	15.52	0	-1.39	-9.90	200.00	0.00
1	98	2428915	1257	557	1251	562	7.81	1	-1.41	-9.90	200.00	0.00
1	99	2428956	1256	557	1257	562	5.10	1	-1.42	-9.90	200.00	0.00
1	100	2428997	1256	557	1266	562	11.18	0	-1.43	-9.90	0.00	0.00
1	101	2429038	1256	556	1266	562	11.66	0	-1.45	-9.89	0.00	0.00
1	102	2429079	1256	556	1266	562	11.66	0	-1.46	-9.89	0.00	0.00
1	103	2429120	1256	555	1266	562	12.21	0	-1.48	-9.89	0.00	0.00
1	104	2429161	1256	555	1266	562	12.21	0	-1.49	-9.89	0.00	0.00
1	105	2429202	1256	554	1266	562	12.81	0	-1.50	-9.89	0.00	0.00
1	106	2429243	1256	554	1266	562	12.81	0	-1.51	-9.88	0.00	0.00
1	107	2429284	1256	554	1266	562	12.81	0	-1.53	-9.88	0.00	0.00
1	108	2429325	1256	553	1266	562	13.45	0	-1.54	-9.88	0.00	0.00
1	109	2429366	1256	553	1266	562	13.45	0	-1.56	-9.88	0.00	0.00
1	110	2429407	1256	552	1266	562	14.14	0	-1.57	-9.88	0.00	-108.00
1	111	2429448	1256	552	1266	558	11.66	0	-1.58	-9.87	0.00	-120.00
1	112	2429489	1256	552	1266	552	10.00	0	-1.60	-9.87	0.00	0.00
1	113	2429530	1256	551	1266	552	10.05	0	-1.61	-9.87	0.00	0.00
1	114	2429571	1256	551	1266	552	10.05	0	-1.62	-9.87	0.00	0.00
1	115	2429612	1255	550	1266	552	11.18	0	-1.64	-9.87	0.00	0.00
1	116	2429653	1255	550	1266	552	11.18	0	-1.65	-9.86	0.00	0.00
1	117	2429694	1255	550	1266	552	11.18	0	-1.66	-9.86	0.00	0.00
1	118	2429735	1255	549	1266	552	11.40	0	-1.68	-9.86	0.00	0.00
1	119	2429775	1255	549	1266	552	11.40	0	-1.69	-9.86	0.00	0.00
1	120	2429816	1255	548	1266	552	11.70	0	-1.71	-9.85	-100.00	0.00
1	121	2429857	1255	548	1263	552	8.94	1	-1.72	-9.85	-200.00	0.00
1	122	2429898	1255	548	1254	552	4.12	1	-1.73	-9.85	-200.00	0.00
1	123	2429939	1255	547	1245	552	11.18	0	-1.74	-9.85	-200.00	0.00
1	124	2429980	1255	547	1237	552	18.68	0	-1.76	-9.84	0.00	0.00
1	125	2430021	1255	546	1237	552	18.97	0	-1.77	-9.84	0.00	0.00
1	126	2430062	1255	546	1237	552	18.97	0	-1.78	-9.84	0.00	0.00
1	127	2430103	1255	546	1237	552	18.97	0	-1.80	-9.84	0.00	0.00
1	128	2430143	1255	545	1237	552	19.31	0	-1.81	-9.83	0.00	0.00
1	129	2430183	1254	545	1237	552	18.38	0	-1.83	-9.83	47.00	0.00
1	130	2430224	1254	544	1239	552	17.00	0	-1.84	-9.83	102.00	0.00
1	131	2430265	1254	544	1242	552	14.42	0	-1.85	-9.83	137.00	0.00
1	132	2430306	1254	544	1248	552	10.00	0	-1.86	-9.82	164.00	0.00
1	133	2430347	1254	543	1255	552	9.06	1	-1.88	-9.82	166.00	0.00
1	134	2430388	1254	543	1262	552	12.04	0	-1.89	-9.82	0.00	0.00
1	135	2430429	1254	542	1262	552	12.81	0	-1.91	-9.82	0.00	0.00
1	136	2430469	1254	542	1262	552	12.81	0	-1.92	-9.81	0.00	0.00
1	137	2430510	1254	542	1262	552	12.81	0	-1.93	-9.81	0.00	0.00
1	138	2430551	1254	541	1262	552	13.60	0	-1.95	-9.81	0.00	0.00
1	139	2430592	1254	541	1262	552	13.60	0	-1.96	-9.81	-27.00	-70.00
1	140	2430633	1254	540	1261	549	11.40	0	-1.97	-9.80	-134.00	-191.00
1	141	2430674	1254	540	1255	541	1.41	1	-1.99	-9.80	-161.00	-200.00
1	142	2430715	1253	540	1250	535	5.83	1	-2.00	-9.80	-95.00	-145.00
1	143	2430756	1253	539	1246	528	13.04	0	-2.01	-9.80	0.00	0.00
1	144	2430797	1253	539	1246	528	13.04	0	-2.03	-9.79	0.00	0.00
1	145	2430838	1253	538	1246	528	12.21	0	-2.04	-9.79	0.00	0.00
1	146	2430879	1253	538	1246	528	12.21	0	-2.05	-9.79	0.00	0.00
1	147	2430920	1253	538	1246	528	12.21	0	-2.06	-9.78	0.00	0.00
1	148	2430960	1253	537	1246	528	11.40	0	-2.08	-9.78	0.00	0.00
1	149	2431001	1253	537	1246	528	11.40	0	-2.09	-9.78	0.00	0.00
1	150	2431042	1253	536	1246	528	10.63	0	-2.11	-9.78	0.00	0.00
1	151	2431082	1253	536	1246	528	10.63	0	-2.12	-9.77	0.00	85.00
1	152	2431123	1253	536	1246	531	8.60	1	-2.13	-9.77	0.00	93.00
1	153	2431164	1253	535	1246	535	7.00	1	-2.15	-9.77	0.00	74.00
1	154	2431205	1252	535	1246	538	6.71	1	-2.16	-9.76	0.00	0.00
1	155	2431246	1252	534	1246	538	7.21	1	-2.17	-9.76	0.00	0.00
1	156	2431287	1252	534	1246	538	7.21	1	-2.19	-9.76	0.00	0.00
1	157	2431328	1252	534	1246	538	7.21	1	-2.20	-9.76	0.00	0.00
1	158	2431369	1252	533	1246	538	7.81	1	-2.21	-9.75	0.00	0.00
1	159	2431410	1252	533	1246	538	7.81	1	-2.23	-9.75	0.00	0.00
1	160	2431451	1252	532	1246	538	8.49	1	-2.24	-9.75	0.00	0.00
1	161	2431492	1252	532	1246	538	8.49	1	-2.25	-9.74	0.00	0.00
1	162	2431533	1252	532	1246	538	8.49	1	-2.26	-9.74	39.00	0.00
1	163	2431574	1252	531	1247	538	8.60	1	-2.28	-9.74	83.00	0.00
1	164	2431615	1252	531	1251	538	7.07	1	-2.29	-9.73	109.00	-52.00
1	165	2431656	1251	530	1256	536	7.81	1	-2.31	-9.73	120.00	-76.00
1	166	2431697	1251	530	1261	533	10.44	0	-2.32	-9.73	0.00	0.00
1	167	2431738	1251	530	1261	533	10.44	0	-2.33	-9.72	0.00	0.00
1	168	2431779	1251	529	1261	533	10.77	0	-2.35	-9.72	0.00	0.00
1	169	2431820	1251	529	1261	533	10.77	0	-2.36	-9.72	0.00	0.00
1	170	2431861	1251	528	1261	533	11.18	0	-2.37	-9.71	0.00	0.00
1	171	2431902	1251	528	1261	533	11.18	0	-2.39	-9.71	0.00	0.00
1	172	2431943	1251	527	1261	533	11.66	0	-2.40	-9.71	0.00	0.00
1	173	2431984	1251	527	1261	533	11.66	0	-2.41	-9.70	0.00	0.00
1	174	2432025	1251	527	1261	533	11.66	0	-2.43	-9.70	0.00	0.00
1	175	2432066	1250	526	1261	533	13.04	0	-2.44	-9.70	0.00	0.00
1	176	2432106	1250	526	1261	533	13.04	0	-2.45	-9.69	0.00	0.00
1	177	2432146	1250	526	1261	533	13.04	0	-2.46	-9.69	-122.00	-54.00
1	178	2432186	1250	525	1255	530	7.07	1	-2.48	-9.69	-200.00	-78.00
1	179	2432227	1250	525	1247	527	3.61	1	-2.49	-9.68	55.00	0.00
1	180	2432267	1250	524	1249	527	3.16	1	-2.51	-9.68	0.00	0.00
1	181	2432308	1250	524	1249	527	3.16	1	-2.52	-9.68	0.00	0.00
1	182	2432349	1250	524	1249	527	3.16	1	-2.53	-9.67	0.00	0.00
1	183	2432390	1250	523	1249	527	4.12	1	-2.54	-9.67	0.00	0.00
1	184	2432431	1250	523	1249	527	4.12	1	-2.56	-9.67	0.00	0.00
1	185	2432472	1249	522	1249	527	5.00	1	-2.57	-9.66	0.00	0.00
1	186	2432513	1249	522	1249	527	5.00	1	-2.58	-9.66	0.00	0.00
1	187	2432554	1249	522	1249	527	5.00	1	-2.60	-9.66	0.00	0.00
1	188	2432595	1249	521	1249	527	6.00	1	-2.61	-9.65	0.00	0.00
1	189	2432636	1249	521	1249	527	6.00	1	-2.62	-9.65	0.00	0.00
1	190	2432677	1249	520	1249	527	7.00	1	-2.64	-9.65	0.00	0.00
1	191	2432718	1249	520	1249	527	7.00	1	-2.65	-9.64	0.00	0.00
1	192	2432759	1249	520	1249	527	7.00	1	-2.66	-9.64	-46.00	-128.00
1	193	2432800	1249	519	1248	523	4.12	1	-2.67	-9.64	-130.00	-200.00
1	194	2432841	1248	519	1242	514	7.81	1	-2.69	-9.63	-78.00	-200.00
1	195	2432882	1248	518	1239	506	15.00	0	-2.70	-9.63	0.00	0.00
1	196	2432922	1248	518	1239	506	15.00	0	-2.72	-9.62	0.00	0.00
1	197	2432962	1248	518	1239	506	15.00	0	-2.73	-9.62	0.00	0.00
1	198	2433003	1248	517	1239	506	14.21	0	-2.74	-9.62	0.00	0.00
1	199	2433043	1248	517	1239	506	14.21	0	-2.75	-9.61	0.00	0.00
1	200	2433084	1248	516	1239	506	13.45	0	-2.77	-9.61	0.00	0.00
1	201	2433124	1248	516	1239	506	13.45	0	-2.78	-9.61	0.00	0.00
1	202	2433165	1248	516	1239	506	13.45	0	-2.80	-9.60	0.00	0.00
1	203	2433206	1247	515	1239	506	12.04	0	-2.81	-9.60	0.00	0.00
1	204	2433246	1247	515	1239	506	12.04	0	-2.82	-9.59	36.00	0.00
1	205	2433286	1247	515	1240	506	11.40	0	-2.83	-9.59	66.00	0.00
1	206	2433327	1247	514	1243	506	8.94	1	-2.85	-9.59	67.00	0.00
1	207	2433368	1247	514	1246	506	8.06	1	-2.86	-9.58	0.00	0.00
1	208	2433408	1247	513	1246	506	7.07	1	-2.87	-9.58	0.00	0.00
1	209	2433449	1247	513	1246	506	7.07	1	-2.89	-9.57	0.00	0.00
1	210	2433490	1247	513	1246	506	7.07	1	-2.90	-9.57	0.00	0.00
1	211	2433531	1246	512	1246	506	6.00	1	-2.91	-9.57	0.00	0.00
1	212	2433572	1246	512	1246	506	6.00	1	-2.93	-9.56	0.00	0.00
1	213	2433613	1246	511	1246	506	5.00	1	-2.94	-9.56	0.00	0.00
1	214	2433654	1246	511	1246	506	5.00	1	-2.95	-9.55	0.00	64.00
1	215	2433695	1246	511	1246	509	2.00	1	-2.96	-9.55	0.00	69.00
1	216	2433736	1246	510	1246	512	2.00	1	-2.98	-9.55	0.00	0.00
1	217	2433777	1246	510	1246	512	2.00	1	-2.99	-9.54	0.00	0.00
1	218	2433818	1246	509	1246	512	3.00	1	-3.00	-9.54	0.00	0.00
1	219	2433859	1246	509	1246	512	3.00	1	-3.02	-9.53	0.00	0.00
1	220	2433900	1245	509	1246	512	3.16	1	-3.03	-9.53	0.00	0.00
1	221	2433941	1245	508	1246	512	4.12	1	-3.04	-9.53	0.00	0.00
1	222	2433982	1245	508	1246	512	4.12	1	-3.06	-9.52	0.00	0.00
1	223	2434023	1245	507	1246	512	5.10	1	-3.07	-9.52	0.00	-104.00
1	224	2434063	1245	507	1246	507	1.00	1	-3.08	-9.51	-51.00	-193.00
1	225	2434104	1245	507	1245	501	6.00	1	-3.09	-9.51	-54.00	-194.00
1	226	2434144	1245	506	1242	492	14.32	0	-3.11	-9.50	0.00	0.00
1	227	2434185	1245	506	1242	492	14.32	0	-3.12	-9.50	0.00	0.00
1	228	2434225	1244	505	1242	492	13.15	0	-3.13	-9.50	0.00	0.00
1	229	2434266	1244	505	1242	492	13.15	0	-3.15	-9.49	0.00	0.00
1	230	2434307	1244	505	1242	492	13.15	0	-3.16	-9.49	0.00	0.00
1	231	2434348	1244	504	1242	492	12.17	0	-3.17	-9.48	0.00	0.00
1	232	2434388	1244	504	1242	492	12.17	0	-3.19	-9.48	0.00	37.00
1	233	2434429	1244	504	1242	494	10.20	0	-3.20	-9.47	0.00	134.00
1	234	2434470	1244	503	1242	500	3.61	1	-3.21	-9.47	23.00	137.00
1	235	2434511	1243	503	1243	506	3.00	1	-3.23	-9.47	0.00	0.00
1	236	2434551	1243	502	1243	506	4.00	1	-3.24	-9.46	0.00	0.00
1	237	2434592	1243	502	1243	506	4.00	1	-3.25	-9.46	0.00	0.00
1	238	2434633	1243	502	1243	506	4.00	1	-3.26	-9.45	0.00	0.00
1	239	2434674	1243	501	1243	506	5.00	1	-3.28	-9.45	0.00	0.00
1	240	2434714	1243	501	1243	506	5.00	1	-3.29	-9.44	0.00	0.00
1	241	2434755	1243	500	1243	506	6.00	1	-3.30	-9.44	0.00	0.00
1	242	2434796	1243	500	1243	506	6.00	1	-3.31	-9.43	0.00	0.00
1	243	2434836	1242	500	1243	506	6.08	1	-3.33	-9.43	0.00	0.00
1	244	2434877	1242	499	1243	506	7.07	1	-3.34	-9.43	0.00	0.00
1	245	2434918	1242	499	1243	506	7.07	1	-3.36	-9.42	0.00	0.00
1	246	2434958	1242	499	1243	506	7.07	1	-3.37	-9.42	0.00	0.00
1	247	2434999	1242	498	1243	506	8.06	1	-3.38	-9.41	0.00	0.00
1	248	2435039	1242	498	1243	506	8.06	1	-3.39	-9.41	0.00	0.00
1	249	2435080	1242	497	1243	506	9.06	1	-3.41	-9.40	0.00	0.00
1	250	2435121	1241	497	1243	506	9.22	1	-3.42	-9.40	-97.00	-71.00
1	251	2435161	1241	497	1240	503	6.08	1	-3.43	-9.39	-200.00	-199.00
1	252	2435201	1241	496	1231	495	10.05	0	-3.44	-9.39	-200.00	-200.00
1	253	2435242	1241	496	1223	486	20.59	0	-3.46	-9.38	0.00	0.00
1	254	2435283	1241	495	1223	486	20.12	0	-3.47	-9.38	0.00	0.00
1	255	2435324	1241	495	1223	486	20.12	0	-3.48	-9.37	0.00	0.00
1	256	2435365	1241	495	1223	486	20.12	0	-3.49	-9.37	0.00	0.00
1	257	2435406	1240	494	1223	486	18.79	0	-3.51	-9.36	0.00	0.00
1	258	2435447	1240	494	1223	486	18.79	0	-3.52	-9.36	0.00	0.00
1	259	2435488	1240	493	1223	486	18.38	0	-3.53	-9.35	0.00	0.00
1	260	2435529	1240	493	1223	486	18.38	0	-3.55	-9.35	31.00	0.00
1	261	2435570	1240	493	1224	486	17.46	0	-3.56	-9.34	83.00	0.00
1	262	2435611	1240	492	1227	486	14.32	0	-3.57	-9.34	98.00	0.00
1	263	2435652	1240	492	1231	486	10.82	0	-3.58	-9.34	99.00	0.00
1	264	2435693	1239	492	1235	486	7.21	1	-3.60	-9.33	0.00	0.00
1	265	2435733	1239	491	1235	486	6.40	1	-3.61	-9.33	0.00	0.00
1	266	2435774	1239	491	1235	486	6.40	1	-3.62	-9.32	0.00	0.00
1	267	2435814	1239	490	1235	486	5.66	1	-3.63	-9.32	0.00	0.00
1	268	2435855	1239	490	1235	486	5.66	1	-3.65	-9.31	0.00	0.00
1	269	2435895	1239	490	1235	486	5.66	1	-3.66	-9.31	0.00	0.00
1	270	2435936	1239	489	1235	486	5.00	1	-3.67	-9.30	0.00	0.00
1	271	2435977	1238	489	1235	486	4.24	1	-3.69	-9.30	0.00	0.00
1	272	2436017	1238	488	1235	486	3.61	1	-3.70	-9.29	0.00	0.00
1	273	2436057	1238	488	1235	486	3.61	1	-3.71	-9.29	0.00	0.00
1	274	2436098	1238	488	1235	486	3.61	1	-3.72	-9.28	0.00	0.00
1	275	2436138	1238	487	1235	486	3.16	1	-3.74	-9.28	0.00	0.00
1	276	2436179	1238	487	1235	486	3.16	1	-3.75	-9.27	0.00	0.00
1	277	2436220	1237	487	1235	486	2.24	1	-3.76	-9.26	0.00	0.00
1	278	2436261	1237	486	1235	486	2.00	1	-3.77	-9.26	0.00	0.00
1	279	2436301	1237	486	1235	486	2.00	1	-3.79	-9.25	0.00	0.00
1	280	2436342	1237	485	1235	486	2.24	1	-3.80	-9.25	0.00	0.00
1	281	2436382	1237	485	1235	486	2.24	1	-3.81	-9.24	0.00	0.00
1	282	2436423	1237	485	1235	486	2.24	1	-3.83	-9.24	-134.00	-60.00
1	283	2436464	1237	484	1231	484	6.00	1	-3.84	-9.23	-200.00	-158.00
1	284	2436504	1236	484	1222	477	15.65	0	-3.85	-9.23	-164.00	-114.00
1	285	2436545	1236	484	1215	472	24.19	0	-3.86	-9.22	0.00	0.00
1	286	2436585	1236	483	1215	472	23.71	0	-3.88	-9.22	0.00	0.00
1	287	2436626	1236	483	1215	472	23.71	0	-3.89	-9.21	0.00	0.00
1	288	2436667	1236	482	1215	472	23.26	0	-3.90	-9.21	0.00	0.00
1	289	2436708	1236	482	1215	472	23.26	0	-3.91	-9.20	0.00	0.00
1	290	2436749	1235	482	1215	472	22.36	0	-3.93	-9.20	0.00	0.00
1	291	2436789	1235	481	1215	472	21.93	0	-3.94	-9.19	23.00	0.00
1	292	2436829	1235	481	1216	472	21.02	0	-3.95	-9.19	75.00	0.00
1	293	2436870	1235	481	1219	472	18.36	0	-3.97	-9.18	153.00	0.00
1	294	2436911	1235	480	1224	472	13.60	0	-3.98	-9.18	174.00	0.00
1	295	2436952	1235	480	1232	472	8.54	1	-3.99	-9.17	99.00	0.00
1	296	2436992	1234	479	1236	472	7.28	1	-4.00	-9.16	0.00	0.00
1	297	2437033	1234	479	1236	472	7.28	1	-4.02	-9.16	0.00	0.00
1	298	2437074	1234	479	1236	472	7.28	1	-4.03	-9.15	0.00	0.00
1	299	2437115	1234	478	1236	472	6.32	1	-4.04	-9.15	0.00	0.00
1	300	2437155	1234	478	1236	472	6.32	1	-4.05	-9.14	0.00	0.00
1	301	2437196	1234	478	1236	472	6.32	1	-4.06	-9.14	0.00	0.00
1	302	2437237	1233	477	1236	472	5.83	1	-4.08	-9.13	0.00	0.00
1	303	2437278	1233	477	1236	472	5.83	1	-4.09	-9.13	0.00	75.00
1	304	2437319	1233	476	1236	476	3.00	1	-4.10	-9.12	0.00	94.00
1	305	2437360	1233	476	1236	479	4.24	1	-4.11	-9.11	0.00	69.00
1	306	2437400	1233	476	1236	482	6.71	1	-4.13	-9.11	0.00	0.00
1	307	2437441	1233	475	1236	482	7.62	1	-4.14	-9.10	0.00	0.00
1	308	2437481	1232	475	1236	482	8.06	1	-4.15	-9.10	0.00	0.00
1	309	2437522	1232	475	1236	482	8.06	1	-4.17	-9.09	0.00	0.00
1	310	2437563	1232	474	1236	482	8.94	1	-4.18	-9.09	0.00	0.00
1	311	2437603	1232	474	1236	482	8.94	1	-4.19	-9.08	0.00	0.00
1	312	2437644	1232	473	1236	482	9.85	1	-4.20	-9.07	-90.00	-59.00
1	313	2437685	1232	473	1232	479	6.00	1	-4.21	-9.07	-200.00	-193.00
1	314	2437725	1231	473	1224	471	7.28	1	-4.23	-9.06	-200.00	-193.00
1	315	2437766	1231	472	1215	463	18.36	0	-4.24	-9.06	0.00	0.00
1	316	2437807	1231	472	1215	463	18.36	0	-4.25	-9.05	0.00	0.00
1	317	2437847	1231	472	1215	463	18.36	0	-4.26	-9.05	0.00	0.00
1	318	2437888	1231	471	1215	463	17.89	0	-4.28	-9.04	0.00	0.00
1	319	2437928	1231	471	1215	463	17.89	0	-4.29	-9.03	0.00	0.00
1	320	2437969	1230	470	1215	463	16.55	0	-4.30	-9.03	0.00	0.00
1	321	2438010	1230	470	1215	463	16.55	0	-4.31	-9.02	0.00	0.00
1	322	2438050	1230	470	1215	463	16.55	0	-4.32	-9.02	0.00	0.00
1	323	2438091	1230	469	1215	463	16.16	0	-4.34	-9.01	34.00	0.00
1	324	2438132	1230	469	1216	463	15.23	0	-4.35	-9.00	74.00	0.00
1	325	2438172	1229	469	1220	463	10.82	0	-4.36	-9.00	71.00	0.00
1	326	2438213	1229	468	1223	463	7.81	1	-4.38	-8.99	0.00	0.00
1	327	2438253	1229	468	1223	463	7.81	1	-4.39	-8.99	0.00	0.00
1	328	2438294	1229	468	1223	463	7.81	1	-4.40	-8.98	0.00	0.00
1	329	2438335	1229	467	1223	463	7.21	1	-4.41	-8.97	0.00	0.00
1	330	2438375	1229	467	1223	463	7.21	1	-4.42	-8.97	34.00	0.00
1	331	2438416	1228	466	1224	463	5.00	1	-4.44	-8.96	75.00	0.00
1	332	2438456	1228	466	1227	463	3.16	1	-4.45	-8.96	79.00	0.00
1	333	2438497	1228	466	1230	463	3.61	1	-4.46	-8.95	0.00	0.00
1	334	2438538	1228	465	1230	463	2.83	1	-4.47	-8.94	0.00	0.00
1	335	2438579	1228	465	1230	463	2.83	1	-4.49	-8.94	0.00	0.00
1	336	2438619	1227	465	1230	463	3.61	1	-4.50	-8.93	0.00	0.00
1	337	2438660	1227	464	1230	463	3.16	1	-4.51	-8.92	0.00	0.00
1	338	2438700	1227	464	1230	463	3.16	1	-4.52	-8.92	0.00	0.00
1	339	2438741	1227	463	1230	463	3.00	1	-4.53	-8.91	-103.00	0.00
1	340	2438781	1227	463	1226	463	1.00	1	-4.55	-8.91	-152.00	0.00
1	341	2438822	1227	463	1219	463	8.00	1	-4.56	-8.90	0.00	0.00
1	342	2438862	1226	462	1219	463	7.07	1	-4.57	-8.89	0.00	0.00
1	343	2438903	1226	462	1219	463	7.07	1	-4.58	-8.89	0.00	0.00
1	344	2438943	1226	462	1219	463	7.07	1	-4.59	-8.88	0.00	0.00
1	345	2438984	1226	461	1219	463	7.28	1	-4.61	-8.88	0.00	0.00
1	346	2439024	1226	461	1219	463	7.28	1	-4.62	-8.87	0.00	0.00
1	347	2439065	1225	461	1219	463	6.32	1	-4.63	-8.86	0.00	0.00
1	348	2439106	1225	460	1219	463	6.71	1	-4.64	-8.86	32.00	0.00
1	349	2439146	1225	460	1220	463	5.83	1	-4.65	-8.85	69.00	0.00
1	350	2439187	1225	459	1223	463	4.47	1	-4.67	-8.84	83.00	0.00
1	351	2439228	1225	459	1226	463	4.12	1	-4.68	-8.84	101.00	0.00
1	352	2439269	1224	459	1231	463	8.06	1	-4.69	-8.83	101.00	0.00
1	353	2439310	1224	458	1235	463	12.08	0	-4.70	-8.82	0.00	0.00
1	354	2439350	1224	458	1235	463	12.08	0	-4.71	-8.82	0.00	0.00
1	355	2439390	1224	458	1235	463	12.08	0	-4.73	-8.81	0.00	0.00
1	356	2439431	1224	457	1235	463	12.53	0	-4.74	-8.81	0.00	0.00
1	357	2439472	1223	457	1235	463	13.42	0	-4.75	-8.80	0.00	0.00
1	358	2439512	1223	457	1235	463	13.42	0	-4.77	-8.79	0.00	0.00
1	359	2439553	1223	456	1235	463	13.89	0	-4.77	-8.79	-93.00	0.00
1	360	2439593	1223	456	1231	463	10.63	0	-4.79	-8.78	-62.00	0.00
1	361	2439634	1223	455	1228	463	9.43	1	-4.80	-8.77	0.00	0.00
1	362	2439674	1222	455	1228	463	10.00	0	-4.81	-8.77	0.00	0.00
1	363	2439715	1222	455	1228	463	10.00	0	-4.83	-8.76	0.00	0.00
1	364	2439756	1222	454	1228	463	10.82	0	-4.83	-8.75	0.00	0.00
1	365	2439797	1222	454	1228	463	10.82	0	-4.85	-8.75	0.00	0.00
1	366	2439838	1222	454	1228	463	10.82	0	-4.86	-8.74	0.00	0.00
1	367	2439879	1221	453	1228	463	12.21	0	-4.87	-8.73	0.00	0.00
1	368	2439920	1221	453	1228	463	12.21	0	-4.88	-8.73	0.00	0.00
1	369	2439960	1221	453	1228	463	12.21	0	-4.90	-8.72	0.00	0.00
1	370	2440000	1221	452	1228	463	13.04	0	-4.91	-8.71	0.00	0.00
1	371	2440040	1221	452	1228	463	13.04	0	-4.92	-8.71	0.00	0.00
1	372	2440081	1220	452	1228	463	13.60	0	-4.93	-8.70	0.00	0.00
1	373	2440121	1220	451	1228	463	14.42	0	-4.94	-8.69	0.00	0.00
1	374	2440162	1220	451	1228	463	14.42	0	-4.95	-8.69	0.00	0.00
1	375	2440203	1220	451	1228	463	14.42	0	-4.97	-8.68	0.00	-71.00
1	376	2440244	1220	450	1228	460	12.81	0	-4.98	-8.67	0.00	0.00
1	377	2440284	1219	450	1228	460	13.45	0	-4.99	-8.67	0.00	0.00
1	378	2440324	1219	449	1228	460	14.21	0	-5.00	-8.66	0.00	0.00
1	379	2440365	1219	449	1228	460	14.21	0	-5.02	-8.65	0.00	0.00
1	380	2440405	1219	449	1228	460	14.21	0	-5.03	-8.65	0.00	0.00
1	381	2440446	1219	448	1228	460	15.00	0	-5.04	-8.64	0.00	0.00
1	382	2440486	1218	448	1228	460	15.62	0	-5.05	-8.63	0.00	0.00
1	383	2440527	1218	448	1228	460	15.62	0	-5.06	-8.62	0.00	0.00
1	384	2440568	1218	447	1228	460	16.40	0	-5.07	-8.62	0.00	0.00
1	385	2440608	1218	447	1228	460	16.40	0	-5.08	-8.61	0.00	0.00
1	386	2440649	1218	447	1228	460	16.40	0	-5.10	-8.60	0.00	0.00
1	387	2440690	1217	446	1228	460	17.80	0	-5.11	-8.60	-71.00	0.00
1	388	2440731	1217	446	1225	460	16.12	0	-5.12	-8.59	-200.00	-200.00
1	389	2440771	1217	446	1219	453	7.28	1	-5.13	-8.58	-189.00	-199.00
1	390	2440812	1217	445	1211	444	6.08	1	-5.14	-8.58	0.00	0.00
1	391	2440853	1217	445	1211	444	6.08	1	-5.16	-8.57	0.00	0.00
1	392	2440894	1216	444	1211	444	5.00	1	-5.17	-8.56	0.00	0.00
1	393	2440934	1216	444	1211	444	5.00	1	-5.18	-8.55	0.00	0.00
1	394	2440974	1216	444	1211	444	5.00	1	-5.19	-8.55	0.00	0.00
1	395	2441015	1216	443	1211	444	5.10	1	-5.20	-8.54	0.00	0.00
1	396	2441056	1216	443	1211	444	5.10	1	-5.21	-8.53	0.00	0.00
1	397	2441097	1215	443	1211	444	4.12	1	-5.23	-8.53	0.00	0.00
1	398	2441138	1215	442	1211	444	4.47	1	-5.24	-8.52	0.00	0.00
1	399	2441179	1215	442	1211	444	4.47	1	-5.25	-8.51	0.00	0.00
1	400	2441220	1215	442	1211	444	4.47	1	-5.26	-8.51	0.00	0.00
1	401	2441260	1214	441	1211	444	4.24	1	-5.27	-8.50	0.00	0.00
1	402	2441300	1214	441	1211	444	4.24	1	-5.28	-8.49	58.00	0.00
1	403	2441341	1214	441	1213	444	3.16	1	-5.30	-8.48	83.00	0.00
1	404	2441381	1214	440	1217	444	5.00	1	-5.31	-8.47	80.00	0.00
1	405	2441422	1214	440	1219	444	6.40	1	-5.32	-8.47	0.00	0.00
1	406	2441463	1213	440	1219	444	7.21	1	-5.33	-8.46	0.00	0.00
1	407	2441503	1213	439	1219	444	7.81	1	-5.34	-8.45	0.00	0.00
1	408	2441544	1213	439	1219	444	7.81	1	-5.35	-8.45	0.00	0.00
1	409	2441584	1213	439	1219	444	7.81	1	-5.37	-8.44	-56.00	-115.00
1	410	2441625	1212	438	1217	439	5.10	1	-5.38	-8.43	-112.00	-177.00
1	411	2441666	1212	438	1213	434	4.12	1	-5.39	-8.43	-71.00	-120.00
1	412	2441707	1212	438	1210	428	10.20	0	-5.40	-8.42	0.00	0.00
1	413	2441747	1212	437	1210	428	9.22	1	-5.41	-8.41	0.00	0.00
1	414	2441788	1212	437	1210	428	9.22	1	-5.42	-8.40	0.00	0.00
1	415	2441829	1211	436	1210	428	8.06	1	-5.44	-8.39	0.00	0.00
1	416	2441870	1211	436	1210	428	8.06	1	-5.44	-8.39	0.00	0.00
1	417	2441910	1211	436	1210	428	8.06	1	-5.46	-8.38	0.00	0.00
1	418	2441951	1211	435	1210	428	7.07	1	-5.47	-8.37	0.00	0.00
1	419	2441991	1210	435	1210	428	7.00	1	-5.48	-8.36	0.00	0.00
1	420	2442032	1210	435	1210	428	7.00	1	-5.49	-8.36	0.00	0.00
1	421	2442073	1210	434	1210	428	6.00	1	-5.50	-8.35	0.00	0.00
1	422	2442113	1210	434	1210	428	6.00	1	-5.51	-8.34	0.00	0.00
1	423	2442154	1210	434	1210	428	6.00	1	-5.52	-8.34	0.00	0.00
1	424	2442194	1209	433	1210	428	5.10	1	-5.54	-8.33	0.00	0.00
1	425	2442235	1209	433	1210	428	5.10	1	-5.55	-8.32	0.00	0.00
1	426	2442276	1209	433	1210	428	5.10	1	-5.56	-8.31	0.00	0.00
1	427	2442316	1209	432	1210	428	4.12	1	-5.57	-8.31	0.00	0.00
1	428	2442357	1208	432	1210	428	4.47	1	-5.58	-8.30	0.00	0.00
1	429	2442398	1208	432	1210	428	4.47	1	-5.59	-8.29	0.00	0.00
1	430	2442439	1208	431	1210	428	3.61	1	-5.61	-8.28	0.00	0.00
1	431	2442480	1208	431	1210	428	3.61	1	-5.62	-8.27	0.00	0.00
1	432	2442520	1208	431	1210	428	3.61	1	-5.63	-8.27	0.00	0.00
1	433	2442560	1207	430	1210	428	3.61	1	-5.64	-8.26	0.00	0.00
1	434	2442601	1207	430	1210	428	3.61	1	-5.65	-8.25	-178.00	0.00
1	435	2442642	1207	430	1203	428	4.47	1	-5.66	-8.24	-200.00	0.00
1	436	2442682	1207	429	1194	428	13.04	0	-5.67	-8.23	-104.00	0.00
1	437	2442723	1206	429	1191	428	15.03	0	-5.68	-8.23	0.00	0.00
1	438	2442764	1206	429	1191	428	15.03	0	-5.69	-8.22	0.00	0.00
1	439	2442805	1206	428	1191	428	15.00	0	-5.71	-8.21	0.00	0.00
1	440	2442845	1206	428	1191	428	15.00	0	-5.72	-8.20	0.00	0.00
1	441	2442885	1205	428	1191	428	14.00	0	-5.73	-8.20	0.00	0.00
1	442	2442926	1205	427	1191	428	14.04	0	-5.74	-8.19	0.00	0.00
1	443	2442966	1205	427	1191	428	14.04	0	-5.75	-8.18	39.00	0.00
1	444	2443007	1205	427	1192	428	13.04	0	-5.76	-8.17	86.00	0.00
1	445	2443048	1204	426	1196	428	8.25	1	-5.77	-8.16	118.00	0.00
1	446	2443089	1204	426	1201	428	3.61	1	-5.79	-8.16	125.00	0.00
1	447	2443130	1204	426	1206	428	2.83	1	-5.80	-8.15	125.00	0.00
1	448	2443171	1204	425	1210	428	6.71	1	-5.81	-8.14	0.00	0.00
1	449	2443211	1204	425	1210	428	6.71	1	-5.82	-8.13	0.00	0.00
1	450	2443252	1203	425	1210	428	7.62	1	-5.83	-8.13	0.00	0.00
1	451	2443293	1203	424	1210	428	8.06	1	-5.84	-8.12	0.00	0.00
1	452	2443334	1203	424	1210	428	8.06	1	-5.85	-8.11	0.00	0.00
1	453	2443375	1203	424	1210	428	8.06	1	-5.86	-8.10	0.00	0.00
1	454	2443416	1202	423	1210	428	9.43	1	-5.87	-8.09	0.00	0.00
1	455	2443457	1202	423	1210	428	9.43	1	-5.88	-8.09	-109.00	-79.00
1	456	2443497	1202	423	1206	425	4.47	1	-5.90	-8.08	-200.00	-200.00
1	457	2443538	1202	422	1197	416	7.81	1	-5.91	-8.07	-200.00	-200.00
1	458	2443578	1201	422	1188	408	19.10	0	-5.92	-8.06	0.00	-51.00
1	459	2443619	1201	422	1188	406	20.62	0	-5.93	-8.05	0.00	0.00
1	460	2443660	1201	421	1188	406	19.85	0	-5.94	-8.05	0.00	0.00
1	461	2443700	1201	421	1188	406	19.85	0	-5.95	-8.04	0.00	0.00
1	462	2443741	1200	421	1188	406	19.21	0	-5.96	-8.03	0.00	0.00
1	463	2443782	1200	420	1188	406	18.44	0	-5.97	-8.02	0.00	0.00
1	464	2443822	1200	420	1188	406	18.44	0	-5.98	-8.01	0.00	0.00
1	465	2443863	1200	420	1188	406	18.44	0	-5.99	-8.00	58.00	0.00
1	466	2443904	1199	419	1191	406	15.26	0	-6.01	-8.00	112.00	40.00
1	467	2443945	1199	419	1196	408	11.40	0	-6.02	-7.99	106.00	48.00
1	468	2443986	1199	419	1200	410	9.06	1	-6.03	-7.98	0.00	0.00
1	469	2444027	1199	418	1200	410	8.06	1	-6.04	-7.97	0.00	0.00
1	470	2444067	1198	418	1200	410	8.25	1	-6.05	-7.96	0.00	0.00
1	471	2444108	1198	418	1200	410	8.25	1	-6.06	-7.95	0.00	0.00
1	472	2444148	1198	417	1200	410	7.28	1	-6.07	-7.95	0.00	0.00
1	473	2444189	1198	417	1200	410	7.28	1	-6.08	-7.94	0.00	0.00
1	474	2444229	1197	417	1200	410	7.62	1	-6.09	-7.93	0.00	0.00
1	475	2444270	1197	416	1200	410	6.71	1	-6.10	-7.92	-49.00	0.00
1	476	2444310	1197	416	1198	410	6.08	1	-6.11	-7.91	-81.00	23.00
1	477	2444351	1197	416	1195	411	5.39	1	-6.13	-7.90	-75.00	28.00
1	478	2444392	1196	415	1191	412	5.83	1	-6.14	-7.90	0.00	0.00
1	479	2444433	1196	415	1191	412	5.83	1	-6.15	-7.89	0.00	0.00
1	480	2444473	1196	415	1191	412	5.83	1	-6.16	-7.88	0.00	0.00
1	481	2444513	1196	414	1191	412	5.39	1	-6.17	-7.87	0.00	0.00
1	482	2444554	1195	414	1191	412	4.47	1	-6.18	-7.86	0.00	0.00
1	483	2444595	1195	414	1191	412	4.47	1	-6.19	-7.85	0.00	0.00
1	484	2444636	1195	413	1191	412	4.12	1	-6.20	-7.85	0.00	0.00
1	485	2444676	1195	413	1191	412	4.12	1	-6.21	-7.84	0.00	0.00
1	486	2444717	1194	413	1191	412	3.16	1	-6.22	-7.83	0.00	0.00
1	487	2444758	1194	413	1191	412	3.16	1	-6.23	-7.82	0.00	0.00
1	488	2444799	1194	412	1191	412	3.00	1	-6.24	-7.81	0.00	0.00
1	489	2444839	1194	412	1191	412	3.00	1	-6.25	-7.80	0.00	0.00
1	490	2444880	1193	412	1191	412	2.00	1	-6.26	-7.80	0.00	0.00
1	491	2444921	1193	411	1191	412	2.24	1	-6.27	-7.79	0.00	0.00
1	492	2444962	1193	411	1191	412	2.24	1	-6.29	-7.78	0.00	0.00
1	493	2445003	1193	411	1191	412	2.24	1	-6.30	-7.77	0.00	0.00
1	494	2445044	1192	410	1191	412	2.24	1	-6.31	-7.76	0.00	0.00
1	495	2445085	1192	410	1191	412	2.24	1	-6.32	-7.75	0.00	0.00
1	496	2445125	1192	410	1191	412	2.24	1	-6.33	-7.74	0.00	0.00
1	497	2445166	1192	409	1191	412	3.16	1	-6.34	-7.73	0.00	0.00
1	498	2445206	1191	409	1191	412	3.00	1	-6.35	-7.73	0.00	0.00
1	499	2445247	1191	409	1191	412	3.00	1	-6.36	-7.72	0.00	0.00
1	500	2445288	1191	408	1191	412	4.00	1	-6.37	-7.71	0.00	0.00
1	501	2445329	1191	408	1191	412	4.00	1	-6.38	-7.70	0.00	0.00
1	502	2445369	1190	408	1191	412	4.12	1	-6.39	-7.69	0.00	0.00
1	503	2445410	1190	407	1191	412	5.10	1	-6.40	-7.68	0.00	0.00
1	504	2445450	1190	407	1191	412	5.10	1	-6.41	-7.67	0.00	0.00
1	505	2445491	1189	407	1191	412	5.39	1	-6.42	-7.67	0.00	0.00
1	506	2445531	1189	407	1191	412	5.39	1	-6.43	-7.66	0.00	0.00
1	507	2445572	1189	406	1191	412	6.32	1	-6.44	-7.65	0.00	0.00
1	508	2445612	1189	406	1191	412	6.32	1	-6.46	-7.64	0.00	0.00
1	509	2445653	1188	406	1191	412	6.71	1	-6.47	-7.63	0.00	0.00
1	510	2445694	1188	405	1191	412	7.62	1	-6.48	-7.62	0.00	0.00
1	511	2445735	1188	405	1191	412	7.62	1	-6.48	-7.61	0.00	0.00
1	512	2445775	1188	405	1191	412	7.62	1	-6.50	-7.60	0.00	0.00
1	513	2445816	1187	404	1191	412	8.94	1	-6.51	-7.59	0.00	0.00
1	514	2445857	1187	404	1191	412	8.94	1	-6.52	-7.58	0.00	0.00
1	515	2445898	1187	404	1191	412	8.94	1	-6.53	-7.57	0.00	0.00
1	516	2445939	1187	403	1191	412	9.85	1	-6.54	-7.57	0.00	0.00
1	517	2445979	1186	403	1191	412	10.30	0	-6.55	-7.56	0.00	0.00
1	518	2446020	1186	403	1191	412	10.30	0	-6.56	-7.55	0.00	0.00
1	519	2446061	1186	402	1191	412	11.18	0	-6.57	-7.54	0.00	0.00
1	520	2446102	1185	402	1191	412	11.66	0	-6.58	-7.53	0.00	0.00
1	521	2446142	1185	402	1191	412	11.66	0	-6.59	-7.52	0.00	0.00
1	522	2446183	1185	402	1191	412	11.66	0	-6.60	-7.51	0.00	0.00
1	523	2446224	1185	401	1191	412	12.53	0	-6.61	-7.50	0.00	0.00
1	524	2446264	1184	401	1191	412	13.04	0	-6.62	-7.49	0.00	0.00
1	525	2446305	1184	401	1191	412	13.04	0	-6.63	-7.49	0.00	0.00
1	526	2446346	1184	400	1191	412	13.89	0	-6.64	-7.48	0.00	0.00
1	527	2446387	1184	400	1191	412	13.89	0	-6.65	-7.47	0.00	0.00
1	528	2446427	1183	400	1191	412	14.42	0	-6.66	-7.46	0.00	0.00
1	529	2446468	1183	399	1191	412	15.26	0	-6.67	-7.45	0.00	0.00
1	530	2446509	1183	399	1191	412	15.26	0	-6.68	-7.44	0.00	0.00
1	531	2446550	1182	399	1191	412	15.81	0	-6.69	-7.43	0.00	0.00
1	532	2446590	1182	398	1191	412	16.64	0	-6.70	-7.42	0.00	0.00
1	533	2446631	1182	398	1191	412	16.64	0	-6.71	-7.41	0.00	0.00
1	534	2446672	1182	398	1191	412	16.64	0	-6.72	-7.40	0.00	0.00
1	535	2446712	1181	398	1191	412	17.20	0	-6.73	-7.40	0.00	0.00
1	536	2446753	1181	397	1191	412	18.03	0	-6.74	-7.39	0.00	0.00
1	537	2446793	1181	397	1191	412	18.03	0	-6.75	-7.38	0.00	0.00
1	538	2446834	1181	397	1191	412	18.03	0	-6.76	-7.37	0.00	0.00
1	539	2446875	1180	396	1191	412	19.42	0	-6.77	-7.36	0.00	0.00
1	540	2446916	1180	396	1191	412	19.42	0	-6.78	-7.35	0.00	0.00
1	541	2446956	1180	396	1191	412	19.42	0	-6.79	-7.34	0.00	0.00
1	542	2446997	1179	395	1191	412	20.81	0	-6.80	-7.33	0.00	0.00
1	543	2447037	1179	395	1191	412	20.81	0	-6.81	-7.32	0.00	0.00
1	544	2447077	1179	395	1191	412	20.81	0	-6.82	-7.31	0.00	0.00
1	545	2447118	1179	394	1191	412	21.63	0	-6.83	-7.30	0.00	0.00
1	546	2447159	1178	394	1191	412	22.20	0	-6.84	-7.29	0.00	0.00
1	547	2447200	1178	394	1191	412	22.20	0	-6.85	-7.28	0.00	0.00
1	548	2447240	1178	394	1191	412	22.20	0	-6.86	-7.27	0.00	-84.00
1	549	2447281	1177	393	1191	408	20.52	0	-6.87	-7.26	0.00	-152.00
1	550	2447322	1177	393	1191	402	16.64	0	-6.88	-7.25	0.00	-152.00
1	551	2447363	1177	393	1191	397	14.56	0	-6.89	-7.25	0.00	-89.00
1	552	2447403	1177	392	1191	393	14.04	0	-6.90	-7.24	0.00	0.00
1	553	2447444	1176	392	1191	393	15.03	0	-6.91	-7.23	0.00	0.00
1	554	2447485	1176	392	1191	393	15.03	0	-6.92	-7.22	0.00	0.00
1	555	2447526	1176	392	1191	393	15.03	0	-6.93	-7.21	0.00	0.00
1	556	2447567	1175	391	1191	393	16.12	0	-6.94	-7.20	0.00	0.00
1	557	2447608	1175	391	1191	393	16.12	0	-6.95	-7.19	0.00	0.00
1	558	2447649	1175	391	1191	393	16.12	0	-6.96	-7.18	0.00	0.00
1	559	2447689	1175	390	1191	393	16.28	0	-6.97	-7.17	0.00	0.00
1	560	2447730	1174	390	1191	393	17.26	0	-6.98	-7.16	-51.00	0.00
1	561	2447771	1174	390	1189	393	15.30	0	-6.99	-7.15	-54.00	0.00
1	562	2447812	1174	390	1187	393	13.34	0	-7.00	-7.14	0.00	0.00
1	563	2447852	1173	389	1187	393	14.56	0	-7.01	-7.13	0.00	0.00
1	564	2447893	1173	389	1187	393	14.56	0	-7.02	-7.12	0.00	0.00
1	565	2447933	1173	389	1187	393	14.56	0	-7.03	-7.11	0.00	0.00
1	566	2447974	1173	388	1187	393	14.87	0	-7.04	-7.10	0.00	0.00
1	567	2448014	1172	388	1187	393	15.81	0	-7.05	-7.09	0.00	0.00
1	568	2448055	1172	388	1187	393	15.81	0	-7.06	-7.08	-200.00	0.00
1	569	2448096	1172	387	1179	393	9.22	1	-7.07	-7.07	-200.00	0.00
1	570	2448137	1171	387	1170	393	6.08	1	-7.08	-7.06	-183.00	0.00
1	571	2448177	1171	387	1162	393	10.82	0	-7.09	-7.05	0.00	0.00
1	572	2448218	1171	387	1162	393	10.82	0	-7.10	-7.04	0.00	0.00
1	573	2448259	1171	386	1162	393	11.40	0	-7.11	-7.04	0.00	0.00
1	574	2448299	1170	386	1162	393	10.63	0	-7.12	-7.03	0.00	0.00
1	575	2448340	1170	386	1162	393	10.63	0	-7.13	-7.02	0.00	0.00
1	576	2448380	1170	385	1162	393	11.31	0	-7.14	-7.01	0.00	0.00
1	577	2448420	1169	385	1162	393	10.63	0	-7.15	-7.00	0.00	0.00
1	578	2448461	1169	385	1162	393	10.63	0	-7.16	-6.99	24.00	0.00
1	579	2448502	1169	385	1163	393	10.00	0	-7.16	-6.98	28.00	0.00
1	580	2448543	1169	384	1164	393	10.30	0	-7.17	-6.97	24.00	0.00
1	581	2448584	1168	384	1165	393	9.49	1	-7.18	-6.96	0.00	-35.00
1	582	2448624	1168	384	1165	391	7.62	1	-7.19	-6.95	0.00	-35.00
1	583	2448665	1168	383	1165	390	7.62	1	-7.20	-6.94	0.00	0.00
1	584	2448705	1167	383	1165	390	7.28	1	-7.21	-6.93	0.00	0.00
1	585	2448745	1167	383	1165	390	7.28	1	-7.22	-6.92	0.00	0.00
1	586	2448786	1167	383	1165	390	7.28	1	-7.23	-6.91	0.00	0.00
1	587	2448826	1166	382	1165	390	8.06	1	-7.24	-6.90	0.00	0.00
1	588	2448867	1166	382	1165	390	8.06	1	-7.25	-6.89	0.00	0.00
1	589	2448908	1166	382	1165	390	8.06	1	-7.26	-6.88	0.00	0.00
1	590	2448948	1166	381	1165	390	9.06	1	-7.27	-6.87	0.00	-30.00
1	591	2448989	1165	381	1165	389	8.00	1	-7.28	-6.86	0.00	-59.00
1	592	2449030	1165	381	1165	386	5.00	1	-7.29	-6.85	0.00	-57.00
1	593	2449070	1165	381	1165	384	3.00	1	-7.30	-6.84	0.00	0.00
1	594	2449111	1164	380	1165	384	4.12	1	-7.31	-6.83	0.00	0.00
1	595	2449152	1164	380	1165	384	4.12	1	-7.31	-6.82	0.00	0.00
1	596	2449193	1164	380	1165	384	4.12	1	-7.32	-6.81	0.00	0.00
1	597	2449234	1163	379	1165	384	5.39	1	-7.33	-6.80	0.00	0.00
1	598	2449274	1163	379	1165	384	5.39	1	-7.34	-6.79	0.00	0.00
1	599	2449315	1163	379	1165	384	5.39	1	-7.35	-6.78	0.00	0.00
1	600	2449356	1163	379	1165	384	5.39	1	-7.36	-6.77	0.00	0.00
1	601	2449397	1162	378	1165	384	6.71	1	-7.37	-6.76	0.00	0.00
1	602	2449437	1162	378	1165	384	6.71	1	-7.38	-6.75	0.00	0.00
1	603	2449478	1162	378	1165	384	6.71	1	-7.39	-6.74	0.00	0.00
1	604	2449518	1161	378	1165	384	7.21	1	-7.40	-6.73	0.00	0.00
1	605	2449559	1161	377	1165	384	8.06	1	-7.41	-6.72	0.00	0.00
1	606	2449599	1161	377	1165	384	8.06	1	-7.42	-6.71	-65.00	0.00
1	607	2449640	1160	377	1163	384	7.62	1	-7.43	-6.70	-98.00	0.00
1	608	2449681	1160	376	1158	384	8.25	1	-7.44	-6.69	-26.00	0.00
1	609	2449721	1160	376	1157	384	8.54	1	-7.45	-6.68	0.00	0.00
1	610	2449762	1159	376	1157	384	8.25	1	-7.45	-6.67	0.00	0.00
1	611	2449802	1159	376	1157	384	8.25	1	-7.46	-6.66	0.00	0.00
1	612	2449843	1159	375	1157	384	9.22	1	-7.47	-6.65	0.00	0.00
1	613	2449884	1159	375	1157	384	9.22	1	-7.48	-6.64	0.00	0.00
1	614	2449924	1158	375	1157	384	9.06	1	-7.49	-6.62	0.00	-49.00
1	615	2449965	1158	375	1157	382	7.07	1	-7.50	-6.62	-106.00	-119.00
1	616	2450005	1158	374	1153	377	5.83	1	-7.51	-6.61	-73.00	-115.00
1	617	2450046	1157	374	1150	372	7.28	1	-7.52	-6.60	0.00	0.00
1	618	2450086	1157	374	1150	372	7.28	1	-7.53	-6.58	0.00	0.00
1	619	2450127	1157	373	1150	372	7.07	1	-7.54	-6.57	0.00	0.00
1	620	2450168	1156	373	1150	372	6.08	1	-7.54	-6.56	0.00	0.00
1	621	2450209	1156	373	1150	372	6.08	1	-7.55	-6.55	0.00	0.00
1	622	2450250	1156	373	1150	372	6.08	1	-7.56	-6.54	0.00	0.00
1	623	2450291	1155	372	1150	372	5.00	1	-7.57	-6.53	0.00	0.00
1	624	2450332	1155	372	1150	372	5.00	1	-7.58	-6.52	0.00	0.00
1	625	2450372	1155	372	1150	372	5.00	1	-7.59	-6.51	0.00	0.00
1	626	2450412	1155	372	1150	372	5.00	1	-7.60	-6.50	0.00	0.00
1	627	2450453	1154	371	1150	372	4.12	1	-7.61	-6.49	0.00	0.00
1	628	2450494	1154	371	1150	372	4.12	1	-7.62	-6.48	0.00	0.00
1	629	2450534	1154	371	1150	372	4.12	1	-7.62	-6.47	0.00	0.00
1	630	2450575	1153	370	1150	372	3.61	1	-7.63	-6.46	0.00	0.00
1	631	2450615	1153	370	1150	372	3.61	1	-7.64	-6.45	0.00	0.00
1	632	2450656	1153	370	1150	372	3.61	1	-7.65	-6.44	0.00	0.00
1	633	2450697	1152	370	1150	372	2.83	1	-7.66	-6.43	0.00	0.00
1	634	2450738	1152	369	1150	372	3.61	1	-7.67	-6.42	0.00	0.00
1	635	2450778	1152	369	1150	372	3.61	1	-7.68	-6.41	0.00	0.00
1	636	2450819	1151	369	1150	372	3.16	1	-7.69	-6.40	0.00	0.00
1	637	2450860	1151	369	1150	372	3.16	1	-7.69	-6.39	0.00	0.00
1	638	2450900	1151	368	1150	372	4.12	1	-7.70	-6.38	0.00	0.00
1	639	2450941	1150	368	1150	372	4.00	1	-7.71	-6.37	0.00	0.00
1	640	2450982	1150	368	1150	372	4.00	1	-7.72	-6.35	0.00	0.00
1	641	2451023	1150	368	1150	372	4.00	1	-7.73	-6.34	0.00	0.00
1	642	2451063	1150	367	1150	372	5.00	1	-7.74	-6.34	0.00	0.00
1	643	2451104	1149	367	1150	372	5.10	1	-7.75	-6.32	0.00	0.00
1	644	2451145	1149	367	1150	372	5.10	1	-7.76	-6.31	0.00	0.00
1	645	2451185	1149	367	1150	372	5.10	1	-7.76	-6.30	0.00	0.00
1	646	2451226	1148	366	1150	372	6.32	1	-7.77	-6.29	0.00	-43.00
1	647	2451266	1148	366	1150	371	5.39	1	-7.78	-6.28	0.00	-26.00
1	648	2451307	1148	366	1150	369	3.61	1	-7.79	-6.27	0.00	0.00
1	649	2451348	1147	366	1150	369	4.24	1	-7.80	-6.26	0.00	0.00
1	650	2451389	1147	365	1150	369	5.00	1	-7.81	-6.25	0.00	0.00
1	651	2451430	1147	365	1150	369	5.00	1	-7.82	-6.24	0.00	0.00
1	652	2451471	1146	365	1150	369	5.66	1	-7.82	-6.23	-62.00	-112.00
1	653	2451511	1146	365	1147	365	1.00	1	-7.83	-6.22	-67.00	-117.00
1	654	2451552	1146	364	1144	360	4.47	1	-7.84	-6.21	0.00	0.00
1	655	2451593	1145	364	1144	360	4.12	1	-7.85	-6.20	0.00	0.00
1	656	2451634	1145	364	1144	360	4.12	1	-7.86	-6.18	0.00	0.00
1	657	2451675	1145	364	1144	360	4.12	1	-7.87	-6.18	0.00	0.00
1	658	2451715	1144	363	1144	360	3.00	1	-7.87	-6.16	0.00	0.00
1	659	2451756	1144	363	1144	360	3.00	1	-7.88	-6.15	0.00	0.00
1	660	2451797	1144	363	1144	360	3.00	1	-7.89	-6.14	0.00	0.00
1	661	2451837	1143	362	1144	360	2.24	1	-7.90	-6.13	0.00	0.00
1	662	2451878	1143	362	1144	360	2.24	1	-7.91	-6.12	0.00	0.00
1	663	2451919	1143	362	1144	360	2.24	1	-7.92	-6.11	0.00	0.00
1	664	2451960	1142	362	1144	360	2.83	1	-7.92	-6.10	0.00	0.00
1	665	2452001	1142	361	1144	360	2.24	1	-7.93	-6.09	0.00	0.00
1	666	2452041	1142	361	1144	360	2.24	1	-7.94	-6.08	0.00	0.00
1	667	2452082	1141	361	1144	360	3.16	1	-7.95	-6.07	0.00	0.00
1	668	2452123	1141	361	1144	360	3.16	1	-7.96	-6.06	0.00	0.00
1	669	2452164	1141	361	1144	360	3.16	1	-7.97	-6.04	-150.00	0.00
1	670	2452204	1141	360	1138	360	3.00	1	-7.97	-6.03	-183.00	0.00
1	671	2452245	1140	360	1130	360	10.00	0	-7.98	-6.02	-51.00	0.00
1	672	2452285	1140	360	1127	360	13.00	0	-7.99	-6.01	0.00	0.00
1	673	2452326	1139	359	1127	360	12.04	0	-8.00	-6.00	0.00	0.00
1	674	2452366	1139	359	1127	360	12.04	0	-8.01	-5.99	0.00	0.00
1	675	2452407	1139	359	1127	360	12.04	0	-8.02	-5.98	0.00	0.00
1	676	2452448	1139	359	1127	360	12.04	0	-8.02	-5.97	0.00	0.00
1	677	2452489	1138	359	1127	360	11.05	0	-8.03	-5.96	0.00	0.00
1	678	2452529	1138	358	1127	360	11.18	0	-8.04	-5.94	0.00	0.00
1	679	2452570	1138	358	1127	360	11.18	0	-8.05	-5.94	0.00	0.00
1	680	2452610	1137	358	1127	360	10.20	0	-8.06	-5.92	42.00	0.00
1	681	2452651	1137	358	1129	360	8.25	1	-8.06	-5.91	74.00	0.00
1	682	2452691	1137	357	1132	360	5.83	1	-8.07	-5.90	98.00	0.00
1	683	2452732	1136	357	1137	360	3.16	1	-8.08	-5.89	110.00	0.00
1	684	2452773	1136	357	1141	360	5.83	1	-8.09	-5.88	104.00	0.00
1	685	2452814	1136	357	1145	360	9.49	1	-8.10	-5.87	48.00	0.00
1	686	2452854	1135	356	1147	360	12.65	0	-8.10	-5.86	0.00	0.00
1	687	2452895	1135	356	1147	360	12.65	0	-8.11	-5.85	0.00	0.00
1	688	2452936	1135	356	1147	360	12.65	0	-8.12	-5.83	0.00	0.00
1	689	2452977	1134	356	1147	360	13.60	0	-8.13	-5.83	0.00	0.00
1	690	2453017	1134	355	1147	360	13.93	0	-8.14	-5.81	0.00	0.00
1	691	2453058	1134	355	1147	360	13.93	0	-8.14	-5.80	-57.00	0.00
1	692	2453098	1133	355	1144	360	12.08	0	-8.15	-5.79	-95.00	-45.00
1	693	2453139	1133	355	1140	358	7.62	1	-8.16	-5.78	-95.00	-46.00
1	694	2453180	1133	354	1136	356	3.61	1	-8.17	-5.77	-73.00	-38.00
1	695	2453221	1132	354	1134	354	2.00	1	-8.18	-5.76	0.00	0.00
1	696	2453261	1132	354	1134	354	2.00	1	-8.18	-5.75	0.00	0.00
1	697	2453311	1132	354	1134	354	2.00	1	-8.19	-5.74	0.00	0.00
1	698	2453352	1131	353	1134	354	3.16	1	-8.20	-5.72	0.00	0.00
1	699	2453393	1131	353	1134	354	3.16	1	-8.21	-5.71	0.00	0.00
1	700	2453433	1130	353	1134	354	4.12	1	-8.22	-5.70	0.00	0.00
1	701	2453474	1130	353	1134	354	4.12	1	-8.23	-5.69	0.00	0.00
1	702	2453514	1130	352	1134	354	4.47	1	-8.23	-5.68	0.00	0.00
1	703	2453555	1129	352	1134	354	5.39	1	-8.24	-5.67	0.00	0.00
1	704	2453596	1129	352	1134	354	5.39	1	-8.25	-5.65	0.00	0.00
1	705	2453637	1129	352	1134	354	5.39	1	-8.26	-5.64	0.00	0.00
1	706	2453678	1128	352	1134	354	6.32	1	-8.26	-5.63	0.00	0.00
1	707	2453718	1128	351	1134	354	6.71	1	-8.27	-5.62	-84.00	0.00
1	708	2453759	1128	351	1130	354	3.61	1	-8.28	-5.61	-93.00	0.00
1	709	2453799	1127	351	1127	354	3.00	1	-8.29	-5.60	0.00	0.00
1	710	2453839	1127	351	1127	354	3.00	1	-8.29	-5.59	0.00	0.00
1	711	2453879	1127	350	1127	354	4.00	1	-8.30	-5.57	0.00	0.00
1	712	2453920	1126	350	1127	354	4.12	1	-8.31	-5.56	0.00	0.00
1	713	2453961	1126	350	1127	354	4.12	1	-8.32	-5.55	0.00	0.00
1	714	2454002	1126	350	1127	354	4.12	1	-8.32	-5.54	0.00	0.00
1	715	2454043	1125	350	1127	354	4.47	1	-8.33	-5.53	0.00	0.00
1	716	2454084	1125	349	1127	354	5.39	1	-8.34	-5.52	0.00	0.00
1	717	2454125	1125	349	1127	354	5.39	1	-8.35	-5.51	0.00	0.00
1	718	2454166	1124	349	1127	354	5.83	1	-8.36	-5.49	0.00	0.00
1	719	2454207	1124	349	1127	354	5.83	1	-8.36	-5.48	0.00	0.00
1	720	2454248	1124	348	1127	354	6.71	1	-8.37	-5.47	0.00	0.00
1	721	2454289	1123	348	1127	354	7.21	1	-8.38	-5.46	-130.00	-40.00
1	722	2454330	1123	348	1122	353	5.10	1	-8.39	-5.45	-144.00	-62.00
1	723	2454371	1123	348	1115	350	8.25	1	-8.39	-5.44	-90.00	-37.00
1	724	2454411	1122	347	1112	349	10.20	0	-8.40	-5.42	0.00	0.00
1	725	2454452	1122	347	1112	349	10.20	0	-8.41	-5.42	0.00	0.00
1	726	2454492	1122	347	1112	349	10.20	0	-8.41	-5.40	0.00	0.00
1	727	2454533	1121	347	1112	349	9.22	1	-8.42	-5.39	0.00	0.00
1	728	2454573	1121	347	1112	349	9.22	1	-8.43	-5.38	0.00	0.00
1	729	2454614	1121	346	1112	349	9.49	1	-8.44	-5.37	0.00	0.00
1	730	2454654	1120	346	1112	349	8.54	1	-8.44	-5.36	0.00	0.00
1	731	2454695	1120	346	1112	349	8.54	1	-8.45	-5.35	0.00	0.00
1	732	2454736	1120	346	1112	349	8.54	1	-8.46	-5.33	0.00	0.00
1	733	2454777	1119	346	1112	349	7.62	1	-8.47	-5.32	0.00	0.00
1	734	2454818	1119	345	1112	349	8.06	1	-8.47	-5.31	0.00	0.00
1	735	2454858	1118	345	1112	349	7.21	1	-8.48	-5.30	0.00	0.00
1	736	2454899	1118	345	1112	349	7.21	1	-8.49	-5.29	0.00	0.00
1	737	2454940	1118	345	1112	349	7.21	1	-8.49	-5.28	0.00	0.00
1	738	2454980	1117	344	1112	349	7.07	1	-8.50	-5.26	0.00	0.00
1	739	2455021	1117	344	1112	349	7.07	1	-8.51	-5.25	0.00	0.00
1	740	2455062	1117	344	1112	349	7.07	1	-8.52	-5.24	0.00	-63.00
1	741	2455103	1116	344	1112	346	4.47	1	-8.52	-5.23	-76.00	-139.00
1	742	2455144	1116	344	1108	340	8.94	1	-8.53	-5.22	-67.00	-131.00
1	743	2455185	1116	343	1105	334	14.21	0	-8.54	-5.21	0.00	0.00
1	744	2455226	1115	343	1105	334	13.45	0	-8.55	-5.19	0.00	0.00
1	745	2455267	1115	343	1105	334	13.45	0	-8.55	-5.18	0.00	0.00
1	746	2455307	1115	343	1105	334	13.45	0	-8.56	-5.17	0.00	0.00
1	747	2455348	1114	343	1105	334	12.73	0	-8.57	-5.16	0.00	0.00
1	748	2455389	1114	342	1105	334	12.04	0	-8.57	-5.15	0.00	0.00
1	749	2455430	1114	342	1105	334	12.04	0	-8.58	-5.14	0.00	0.00
1	750	2455471	1113	342	1105	334	11.31	0	-8.59	-5.12	0.00	0.00
1	751	2455512	1113	342	1105	334	11.31	0	-8.59	-5.11	0.00	0.00
1	752	2455553	1113	341	1105	334	10.63	0	-8.60	-5.10	0.00	0.00
1	753	2455594	1112	341	1105	334	9.90	1	-8.61	-5.09	0.00	0.00
1	754	2455634	1112	341	1105	334	9.90	1	-8.62	-5.08	0.00	0.00
1	755	2455675	1111	341	1105	334	9.22	1	-8.62	-5.06	0.00	0.00
1	756	2455716	1111	341	1105	334	9.22	1	-8.63	-5.05	0.00	0.00
1	757	2455757	1111	340	1105	334	8.49	1	-8.64	-5.04	0.00	0.00
1	758	2455797	1110	340	1105	334	7.81	1	-8.64	-5.03	0.00	0.00
1	759	2455838	1110	340	1105	334	7.81	1	-8.65	-5.02	0.00	0.00
1	760	2455879	1110	340	1105	334	7.81	1	-8.66	-5.01	0.00	77.00
1	761	2455920	1109	340	1105	338	4.47	1	-8.66	-4.99	56.00	80.00
1	762	2455960	1109	339	1107	340	2.24	1	-8.67	-4.98	61.00	39.00
1	763	2456001	1109	339	1110	342	3.16	1	-8.68	-4.97	0.00	0.00
1	764	2456042	1108	339	1110	342	3.61	1	-8.68	-4.96	0.00	0.00
1	765	2456083	1108	339	1110	342	3.61	1	-8.69	-4.95	0.00	0.00
1	766	2456124	1108	339	1110	342	3.61	1	-8.70	-4.93	0.00	0.00
1	767	2456165	1107	338	1110	342	5.00	1	-8.70	-4.92	0.00	0.00
1	768	2456206	1107	338	1110	342	5.00	1	-8.71	-4.91	0.00	0.00
1	769	2456247	1106	338	1110	342	5.66	1	-8.72	-4.90	0.00	0.00
1	770	2456288	1106	338	1110	342	5.66	1	-8.72	-4.89	0.00	0.00
1	771	2456329	1106	338	1110	342	5.66	1	-8.73	-4.87	0.00	0.00
1	772	2456370	1105	337	1110	342	7.07	1	-8.74	-4.87	0.00	0.00
1	773	2456411	1105	337	1110	342	7.07	1	-8.74	-4.85	0.00	0.00
1	774	2456451	1105	337	1110	342	7.07	1	-8.75	-4.84	-92.00	-70.00
1	775	2456492	1104	337	1106	339	2.83	1	-8.76	-4.83	-112.00	-87.00
1	776	2456533	1104	337	1101	335	3.61	1	-8.76	-4.82	0.00	0.00
1	777	2456573	1104	336	1101	335	3.16	1	-8.77	-4.80	0.00	0.00
1	778	2456613	1103	336	1101	335	2.24	1	-8.78	-4.79	0.00	0.00
1	779	2456654	1103	336	1101	335	2.24	1	-8.78	-4.78	0.00	0.00
1	780	2456695	1103	336	1101	335	2.24	1	-8.79	-4.77	0.00	0.00
1	781	2456736	1102	336	1101	335	1.41	1	-8.80	-4.76	0.00	0.00
1	782	2456777	1102	335	1101	335	1.00	1	-8.80	-4.74	0.00	0.00
1	783	2456818	1101	335	1101	335	0.00	1	-8.81	-4.73	0.00	0.00
1	784	2456859	1101	335	1101	335	0.00	1	-8.82	-4.72	0.00	0.00
1	785	2456900	1101	335	1101	335	0.00	1	-8.82	-4.71	0.00	0.00
1	786	2456940	1100	335	1101	335	1.00	1	-8.83	-4.70	0.00	0.00
1	787	2456981	1100	334	1101	335	1.41	1	-8.84	-4.68	0.00	0.00
1	788	2457022	1100	334	1101	335	1.41	1	-8.84	-4.67	0.00	0.00
1	789	2457063	1099	334	1101	335	2.24	1	-8.85	-4.66	0.00	0.00
1	790	2457103	1099	334	1101	335	2.24	1	-8.85	-4.65	0.00	0.00
1	791	2457144	1099	334	1101	335	2.24	1	-8.86	-4.64	-90.00	0.00
1	792	2457185	1098	333	1097	335	2.24	1	-8.87	-4.62	-149.00	0.00
1	793	2457225	1098	333	1091	335	7.28	1	-8.87	-4.61	-133.00	0.00
1	794	2457266	1098	333	1086	335	12.17	0	-8.88	-4.60	-57.00	0.00
1	795	2457307	1097	333	1084	335	13.15	0	-8.89	-4.59	0.00	0.00
1	796	2457348	1097	333	1084	335	13.15	0	-8.89	-4.57	0.00	0.00
1	797	2457389	1096	333	1084	335	12.17	0	-8.90	-4.56	0.00	0.00
1	798	2457429	1096	332	1084	335	12.37	0	-8.91	-4.55	0.00	0.00
1	799	2457470	1096	332	1084	335	12.37	0	-8.91	-4.54	0.00	0.00
1	800	2457511	1095	332	1084	335	11.40	0	-8.92	-4.53	0.00	0.00
1	801	2457551	1095	332	1084	335	11.40	0	-8.92	-4.51	32.00	0.00
1	802	2457592	1095	332	1085	335	10.44	0	-8.93	-4.50	101.00	0.00
1	803	2457633	1094	331	1090	335	5.66	1	-8.94	-4.49	147.00	-46.00
1	804	2457674	1094	331	1096	333	2.83	1	-8.94	-4.48	168.00	-46.00
1	805	2457715	1093	331	1102	331	9.00	1	-8.95	-4.47	166.00	0.00
1	806	2457756	1093	331	1109	331	16.00	0	-8.95	-4.45	0.00	0.00
1	807	2457796	1093	331	1109	331	16.00	0	-8.96	-4.44	0.00	0.00
1	808	2457837	1092	331	1109	331	17.00	0	-8.97	-4.43	0.00	0.00
1	809	2457878	1092	330	1109	331	17.03	0	-8.97	-4.41	0.00	0.00
1	810	2457919	1092	330	1109	331	17.03	0	-8.98	-4.40	0.00	0.00
1	811	2457960	1091	330	1109	331	18.03	0	-8.98	-4.39	0.00	0.00
1	812	2458001	1091	330	1109	331	18.03	0	-8.99	-4.38	0.00	0.00
1	813	2458041	1090	330	1109	331	19.03	0	-9.00	-4.37	0.00	0.00
1	814	2458082	1090	329	1109	331	19.10	0	-9.00	-4.35	0.00	0.00
1	815	2458123	1090	329	1109	331	19.10	0	-9.01	-4.34	-200.00	0.00
1	816	2458164	1089	329	1102	331	13.15	0	-9.01	-4.33	-200.00	0.00
1	817	2458205	1089	329	1093	331	4.47	1	-9.02	-4.32	-200.00	0.00
1	818	2458245	1089	329	1085	331	4.47	1	-9.03	-4.30	0.00	0.00
1	819	2458286	1088	329	1085	331	3.61	1	-9.03	-4.29	0.00	0.00
1	820	2458327	1088	328	1085	331	4.24	1	-9.04	-4.28	0.00	0.00
1	821	2458368	1087	328	1085	331	3.61	1	-9.04	-4.27	0.00	0.00
1	822	2458408	1087	328	1085	331	3.61	1	-9.05	-4.26	0.00	0.00
1	823	2458449	1087	328	1085	331	3.61	1	-9.05	-4.24	0.00	0.00
1	824	2458490	1086	328	1085	331	3.16	1	-9.06	-4.23	0.00	0.00
1	825	2458531	1086	327	1085	331	4.12	1	-9.07	-4.22	0.00	0.00
1	826	2458572	1086	327	1085	331	4.12	1	-9.07	-4.20	0.00	0.00
1	827	2458613	1085	327	1085	331	4.00	1	-9.08	-4.19	0.00	0.00
1	828	2458654	1085	327	1085	331	4.00	1	-9.08	-4.18	0.00	0.00
1	829	2458695	1085	327	1085	331	4.00	1	-9.09	-4.17	0.00	0.00
1	830	2458736	1084	327	1085	331	4.12	1	-9.10	-4.16	0.00	0.00
1	831	2458777	1084	326	1085	331	5.10	1	-9.10	-4.14	0.00	0.00
1	832	2458818	1083	326	1085	331	5.39	1	-9.11	-4.13	0.00	0.00
1	833	2458858	1083	326	1085	331	5.39	1	-9.11	-4.12	0.00	0.00
1	834	2458899	1083	326	1085	331	5.39	1	-9.12	-4.11	0.00	0.00
1	835	2458940	1082	326	1085	331	5.83	1	-9.12	-4.09	0.00	0.00
1	836	2458980	1082	326	1085	331	5.83	1	-9.13	-4.08	36.00	0.00
1	837	2459021	1082	325	1086	331	7.21	1	-9.14	-4.07	72.00	0.00
1	838	2459061	1081	325	1089	331	10.00	0	-9.14	-4.06	94.00	0.00
1	839	2459102	1081	325	1093	331	13.42	0	-9.15	-4.04	86.00	0.00
1	840	2459142	1080	325	1096	331	17.09	0	-9.15	-4.03	0.00	0.00
1	841	2459183	1080	325	1096	331	17.09	0	-9.16	-4.02	0.00	0.00
1	842	2459224	1080	325	1096	331	17.09	0	-9.16	-4.01	0.00	0.00
1	843	2459265	1079	324	1096	331	18.38	0	-9.17	-3.99	0.00	0.00
1	844	2459306	1079	324	1096	331	18.38	0	-9.17	-3.98	0.00	0.00
1	845	2459347	1079	324	1096	331	18.38	0	-9.18	-3.97	-75.00	0.00
1	846	2459388	1078	324	1093	331	16.55	0	-9.18	-3.95	-189.00	-51.00
1	847	2459429	1078	324	1087	330	10.82	0	-9.19	-3.94	-200.00	-57.00
1	848	2459469	1077	324	1078	327	3.16	1	-9.19	-3.93	-73.00	0.00
1	849	2459510	1077	323	1075	327	4.47	1	-9.20	-3.92	0.00	0.00
1	850	2459551	1077	323	1075	327	4.47	1	-9.21	-3.91	0.00	0.00
1	851	2459592	1076	323	1075	327	4.12	1	-9.21	-3.89	0.00	0.00
1	852	2459633	1076	323	1075	327	4.12	1	-9.22	-3.88	0.00	0.00
1	853	2459674	1076	323	1075	327	4.12	1	-9.22	-3.87	0.00	0.00
1	854	2459714	1075	323	1075	327	4.00	1	-9.23	-3.86	0.00	0.00
1	855	2459755	1075	323	1075	327	4.00	1	-9.23	-3.84	0.00	0.00
1	856	2459795	1074	322	1075	327	5.10	1	-9.24	-3.83	0.00	0.00
1	857	2459836	1074	322	1075	327	5.10	1	-9.24	-3.82	0.00	0.00
1	858	2459877	1074	322	1075	327	5.10	1	-9.25	-3.81	0.00	0.00
1	859	2459918	1073	322	1075	327	5.39	1	-9.25	-3.79	0.00	-48.00
1	860	2459959	1073	322	1075	325	3.61	1	-9.26	-3.78	0.00	-68.00
1	861	2459999	1072	322	1075	322	3.00	1	-9.26	-3.77	0.00	0.00
1	862	2460040	1072	321	1075	322	3.16	1	-9.27	-3.76	0.00	0.00
1	863	2460081	1072	321	1075	322	3.16	1	-9.27	-3.74	0.00	0.00
1	864	2460121	1071	321	1075	322	4.12	1	-9.28	-3.73	0.00	0.00
1	865	2460162	1071	321	1075	322	4.12	1	-9.28	-3.72	0.00	0.00
1	866	2460203	1071	321	1075	322	4.12	1	-9.29	-3.70	0.00	0.00
1	867	2460244	1070	321	1075	322	5.10	1	-9.29	-3.69	0.00	0.00
1	868	2460285	1070	321	1075	322	5.10	1	-9.30	-3.68	0.00	0.00
1	869	2460326	1069	320	1075	322	6.32	1	-9.30	-3.67	0.00	0.00
1	870	2460367	1069	320	1075	322	6.32	1	-9.31	-3.65	0.00	0.00
1	871	2460408	1069	320	1075	322	6.32	1	-9.31	-3.64	-95.00	0.00
1	872	2460448	1068	320	1071	322	3.61	1	-9.32	-3.63	-175.00	0.00
1	873	2460488	1068	320	1066	322	2.83	1	-9.32	-3.62	-182.00	0.00
1	874	2460529	1068	320	1058	322	10.20	0	-9.33	-3.60	-101.00	0.00
1	875	2460570	1067	319	1053	322	14.32	0	-9.33	-3.59	0.00	0.00
1	876	2460611	1067	319	1053	322	14.32	0	-9.34	-3.58	0.00	0.00
1	877	2460652	1066	319	1053	322	13.34	0	-9.34	-3.56	0.00	0.00
1	878	2460693	1066	319	1053	322	13.34	0	-9.35	-3.55	0.00	0.00
1	879	2460734	1066	319	1053	322	13.34	0	-9.35	-3.54	0.00	0.00
1	880	2460774	1065	319	1053	322	12.37	0	-9.36	-3.53	0.00	0.00
1	881	2460815	1065	319	1053	322	12.37	0	-9.36	-3.51	34.00	0.00
1	882	2460856	1064	318	1055	322	9.85	1	-9.37	-3.50	82.00	0.00
1	883	2460897	1064	318	1058	322	7.21	1	-9.37	-3.49	104.00	0.00
1	884	2460938	1064	318	1062	322	4.47	1	-9.38	-3.48	107.00	0.00
1	885	2460978	1063	318	1066	322	5.00	1	-9.38	-3.46	102.00	0.00
1	886	2461019	1063	318	1071	322	8.94	1	-9.39	-3.45	77.00	0.00
1	887	2461060	1063	318	1074	322	11.70	0	-9.39	-3.44	0.00	0.00
1	888	2461100	1062	318	1074	322	12.65	0	-9.40	-3.42	0.00	0.00
1	889	2461141	1062	317	1074	322	13.00	0	-9.40	-3.41	0.00	0.00
1	890	2461181	1061	317	1074	322	13.93	0	-9.40	-3.40	0.00	0.00
1	891	2461222	1061	317	1074	322	13.93	0	-9.41	-3.38	0.00	0.00
1	892	2461263	1061	317	1074	322	13.93	0	-9.41	-3.37	-86.00	0.00
1	893	2461304	1060	317	1070	322	11.18	0	-9.42	-3.36	-200.00	-68.00
1	894	2461345	1060	317	1062	319	2.83	1	-9.42	-3.34	-200.00	-104.00
1	895	2461386	1060	317	1055	316	5.10	1	-9.43	-3.33	-200.00	-101.00
1	896	2461426	1059	317	1047	312	13.00	0	-9.43	-3.32	0.00	0.00
1	897	2461467	1059	316	1047	312	12.65	0	-9.44	-3.31	0.00	0.00
1	898	2461507	1058	316	1047	312	11.70	0	-9.44	-3.29	0.00	0.00
1	899	2461548	1058	316	1047	312	11.70	0	-9.45	-3.28	0.00	0.00
1	900	2461588	1058	316	1047	312	11.70	0	-9.45	-3.27	0.00	0.00
1	901	2461629	1057	316	1047	312	10.77	0	-9.45	-3.26	0.00	0.00
1	902	2461670	1057	316	1047	312	10.77	0	-9.46	-3.24	0.00	0.00
1	903	2461710	1056	316	1047	312	9.85	1	-9.46	-3.23	0.00	0.00
1	904	2461750	1056	315	1047	312	9.49	1	-9.47	-3.22	0.00	0.00
1	905	2461791	1056	315	1047	312	9.49	1	-9.47	-3.20	26.00	0.00
1	906	2461832	1055	315	1047	312	8.54	1	-9.48	-3.19	47.00	0.00
1	907	2461873	1055	315	1049	312	6.71	1	-9.48	-3.18	66.00	0.00
1	908	2461914	1054	315	1052	312	3.61	1	-9.49	-3.16	43.00	0.00
1	909	2461955	1054	315	1054	312	3.00	1	-9.49	-3.15	0.00	0.00
1	910	2461996	1054	315	1054	312	3.00	1	-9.50	-3.14	0.00	0.00
1	911	2462037	1053	315	1054	312	3.16	1	-9.50	-3.13	0.00	0.00
1	912	2462077	1053	314	1054	312	2.24	1	-9.50	-3.11	0.00	0.00
1	913	2462118	1052	314	1054	312	2.83	1	-9.51	-3.10	0.00	0.00
1	914	2462159	1052	314	1054	312	2.83	1	-9.51	-3.09	0.00	0.00
1	915	2462200	1052	314	1054	312	2.83	1	-9.52	-3.07	0.00	0.00
1	916	2462241	1051	314	1054	312	3.61	1	-9.52	-3.06	0.00	0.00
1	917	2462281	1051	314	1054	312	3.61	1	-9.52	-3.05	0.00	45.00
1	918	2462322	1051	314	1054	313	3.16	1	-9.53	-3.04	0.00	59.00
1	919	2462362	1050	314	1054	316	4.47	1	-9.53	-3.02	0.00	43.00
1	920	2462402	1050	313	1054	318	6.40	1	-9.54	-3.01	0.00	0.00
1	921	2462443	1049	313	1054	318	7.07	1	-9.54	-2.99	0.00	0.00
1	922	2462484	1049	313	1054	318	7.07	1	-9.54	-2.98	0.00	0.00
1	923	2462524	1049	313	1054	318	7.07	1	-9.55	-2.97	0.00	0.00
1	924	2462565	1048	313	1054	318	7.81	1	-9.55	-2.96	0.00	0.00
1	925	2462606	1048	313	1054	318	7.81	1	-9.56	-2.94	-54.00	0.00
1	926	2462647	1047	313	1052	318	7.07	1	-9.56	-2.93	-117.00	-71.00
1	927	2462688	1047	313	1048	316	3.16	1	-9.56	-2.92	-125.00	-76.00
1	928	2462729	1047	312	1043	312	4.00	1	-9.57	-2.91	-29.00	0.00
1	929	2462770	1046	312	1042	312	4.00	1	-9.57	-2.89	0.00	0.00
1	930	2462811	1046	312	1042	312	4.00	1	-9.58	-2.88	0.00	0.00
1	931	2462852	1045	312	1042	312	3.00	1	-9.58	-2.86	0.00	0.00
1	932	2462893	1045	312	1042	312	3.00	1	-9.59	-2.85	0.00	0.00
1	933	2462934	1045	312	1042	312	3.00	1	-9.59	-2.84	0.00	0.00
1	934	2462975	1044	312	1042	312	2.00	1	-9.59	-2.83	0.00	0.00
1	935	2463015	1044	312	1042	312	2.00	1	-9.60	-2.81	0.00	0.00
1	936	2463056	1043	311	1042	312	1.41	1	-9.60	-2.80	0.00	0.00
1	937	2463097	1043	311	1042	312	1.41	1	-9.60	-2.78	0.00	0.00
1	938	2463138	1043	311	1042	312	1.41	1	-9.61	-2.77	0.00	0.00
1	939	2463179	1042	311	1042	312	1.00	1	-9.61	-2.76	0.00	0.00
1	940	2463220	1042	311	1042	312	1.00	1	-9.62	-2.75	0.00	0.00
1	941	2463261	1041	311	1042	312	1.41	1	-9.62	-2.73	0.00	0.00
1	942	2463302	1041	311	1042	312	1.41	1	-9.62	-2.72	-87.00	0.00
1	943	2463342	1041	311	1038	312	3.16	1	-9.63	-2.71	-163.00	0.00
1	944	2463383	1040	311	1031	312	9.06	1	-9.63	-2.69	-142.00	0.00
1	945	2463424	1040	310	1025	312	15.13	0	-9.63	-2.68	0.00	0.00
1	946	2463465	1039	310	1025	312	14.14	0	-9.64	-2.67	0.00	0.00
1	947	2463506	1039	310	1025	312	14.14	0	-9.64	-2.66	0.00	0.00
1	948	2463546	1039	310	1025	312	14.14	0	-9.64	-2.64	0.00	0.00
1	949	2463587	1038	310	1025	312	13.15	0	-9.65	-2.63	0.00	0.00
1	950	2463628	1038	310	1025	312	13.15	0	-9.65	-2.61	0.00	0.00
1	951	2463668	1038	310	1025	312	13.15	0	-9.66	-2.60	29.00	0.00
1	952	2463709	1037	310	1026	312	11.18	0	-9.66	-2.59	34.00	0.00
1	953	2463750	1037	310	1027	312	10.20	0	-9.66	-2.58	69.00	-29.00
1	954	2463791	1036	310	1030	311	6.08	1	-9.67	-2.56	91.00	-32.00
1	955	2463832	1036	309	1034	310	2.24	1	-9.67	-2.55	93.00	0.00
1	956	2463873	1036	309	1038	310	2.24	1	-9.67	-2.53	0.00	0.00
1	957	2463914	1035	309	1038	310	3.16	1	-9.68	-2.52	0.00	0.00
1	958	2463954	1035	309	1038	310	3.16	1	-9.68	-2.51	0.00	0.00
1	959	2463994	1034	309	1038	310	4.12	1	-9.68	-2.50	0.00	0.00
1	960	2464035	1034	309	1038	310	4.12	1	-9.69	-2.48	0.00	0.00
1	961	2464076	1034	309	1038	310	4.12	1	-9.69	-2.47	0.00	0.00
1	962	2464117	1033	309	1038	310	5.10	1	-9.69	-2.45	0.00	0.00
1	963	2464158	1033	309	1038	310	5.10	1	-9.70	-2.44	0.00	0.00
1	964	2464198	1032	308	1038	310	6.32	1	-9.70	-2.43	0.00	0.00
1	965	2464239	1032	308	1038	310	6.32	1	-9.70	-2.42	-200.00	-41.00
1	966	2464280	1032	308	1029	308	3.00	1	-9.71	-2.40	-200.00	-78.00
1	967	2464320	1031	308	1020	305	11.40	0	-9.71	-2.39	-200.00	-68.00
1	968	2464361	1031	308	1014	302	18.03	0	-9.71	-2.38	0.00	0.00
1	969	2464402	1030	308	1014	302	17.09	0	-9.72	-2.36	0.00	0.00
1	970	2464443	1030	308	1014	302	17.09	0	-9.72	-2.35	0.00	0.00
1	971	2464483	1030	308	1014	302	17.09	0	-9.72	-2.34	0.00	0.00
1	972	2464524	1029	308	1014	302	16.16	0	-9.73	-2.32	0.00	0.00
1	973	2464565	1029	308	1014	302	16.16	0	-9.73	-2.31	0.00	0.00
1	974	2464605	1028	308	1014	302	15.23	0	-9.73	-2.30	0.00	0.00
1	975	2464645	1028	307	1014	302	14.87	0	-9.74	-2.28	0.00	0.00
1	976	2464686	1028	307	1014	302	14.87	0	-9.74	-2.27	56.00	0.00
1	977	2464727	1027	307	1017	302	11.18	0	-9.74	-2.26	77.00	0.00
1	978	2464768	1027	307	1020	302	8.60	1	-9.75	-2.24	79.00	0.00
1	979	2464809	1026	307	1022	302	6.40	1	-9.75	-2.23	0.00	0.00
1	980	2464850	1026	307	1022	302	6.40	1	-9.75	-2.22	0.00	0.00
1	981	2464891	1026	307	1022	302	6.40	1	-9.75	-2.20	0.00	0.00
1	982	2464931	1025	307	1022	302	5.83	1	-9.76	-2.19	0.00	0.00
1	983	2464971	1025	307	1022	302	5.83	1	-9.76	-2.18	0.00	0.00
1	984	2465012	1024	307	1022	302	5.39	1	-9.76	-2.16	0.00	0.00
1	985	2465053	1024	307	1022	302	5.39	1	-9.77	-2.15	0.00	0.00
1	986	2465093	1024	306	1022	302	4.47	1	-9.77	-2.14	0.00	0.00
1	987	2465134	1023	306	1022	302	4.12	1	-9.77	-2.12	0.00	0.00
1	988	2465175	1023	306	1022	302	4.12	1	-9.77	-2.11	0.00	0.00
1	989	2465216	1022	306	1022	302	4.00	1	-9.78	-2.10	0.00	0.00
1	990	2465257	1022	306	1022	302	4.00	1	-9.78	-2.09	0.00	0.00
1	991	2465298	1022	306	1022	302	4.00	1	-9.78	-2.07	0.00	0.00
1	992	2465339	1021	306	1022	302	4.12	1	-9.79	-2.06	0.00	0.00
1	993	2465380	1021	306	1022	302	4.12	1	-9.79	-2.04	0.00	0.00
1	994	2465421	1020	306	1022	302	4.47	1	-9.79	-2.03	0.00	64.00
1	995	2465462	1020	306	1022	305	2.24	1	-9.79	-2.02	0.00	66.00
1	996	2465503	1020	306	1022	307	2.24	1	-9.80	-2.00	0.00	0.00
1	997	2465544	1019	306	1022	307	3.16	1	-9.80	-1.99	0.00	0.00
1	998	2465585	1019	305	1022	307	3.61	1	-9.80	-1.98	0.00	0.00
1	999	2465625	1018	305	1022	307	4.47	1	-9.81	-1.96	0.00	0.00
1	1000	2465666	1018	305	1022	307	4.47	1	-9.81	-1.95	0.00	0.00
1	1001	2465707	1018	305	1022	307	4.47	1	-9.81	-1.93	0.00	0.00
1	1002	2465748	1017	305	1022	307	5.39	1	-9.81	-1.92	0.00	0.00
1	1003	2465789	1017	305	1022	307	5.39	1	-9.82	-1.91	-84.00	0.00
1	1004	2465830	1016	305	1019	307	3.61	1	-9.82	-1.89	-161.00	-32.00
1	1005	2465871	1016	305	1014	306	2.24	1	-9.82	-1.88	-161.00	-35.00
1	1006	2465911	1016	305	1007	305	9.00	1	-9.82	-1.87	-52.00	0.00
1	1007	2465952	1015	305	1005	305	10.00	0	-9.83	-1.86	0.00	0.00
1	1008	2465993	1015	305	1005	305	10.00	0	-9.83	-1.84	0.00	0.00
1	1009	2466034	1014	305	1005	305	9.00	1	-9.83	-1.83	0.00	0.00
1	1010	2466075	1014	304	1005	305	9.06	1	-9.83	-1.81	0.00	0.00
1	1011	2466115	1014	304	1005	305	9.06	1	-9.84	-1.80	0.00	0.00
1	1012	2466155	1013	304	1005	305	8.06	1	-9.84	-1.79	0.00	0.00
1	1013	2466196	1013	304	1005	305	8.06	1	-9.84	-1.78	0.00	0.00
1	1014	2466236	1012	304	1005	305	7.07	1	-9.84	-1.76	0.00	0.00
1	1015	2466277	1012	304	1005	305	7.07	1	-9.85	-1.75	34.00	0.00
1	1016	2466318	1012	304	1006	305	6.08	1	-9.85	-1.74	48.00	0.00
1	1017	2466359	1011	304	1008	305	3.16	1	-9.85	-1.72	53.00	0.00
1	1018	2466400	1011	304	1010	305	1.41	1	-9.85	-1.71	53.00	0.00
1	1019	2466441	1010	304	1012	305	2.24	1	-9.86	-1.69	58.00	0.00
1	1020	2466482	1010	304	1015	305	5.10	1	-9.86	-1.68	69.00	0.00
1	1021	2466523	1010	304	1017	305	7.07	1	-9.86	-1.67	67.00	0.00
1	1022	2466563	1009	304	1020	305	11.05	0	-9.86	-1.65	0.00	0.00
1	1023	2466604	1009	304	1020	305	11.05	0	-9.86	-1.64	0.00	0.00
1	1024	2466645	1008	303	1020	305	12.17	0	-9.87	-1.63	0.00	0.00
1	1025	2466686	1008	303	1020	305	12.17	0	-9.87	-1.61	0.00	0.00
1	1026	2466727	1008	303	1020	305	12.17	0	-9.87	-1.60	0.00	0.00
1	1027	2466768	1007	303	1020	305	13.15	0	-9.87	-1.59	-54.00	0.00
1	1028	2466808	1007	303	1018	305	11.18	0	-9.88	-1.57	-150.00	0.00
1	1029	2466849	1006	303	1011	305	5.39	1	-9.88	-1.56	-141.00	0.00
1	1030	2466889	1006	303	1005	305	2.24	1	-9.88	-1.54	0.00	0.00
1	1031	2466930	1005	303	1005	305	2.00	1	-9.88	-1.53	0.00	0.00
1	1032	2466971	1005	303	1005	305	2.00	1	-9.88	-1.52	0.00	0.00
1	1033	2467012	1005	303	1005	305	2.00	1	-9.89	-1.50	0.00	0.00
1	1034	2467053	1004	303	1005	305	2.24	1	-9.89	-1.49	0.00	0.00
1	1035	2467094	1004	303	1005	305	2.24	1	-9.89	-1.48	0.00	0.00
1	1036	2467135	1003	303	1005	305	2.83	1	-9.89	-1.47	0.00	0.00
1	1037	2467176	1003	303	1005	305	2.83	1	-9.89	-1.45	0.00	0.00
1	1038	2467216	1003	303	1005	305	2.83	1	-9.90	-1.44	0.00	0.00
1	1039	2467257	1002	303	1005	305	3.61	1	-9.90	-1.42	0.00	0.00
1	1040	2467298	1002	302	1005	305	4.24	1	-9.90	-1.41	0.00	0.00
1	1041	2467339	1001	302	1005	305	5.00	1	-9.90	-1.40	0.00	0.00
1	1042	2467380	1001	302	1005	305	5.00	1	-9.90	-1.38	0.00	0.00
1	1043	2467421	1001	302	1005	305	5.00	1	-9.91	-1.37	-48.00	0.00
1	1044	2467462	1000	302	1003	305	4.24	1	-9.91	-1.36	-41.00	0.00
1	1045	2467502	1000	302	1001	305	3.16	1	-9.91	-1.34	0.00	0.00
1	1046	2467543	999	302	1001	305	3.61	1	-9.91	-1.33	0.00	0.00
1	1047	2467584	999	302	1001	305	3.61	1	-9.91	-1.32	0.00	0.00
1	1048	2467625	999	302	1001	305	3.61	1	-9.91	-1.30	0.00	0.00
1	1049	2467666	998	302	1001	305	4.24	1	-9.92	-1.29	0.00	0.00
1	1050	2467707	998	302	1001	305	4.24	1	-9.92	-1.27	0.00	0.00
1	1051	2467748	997	302	1001	305	5.00	1	-9.92	-1.26	-79.00	0.00
1	1052	2467789	997	302	998	305	3.16	1	-9.92	-1.25	-126.00	0.00
1	1053	2467829	997	302	994	305	4.24	1	-9.92	-1.24	-108.00	0.00
1	1054	2467869	996	302	989	305	7.62	1	-9.93	-1.22	0.00	0.00
1	1055	2467910	996	302	989	305	7.62	1	-9.93	-1.21	0.00	0.00
1	1056	2467951	995	302	989	305	6.71	1	-9.93	-1.19	0.00	0.00
1	1057	2467991	995	302	989	305	6.71	1	-9.93	-1.18	0.00	0.00
1	1058	2468032	995	302	989	305	6.71	1	-9.93	-1.17	0.00	0.00
1	1059	2468073	994	302	989	305	5.83	1	-9.93	-1.15	0.00	0.00
1	1060	2468114	994	301	989	305	6.40	1	-9.93	-1.14	-70.00	0.00
1	1061	2468155	993	301	986	305	8.06	1	-9.94	-1.13	-59.00	0.00
1	1062	2468215	993	301	983	305	10.77	0	-9.94	-1.11	0.00	0.00
1	1063	2468255	992	301	983	305	9.85	1	-9.94	-1.09	0.00	0.00
1	1064	2468296	992	301	983	305	9.85	1	-9.94	-1.08	0.00	0.00
1	1065	2468337	991	301	983	305	8.94	1	-9.94	-1.06	0.00	0.00
1	1066	2468377	991	301	983	305	8.94	1	-9.94	-1.05	0.00	0.00
1	1067	2468418	991	301	983	305	8.94	1	-9.95	-1.04	0.00	0.00
1	1068	2468459	990	301	983	305	8.06	1	-9.95	-1.02	0.00	0.00
1	1069	2468500	990	301	983	305	8.06	1	-9.95	-1.01	0.00	0.00
1	1070	2468541	989	301	983	305	7.21	1	-9.95	-1.00	0.00	0.00
1	1071	2468582	989	301	983	305	7.21	1	-9.95	-0.98	0.00	0.00
1	1072	2468623	989	301	983	305	7.21	1	-9.95	-0.97	0.00	0.00
1	1073	2468664	988	301	983	305	6.40	1	-9.95	-0.96	0.00	0.00
1	1074	2468704	988	301	983	305	6.40	1	-9.96	-0.94	0.00	0.00
1	1075	2468745	987	301	983	305	5.66	1	-9.96	-0.93	0.00	0.00
1	1076	2468786	987	301	983	305	5.66	1	-9.96	-0.91	0.00	0.00
1	1077	2468826	987	301	983	305	5.66	1	-9.96	-0.90	0.00	0.00
1	1078	2468867	986	301	983	305	5.00	1	-9.96	-0.89	0.00	0.00
1	1079	2468908	986	301	983	305	5.00	1	-9.96	-0.87	0.00	0.00
1	1080	2468949	985	301	983	305	4.47	1	-9.96	-0.86	0.00	0.00
1	1081	2468990	985	301	983	305	4.47	1	-9.96	-0.85	0.00	0.00
1	1082	2469031	984	301	983	305	4.12	1	-9.97	-0.83	0.00	0.00
1	1083	2469072	984	301	983	305	4.12	1	-9.97	-0.82	0.00	0.00
1	1084	2469113	984	300	983	305	5.10	1	-9.97	-0.81	0.00	0.00
1	1085	2469153	983	300	983	305	5.00	1	-9.97	-0.79	0.00	0.00
1	1086	2469194	983	300	983	305	5.00	1	-9.97	-0.78	0.00	0.00
1	1087	2469235	982	300	983	305	5.10	1	-9.97	-0.76	0.00	0.00
1	1088	2469276	982	300	983	305	5.10	1	-9.97	-0.75	0.00	0.00
1	1089	2469317	982	300	983	305	5.10	1	-9.97	-0.74	0.00	0.00
1	1090	2469358	981	300	983	305	5.39	1	-9.97	-0.72	0.00	0.00
1	1091	2469399	981	300	983	305	5.39	1	-9.97	-0.71	0.00	0.00
1	1092	2469440	980	300	983	305	5.83	1	-9.98	-0.70	0.00	0.00
1	1093	2469481	980	300	983	305	5.83	1	-9.98	-0.69	0.00	0.00
1	1094	2469522	980	300	983	305	5.83	1	-9.98	-0.67	0.00	0.00
1	1095	2469563	979	300	983	305	6.40	1	-9.98	-0.66	0.00	0.00
1	1096	2469604	979	300	983	305	6.40	1	-9.98	-0.64	0.00	0.00
1	1097	2469645	978	300	983	305	7.07	1	-9.98	-0.63	0.00	0.00
1	1098	2469686	978	300	983	305	7.07	1	-9.98	-0.61	0.00	0.00
1	1099	2469727	978	300	983	305	7.07	1	-9.98	-0.60	0.00	0.00
1	1100	2469768	977	300	983	305	7.81	1	-9.98	-0.59	0.00	0.00
1	1101	2469809	977	300	983	305	7.81	1	-9.98	-0.57	0.00	0.00
1	1102	2469850	976	300	983	305	8.60	1	-9.98	-0.56	0.00	-76.00
1	1103	2469891	976	300	983	302	7.28	1	-9.98	-0.55	0.00	-70.00
1	1104	2469932	976	300	983	299	7.07	1	-9.99	-0.53	0.00	0.00
1	1105	2469973	975	300	983	299	8.06	1	-9.99	-0.52	0.00	0.00
1	1106	2470014	975	300	983	299	8.06	1	-9.99	-0.51	0.00	0.00
1	1107	2470055	974	300	983	299	9.06	1	-9.99	-0.49	0.00	0.00
1	1108	2470096	974	300	983	299	9.06	1	-9.99	-0.48	0.00	0.00
1	1109	2470136	973	300	983	299	10.05	0	-9.99	-0.47	0.00	0.00
1	1110	2470177	973	300	983	299	10.05	0	-9.99	-0.45	0.00	0.00
1	1111	2470218	973	300	983	299	10.05	0	-9.99	-0.44	-78.00	0.00
1	1112	2470259	972	300	980	299	8.06	1	-9.99	-0.42	-147.00	0.00
1	1113	2470299	972	300	974	299	2.24	1	-9.99	-0.41	-156.00	0.00
1	1114	2470340	971	300	969	299	2.24	1	-9.99	-0.40	-131.00	0.00
1	1115	2470381	971	300	963	299	8.06	1	-9.99	-0.38	0.00	0.00
1	1116	2470422	971	300	963	299	8.06	1	-9.99	-0.37	0.00	0.00
1	1117	2470462	970	300	963	299	7.07	1	-9.99	-0.36	0.00	0.00
1	1118	2470503	970	300	963	299	7.07	1	-9.99	-0.34	0.00	0.00
1	1119	2470544	969	300	963	299	6.08	1	-9.99	-0.33	0.00	0.00
1	1120	2470585	969	300	963	299	6.08	1	-10.00	-0.32	0.00	0.00
1	1121	2470626	969	300	963	299	6.08	1	-10.00	-0.30	0.00	0.00
1	1122	2470666	968	300	963	299	5.10	1	-10.00	-0.29	0.00	0.00
1	1123	2470707	968	300	963	299	5.10	1	-10.00	-0.27	0.00	0.00
1	1124	2470748	967	300	963	299	4.12	1	-10.00	-0.26	0.00	0.00
1	1125	2470789	967	300	963	299	4.12	1	-10.00	-0.25	0.00	0.00
1	1126	2470830	967	300	963	299	4.12	1	-10.00	-0.23	0.00	0.00
1	1127	2470871	966	300	963	299	3.16	1	-10.00	-0.22	0.00	0.00
1	1128	2470912	966	300	963	299	3.16	1	-10.00	-0.20	0.00	0.00
1	1129	2470952	965	300	963	299	2.24	1	-10.00	-0.19	29.00	0.00
1	1130	2470993	965	300	964	299	1.41	1	-10.00	-0.18	34.00	0.00
1	1131	2471034	964	300	966	299	2.24	1	-10.00	-0.17	34.00	0.00
1	1132	2471075	964	300	967	299	3.16	1	-10.00	-0.15	0.00	0.00
1	1133	2471116	964	300	967	299	3.16	1	-10.00	-0.14	0.00	0.00
1	1134	2471157	963	300	967	299	4.12	1	-10.00	-0.12	0.00	0.00
1	1135	2471198	963	300	967	299	4.12	1	-10.00	-0.11	0.00	0.00
1	1136	2471239	962	300	967	299	5.10	1	-10.00	-0.10	0.00	0.00
1	1137	2471279	962	300	967	299	5.10	1	-10.00	-0.08	0.00	0.00
1	1138	2471319	962	300	967	299	5.10	1	-10.00	-0.07	-175.00	0.00
1	1139	2471360	961	300	959	299	2.24	1	-10.00	-0.05	-200.00	0.00
1	1140	2471401	961	300	953	299	8.06	1	-10.00	-0.04	-200.00	0.00
1	1141	2471441	960	300	944	299	16.03	0	-10.00	-0.03	-79.00	0.00
1	1142	2471482	960	300	941	299	19.03	0	-10.00	-0.01	0.00	0.00
1	1143	2471523	960	300	941	299	19.03	0	-10.00	-0.00	0.00	0.00
1	1144	2471563	959	300	941	299	18.03	0	-10.00	0.01	0.00	0.00
1	1145	2471604	959	300	941	299	18.03	0	-10.00	0.03	0.00	0.00
1	1146	2471644	958	300	941	299	17.03	0	-10.00	0.04	0.00	0.00
1	1147	2471685	958	300	941	299	17.03	0	-10.00	0.05	0.00	0.00
1	1148	2471726	957	300	941	299	16.03	0	-10.00	0.07	0.00	0.00
1	1149	2471766	957	300	941	299	16.03	0	-10.00	0.08	24.00	0.00
1	1150	2471807	957	300	942	299	15.03	0	-10.00	0.10	67.00	0.00
1	1151	2471847	956	300	944	299	12.04	0	-10.00	0.11	83.00	0.00
1	1152	2471888	956	300	948	299	8.06	1	-10.00	0.12	94.00	0.00
1	1153	2471929	955	300	952	299	3.16	1	-10.00	0.14	75.00	0.00
1	1154	2471969	955	300	955	299	1.00	1	-10.00	0.15	0.00	0.00
1	1155	2472010	955	300	955	299	1.00	1	-10.00	0.17	0.00	0.00
1	1156	2472050	954	300	955	299	1.41	1	-10.00	0.18	0.00	0.00
1	1157	2472091	954	300	955	299	1.41	1	-10.00	0.19	0.00	0.00
1	1158	2472132	953	300	955	299	2.24	1	-10.00	0.20	0.00	0.00
1	1159	2472173	953	300	955	299	2.24	1	-10.00	0.22	0.00	0.00
1	1160	2472214	952	300	955	299	3.16	1	-10.00	0.23	0.00	0.00
1	1161	2472254	952	300	955	299	3.16	1	-10.00	0.25	0.00	0.00
1	1162	2472295	952	300	955	299	3.16	1	-10.00	0.26	0.00	0.00
1	1163	2472336	951	300	955	299	4.12	1	-10.00	0.27	0.00	0.00
1	1164	2472377	951	300	955	299	4.12	1	-10.00	0.29	0.00	0.00
1	1165	2472418	951	300	955	299	4.12	1	-10.00	0.30	0.00	0.00
1	1166	2472459	950	300	955	299	5.10	1	-10.00	0.31	-86.00	0.00
1	1167	2472500	950	300	951	299	1.41	1	-9.99	0.33	-200.00	0.00
1	1168	2472541	949	300	942	299	7.07	1	-9.99	0.34	-200.00	0.00
1	1169	2472582	949	300	934	299	15.03	0	-9.99	0.36	-189.00	0.00
1	1170	2472623	948	300	928	299	20.02	0	-9.99	0.37	0.00	0.00
1	1171	2472664	948	300	928	299	20.02	0	-9.99	0.38	0.00	0.00
1	1172	2472705	948	300	928	299	20.02	0	-9.99	0.40	0.00	0.00
1	1173	2472746	947	300	928	299	19.03	0	-9.99	0.41	0.00	0.00
1	1174	2472787	947	300	928	299	19.03	0	-9.99	0.42	0.00	0.00
1	1175	2472828	946	300	928	299	18.03	0	-9.99	0.44	0.00	0.00
1	1176	2472869	946	300	928	299	18.03	0	-9.99	0.45	0.00	0.00
1	1177	2472909	946	300	928	299	18.03	0	-9.99	0.47	0.00	0.00
1	1178	2472949	945	300	928	299	17.03	0	-9.99	0.48	39.00	0.00
1	1179	2472990	945	300	930	299	15.03	0	-9.99	0.49	61.00	0.00
1	1180	2473031	944	300	932	299	12.04	0	-9.99	0.50	66.00	0.00
1	1181	2473071	944	300	935	299	9.06	1	-9.99	0.52	64.00	0.00
1	1182	2473112	944	300	938	299	6.08	1	-9.99	0.53	72.00	0.00
1	1183	2473153	943	300	941	299	2.24	1	-9.98	0.55	83.00	0.00
1	1184	2473193	943	300	944	299	1.41	1	-9.98	0.56	83.00	0.00
1	1185	2473234	942	300	947	299	5.10	1	-9.98	0.57	0.00	0.00
1	1186	2473275	942	300	947	299	5.10	1	-9.98	0.59	0.00	0.00
1	1187	2473316	941	300	947	299	6.08	1	-9.98	0.60	0.00	0.00
1	1188	2473357	941	300	947	299	6.08	1	-9.98	0.62	0.00	0.00
1	1189	2473398	941	300	947	299	6.08	1	-9.98	0.63	0.00	0.00
1	1190	2473439	940	300	947	299	7.07	1	-9.98	0.64	0.00	0.00
1	1191	2473480	940	300	947	299	7.07	1	-9.98	0.66	0.00	0.00
1	1192	2473521	939	300	947	299	8.06	1	-9.98	0.67	-100.00	0.00
1	1193	2473562	939	300	943	299	4.12	1	-9.98	0.68	-200.00	0.00
1	1194	2473603	939	300	937	299	2.24	1	-9.98	0.69	-200.00	0.00
1	1195	2473644	938	300	928	299	10.05	0	-9.97	0.71	0.00	0.00
1	1196	2473685	938	300	928	299	10.05	0	-9.97	0.72	0.00	0.00
1	1197	2473726	937	300	928	299	9.06	1	-9.97	0.74	0.00	0.00
1	1198	2473767	937	300	928	299	9.06	1	-9.97	0.75	0.00	0.00
1	1199	2473808	937	300	928	299	9.06	1	-9.97	0.77	0.00	0.00
1	1200	2473848	936	300	928	299	8.06	1	-9.97	0.78	0.00	0.00
1	1201	2473889	936	300	928	299	8.06	1	-9.97	0.79	0.00	0.00
1	1202	2473929	935	300	928	299	7.07	1	-9.97	0.81	31.00	0.00
1	1203	2473970	935	301	929	299	6.32	1	-9.97	0.82	63.00	0.00
1	1204	2474011	934	301	932	299	2.83	1	-9.97	0.83	77.00	0.00
1	1205	2474051	934	301	935	299	2.24	1	-9.96	0.84	79.00	0.00
1	1206	2474092	934	301	938	299	4.47	1	-9.96	0.86	61.00	0.00
1	1207	2474133	933	301	941	299	8.25	1	-9.96	0.87	0.00	0.00
1	1208	2474173	933	301	941	299	8.25	1	-9.96	0.89	0.00	0.00
1	1209	2474214	932	301	941	299	9.22	1	-9.96	0.90	0.00	0.00
1	1210	2474255	932	301	941	299	9.22	1	-9.96	0.91	0.00	0.00
1	1211	2474295	932	301	941	299	9.22	1	-9.96	0.93	0.00	0.00
1	1212	2474336	931	301	941	299	10.20	0	-9.96	0.94	0.00	0.00
1	1213	2474377	931	301	941	299	10.20	0	-9.95	0.96	0.00	0.00
1	1214	2474418	930	301	941	299	11.18	0	-9.95	0.97	0.00	0.00
1	1215	2474458	930	301	941	299	11.18	0	-9.95	0.98	-100.00	0.00
1	1216	2474499	930	301	936	299	6.32	1	-9.95	0.99	-200.00	0.00
1	1217	2474539	929	301	928	299	2.24	1	-9.95	1.01	-196.00	0.00
1	1218	2474580	929	301	919	299	10.20	0	-9.95	1.02	0.00	0.00
1	1219	2474621	928	301	919	299	9.22	1	-9.95	1.04	0.00	0.00
1	1220	2474662	928	301	919	299	9.22	1	-9.94	1.05	0.00	0.00
1	1221	2474702	928	301	919	299	9.22	1	-9.94	1.06	0.00	0.00
1	1222	2474743	927	301	919	299	8.25	1	-9.94	1.08	0.00	0.00
1	1223	2474783	927	301	919	299	8.25	1	-9.94	1.09	0.00	0.00
1	1224	2474824	926	301	919	299	7.28	1	-9.94	1.11	0.00	0.00
1	1225	2474865	926	301	919	299	7.28	1	-9.94	1.12	0.00	0.00
1	1226	2474905	926	301	919	299	7.28	1	-9.94	1.13	0.00	0.00
1	1227	2474946	925	301	919	299	6.32	1	-9.93	1.14	0.00	66.00
1	1228	2474987	925	302	919	302	6.00	1	-9.93	1.16	0.00	117.00
1	1229	2475028	924	302	919	307	7.07	1	-9.93	1.17	0.00	117.00
1	1230	2475069	924	302	919	312	11.18	0	-9.93	1.19	0.00	48.00
1	1231	2475110	924	302	919	313	12.08	0	-9.93	1.20	0.00	0.00
1	1232	2475151	923	302	919	313	11.70	0	-9.93	1.21	0.00	0.00
1	1233	2475192	923	302	919	313	11.70	0	-9.92	1.23	0.00	0.00
1	1234	2475233	922	302	919	313	11.40	0	-9.92	1.24	0.00	0.00
1	1235	2475274	922	302	919	313	11.40	0	-9.92	1.25	0.00	0.00
1	1236	2475315	921	302	919	313	11.18	0	-9.92	1.27	0.00	0.00
1	1237	2475355	921	302	919	313	11.18	0	-9.92	1.28	0.00	0.00
1	1238	2475396	921	302	919	313	11.18	0	-9.92	1.29	0.00	0.00
1	1239	2475436	920	302	919	313	11.05	0	-9.91	1.31	0.00	0.00
1	1240	2475477	920	302	919	313	11.05	0	-9.91	1.32	-45.00	0.00
1	1241	2475518	919	302	917	313	11.18	0	-9.91	1.34	0.00	0.00
1	1242	2475559	919	302	917	313	11.18	0	-9.91	1.35	0.00	0.00
1	1243	2475600	919	302	917	313	11.18	0	-9.91	1.36	0.00	0.00
1	1244	2475641	918	302	917	313	11.05	0	-9.90	1.38	0.00	0.00
1	1245	2475682	918	302	917	313	11.05	0	-9.90	1.39	0.00	0.00
1	1246	2475723	917	302	917	313	11.00	0	-9.90	1.40	0.00	0.00
1	1247	2475763	917	303	917	313	10.00	0	-9.90	1.41	0.00	0.00
1	1248	2475804	917	303	917	313	10.00	0	-9.90	1.43	-81.00	-30.00
1	1249	2475846	916	303	914	312	9.22	1	-9.90	1.44	-71.00	-27.00
1	1250	2475887	916	303	911	311	9.43	1	-9.89	1.46	0.00	0.00
1	1251	2475928	915	303	911	311	8.94	1	-9.89	1.47	0.00	0.00
1	1252	2475969	915	303	911	311	8.94	1	-9.89	1.49	0.00	0.00
1	1253	2476010	915	303	911	311	8.94	1	-9.89	1.50	0.00	0.00
1	1254	2476051	914	303	911	311	8.54	1	-9.89	1.51	0.00	0.00
1	1255	2476092	914	303	911	311	8.54	1	-9.88	1.52	0.00	0.00
1	1256	2476133	913	303	911	311	8.25	1	-9.88	1.54	0.00	0.00
1	1257	2476174	913	303	911	311	8.25	1	-9.88	1.55	-73.00	0.00
1	1258	2476215	912	303	908	311	8.94	1	-9.88	1.57	-138.00	0.00
1	1259	2476256	912	303	903	311	12.04	0	-9.87	1.58	-144.00	0.00
1	1260	2476297	912	303	897	311	17.00	0	-9.87	1.59	-95.00	0.00
1	1261	2476338	911	303	893	311	19.70	0	-9.87	1.61	0.00	0.00
1	1262	2476379	911	303	893	311	19.70	0	-9.87	1.62	0.00	0.00
1	1263	2476420	910	304	893	311	18.38	0	-9.87	1.63	0.00	0.00
1	1264	2476461	910	304	893	311	18.38	0	-9.86	1.65	0.00	0.00
1	1265	2476502	910	304	893	311	18.38	0	-9.86	1.66	0.00	0.00
1	1266	2476543	909	304	893	311	17.46	0	-9.86	1.67	0.00	0.00
1	1267	2476584	909	304	893	311	17.46	0	-9.86	1.69	0.00	0.00
1	1268	2476625	908	304	893	311	16.55	0	-9.85	1.70	0.00	0.00
1	1269	2476665	908	304	893	311	16.55	0	-9.85	1.71	0.00	0.00
1	1270	2476706	908	304	893	311	16.55	0	-9.85	1.73	0.00	0.00
1	1271	2476747	907	304	893	311	15.65	0	-9.85	1.74	34.00	0.00
1	1272	2476788	907	304	895	311	13.89	0	-9.84	1.75	34.00	0.00
1	1273	2476829	906	304	896	311	12.21	0	-9.84	1.77	34.00	0.00
1	1274	2476870	906	304	897	311	11.40	0	-9.84	1.78	34.00	0.00
1	1275	2476911	906	304	899	311	9.90	1	-9.84	1.79	34.00	0.00
1	1276	2476951	905	304	900	311	8.60	1	-9.84	1.81	34.00	0.00
1	1277	2476992	905	305	901	311	7.21	1	-9.83	1.82	0.00	0.00
1	1278	2477033	904	305	901	311	6.71	1	-9.83	1.84	0.00	0.00
1	1279	2477074	904	305	901	311	6.71	1	-9.83	1.85	0.00	0.00
1	1280	2477115	904	305	901	311	6.71	1	-9.83	1.86	0.00	0.00
1	1281	2477156	903	305	901	311	6.32	1	-9.82	1.87	0.00	0.00
1	1282	2477197	903	305	901	311	6.32	1	-9.82	1.89	0.00	0.00
1	1283	2477237	902	305	901	311	6.08	1	-9.82	1.90	0.00	0.00
1	1284	2477278	902	305	901	311	6.08	1	-9.81	1.92	0.00	0.00
1	1285	2477319	902	305	901	311	6.08	1	-9.81	1.93	0.00	0.00
1	1286	2477360	901	305	901	311	6.00	1	-9.81	1.94	0.00	0.00
1	1287	2477401	901	305	901	311	6.00	1	-9.81	1.96	0.00	0.00
1	1288	2477442	900	305	901	311	6.08	1	-9.80	1.97	0.00	0.00
1	1289	2477483	900	305	901	311	6.08	1	-9.80	1.98	0.00	0.00
1	1290	2477524	900	306	901	311	5.10	1	-9.80	2.00	0.00	0.00
1	1291	2477565	899	306	901	311	5.39	1	-9.80	2.01	0.00	0.00
1	1292	2477606	899	306	901	311	5.39	1	-9.79	2.02	0.00	0.00
1	1293	2477647	898	306	901	311	5.83	1	-9.79	2.04	0.00	0.00
1	1294	2477688	898	306	901	311	5.83	1	-9.79	2.05	0.00	0.00
1	1295	2477729	898	306	901	311	5.83	1	-9.79	2.06	0.00	0.00
1	1296	2477770	897	306	901	311	6.40	1	-9.78	2.08	0.00	0.00
1	1297	2477811	897	306	901	311	6.40	1	-9.78	2.09	0.00	0.00
1	1298	2477852	896	306	901	311	7.07	1	-9.78	2.10	-54.00	0.00
1	1299	2477893	896	306	899	311	5.83	1	-9.77	2.12	-92.00	0.00
1	1300	2477934	896	306	895	311	5.10	1	-9.77	2.13	-90.00	0.00
1	1301	2477975	895	306	892	311	5.83	1	-9.77	2.14	-56.00	0.00
1	1302	2478016	895	307	890	311	6.40	1	-9.76	2.16	0.00	0.00
1	1303	2478057	894	307	890	311	5.66	1	-9.76	2.17	0.00	0.00
1	1304	2478098	894	307	890	311	5.66	1	-9.76	2.18	0.00	0.00
1	1305	2478139	894	307	890	311	5.66	1	-9.76	2.20	0.00	0.00
1	1306	2478180	893	307	890	311	5.00	1	-9.75	2.21	0.00	0.00
1	1307	2478221	893	307	890	311	5.00	1	-9.75	2.22	0.00	0.00
1	1308	2478262	892	307	890	311	4.47	1	-9.75	2.24	0.00	0.00
1	1309	2478303	892	307	890	311	4.47	1	-9.74	2.25	0.00	0.00
1	1310	2478344	892	307	890	311	4.47	1	-9.74	2.27	0.00	0.00
1	1311	2478385	891	307	890	311	4.12	1	-9.74	2.28	0.00	0.00
1	1312	2478426	891	307	890	311	4.12	1	-9.73	2.29	0.00	0.00
1	1313	2478467	890	308	890	311	3.00	1	-9.73	2.30	0.00	0.00
1	1314	2478508	890	308	890	311	3.00	1	-9.73	2.32	0.00	0.00
1	1315	2478549	890	308	890	311	3.00	1	-9.72	2.33	0.00	0.00
1	1316	2478590	889	308	890	311	3.16	1	-9.72	2.34	0.00	0.00
1	1317	2478631	889	308	890	311	3.16	1	-9.72	2.36	0.00	0.00
1	1318	2478672	888	308	890	311	3.61	1	-9.72	2.37	0.00	0.00
1	1319	2478713	888	308	890	311	3.61	1	-9.71	2.38	0.00	0.00
1	1320	2478754	888	308	890	311	3.61	1	-9.71	2.40	0.00	0.00
1	1321	2478795	887	308	890	311	4.24	1	-9.71	2.41	0.00	0.00
1	1322	2478836	887	308	890	311	4.24	1	-9.70	2.42	0.00	0.00
1	1323	2478877	886	309	890	311	4.47	1	-9.70	2.44	0.00	0.00
1	1324	2478918	886	309	890	311	4.47	1	-9.70	2.45	0.00	0.00
1	1325	2478959	886	309	890	311	4.47	1	-9.69	2.46	0.00	0.00
1	1326	2479000	885	309	890	311	5.39	1	-9.69	2.47	0.00	0.00
1	1327	2479041	885	309	890	311	5.39	1	-9.69	2.49	0.00	0.00
1	1328	2479082	884	309	890	311	6.32	1	-9.68	2.50	0.00	0.00
1	1329	2479123	884	309	890	311	6.32	1	-9.68	2.52	0.00	0.00
1	1330	2479164	884	309	890	311	6.32	1	-9.67	2.53	0.00	0.00
1	1331	2479205	883	309	890	311	7.28	1	-9.67	2.54	0.00	-30.00
1	1332	2479246	883	309	890	310	7.07	1	-9.67	2.56	-63.00	-62.00
1	1333	2479287	882	310	887	307	5.83	1	-9.66	2.57	0.00	0.00
1	1334	2479328	882	310	887	307	5.83	1	-9.66	2.58	0.00	0.00
1	1335	2479369	882	310	887	307	5.83	1	-9.66	2.60	0.00	0.00
1	1336	2479410	881	310	887	307	6.71	1	-9.65	2.61	0.00	0.00
1	1337	2479451	881	310	887	307	6.71	1	-9.65	2.62	0.00	0.00
1	1338	2479492	880	310	887	307	7.62	1	-9.65	2.63	0.00	0.00
1	1339	2479533	880	310	887	307	7.62	1	-9.64	2.65	0.00	0.00
1	1340	2479574	880	310	887	307	7.62	1	-9.64	2.66	0.00	51.00
1	1341	2479615	879	310	887	309	8.06	1	-9.64	2.67	0.00	114.00
1	1342	2479656	879	311	887	314	8.54	1	-9.63	2.69	0.00	137.00
1	1343	2479697	878	311	887	320	12.73	0	-9.63	2.70	0.00	137.00
1	1344	2479737	878	311	887	325	16.64	0	-9.62	2.71	0.00	0.00
1	1345	2479778	878	311	887	325	16.64	0	-9.62	2.73	0.00	0.00
1	1346	2479819	877	311	887	325	17.20	0	-9.62	2.74	0.00	0.00
1	1347	2479860	877	311	887	325	17.20	0	-9.61	2.75	0.00	0.00
1	1348	2479901	877	311	887	325	17.20	0	-9.61	2.77	0.00	0.00
1	1349	2479942	876	311	887	325	17.80	0	-9.61	2.78	-49.00	0.00
1	1350	2479983	876	311	885	325	16.64	0	-9.60	2.79	-200.00	-139.00
1	1351	2480024	875	312	879	321	9.85	1	-9.60	2.80	-200.00	-149.00
1	1352	2480065	875	312	870	315	5.83	1	-9.59	2.82	-200.00	-149.00
1	1353	2480106	875	312	862	308	13.60	0	-9.59	2.83	0.00	0.00
1	1354	2480147	874	312	862	308	12.65	0	-9.59	2.85	0.00	0.00
1	1355	2480188	874	312	862	308	12.65	0	-9.58	2.86	0.00	0.00
1	1356	2480229	873	312	862	308	11.70	0	-9.58	2.87	0.00	0.00
1	1357	2480270	873	312	862	308	11.70	0	-9.58	2.88	0.00	0.00
1	1358	2480311	873	312	862	308	11.70	0	-9.57	2.90	0.00	0.00
1	1359	2480352	872	312	862	308	10.77	0	-9.57	2.91	0.00	0.00
1	1360	2480393	872	313	862	308	11.18	0	-9.56	2.92	0.00	0.00
1	1361	2480434	871	313	862	308	10.30	0	-9.56	2.94	0.00	0.00
1	1362	2480475	871	313	862	308	10.30	0	-9.56	2.95	0.00	0.00
1	1363	2480516	871	313	862	308	10.30	0	-9.55	2.96	0.00	0.00
1	1364	2480557	870	313	862	308	9.43	1	-9.55	2.98	39.00	0.00
1	1365	2480598	870	313	863	308	8.60	1	-9.54	2.99	58.00	0.00
1	1366	2480639	869	313	866	308	5.83	1	-9.54	3.00	45.00	0.00
1	1367	2480680	869	313	868	308	5.10	1	-9.53	3.02	0.00	0.00
1	1368	2480721	869	314	868	308	6.08	1	-9.53	3.03	0.00	0.00
1	1369	2480762	868	314	868	308	6.00	1	-9.53	3.04	0.00	0.00
1	1370	2480803	868	314	868	308	6.00	1	-9.52	3.05	0.00	0.00
1	1371	2480844	867	314	868	308	6.08	1	-9.52	3.07	0.00	0.00
1	1372	2480884	867	314	868	308	6.08	1	-9.51	3.08	0.00	0.00
1	1373	2480925	867	314	868	308	6.08	1	-9.51	3.09	0.00	0.00
1	1374	2480966	866	314	868	308	6.32	1	-9.51	3.10	0.00	101.00
1	1375	2481007	866	314	868	313	2.24	1	-9.50	3.12	0.00	126.00
1	1376	2481048	866	315	868	318	3.61	1	-9.50	3.13	0.00	114.00
1	1377	2481089	865	315	868	323	8.54	1	-9.49	3.15	0.00	0.00
1	1378	2481130	865	315	868	323	8.54	1	-9.49	3.16	0.00	0.00
1	1379	2481171	864	315	868	323	8.94	1	-9.48	3.17	0.00	0.00
1	1380	2481212	864	315	868	323	8.94	1	-9.48	3.18	0.00	0.00
1	1381	2481253	864	315	868	323	8.94	1	-9.48	3.20	0.00	0.00
1	1382	2481294	863	315	868	323	9.43	1	-9.47	3.21	0.00	0.00
1	1383	2481335	863	316	868	323	8.60	1	-9.47	3.22	-126.00	0.00
1	1384	2481376	862	316	863	323	7.07	1	-9.46	3.23	-200.00	-78.00
1	1385	2481417	862	316	855	320	8.06	1	-9.46	3.25	-197.00	-78.00
1	1386	2481458	862	316	846	316	16.00	0	-9.45	3.26	0.00	0.00
1	1387	2481499	861	316	846	316	15.00	0	-9.45	3.28	0.00	0.00
1	1388	2481540	861	316	846	316	15.00	0	-9.44	3.29	0.00	0.00
1	1389	2481581	861	316	846	316	15.00	0	-9.44	3.30	0.00	0.00
1	1390	2481622	860	316	846	316	14.00	0	-9.44	3.31	0.00	0.00
1	1391	2481663	860	317	846	316	14.04	0	-9.43	3.33	0.00	0.00
1	1392	2481704	859	317	846	316	13.04	0	-9.43	3.34	0.00	0.00
1	1393	2481745	859	317	846	316	13.04	0	-9.42	3.35	29.00	0.00
1	1394	2481786	859	317	848	316	11.05	0	-9.42	3.37	72.00	0.00
1	1395	2481827	858	317	850	316	8.06	1	-9.41	3.38	107.00	0.00
1	1396	2481868	858	317	855	316	3.16	1	-9.41	3.39	128.00	0.00
1	1397	2481909	857	317	860	316	3.16	1	-9.40	3.40	129.00	0.00
1	1398	2481950	857	318	866	316	9.22	1	-9.40	3.42	0.00	0.00
1	1399	2481991	857	318	866	316	9.22	1	-9.39	3.43	0.00	0.00
1	1400	2482032	856	318	866	316	10.20	0	-9.39	3.44	0.00	0.00
1	1401	2482073	856	318	866	316	10.20	0	-9.38	3.45	0.00	0.00
1	1402	2482114	855	318	866	316	11.18	0	-9.38	3.47	0.00	0.00
1	1403	2482155	855	318	866	316	11.18	0	-9.37	3.48	0.00	0.00
1	1404	2482196	855	318	866	316	11.18	0	-9.37	3.49	0.00	0.00
1	1405	2482237	854	319	866	316	12.37	0	-9.36	3.51	-117.00	0.00
1	1406	2482278	854	319	862	316	8.54	1	-9.36	3.52	-200.00	0.00
1	1407	2482319	854	319	853	316	3.16	1	-9.36	3.53	-200.00	0.00
1	1408	2482360	853	319	845	316	8.54	1	-9.35	3.54	-167.00	0.00
1	1409	2482401	853	319	838	316	15.30	0	-9.35	3.56	0.00	0.00
1	1410	2482441	852	319	838	316	14.32	0	-9.34	3.57	0.00	0.00
1	1411	2482482	852	319	838	316	14.32	0	-9.34	3.58	0.00	0.00
1	1412	2482523	852	320	838	316	14.56	0	-9.33	3.59	0.00	0.00
1	1413	2482564	851	320	838	316	13.60	0	-9.33	3.61	0.00	0.00
1	1414	2482605	851	320	838	316	13.60	0	-9.32	3.62	0.00	0.00
1	1415	2482646	850	320	838	316	12.65	0	-9.32	3.63	0.00	0.00
1	1416	2482687	850	320	838	316	12.65	0	-9.31	3.64	24.00	0.00
1	1417	2482728	850	320	839	316	11.70	0	-9.31	3.66	66.00	0.00
1	1418	2482769	849	320	842	316	8.06	1	-9.30	3.67	102.00	0.00
1	1419	2482810	849	321	846	316	5.83	1	-9.30	3.68	120.00	0.00
1	1420	2482851	849	321	852	316	5.83	1	-9.29	3.70	120.00	0.00
1	1421	2482892	848	321	855	316	8.60	1	-9.29	3.71	63.00	0.00
1	1422	2482933	848	321	858	316	11.18	0	-9.28	3.72	0.00	0.00
1	1423	2482974	847	321	858	316	12.08	0	-9.28	3.74	0.00	0.00
1	1424	2483015	847	321	858	316	12.08	0	-9.27	3.75	0.00	0.00
1	1425	2483056	847	322	858	316	12.53	0	-9.27	3.76	0.00	0.00
1	1426	2483097	846	322	858	316	13.42	0	-9.26	3.77	0.00	0.00
1	1427	2483138	846	322	858	316	13.42	0	-9.26	3.79	0.00	0.00
1	1428	2483179	846	322	858	316	13.42	0	-9.25	3.80	-67.00	0.00
1	1429	2483220	845	322	855	316	11.66	0	-9.24	3.81	-73.00	0.00
1	1430	2483261	845	322	852	316	9.22	1	-9.24	3.83	0.00	0.00
1	1431	2483302	844	322	852	316	10.00	0	-9.24	3.84	0.00	0.00
1	1432	2483343	844	323	852	316	10.63	0	-9.23	3.85	0.00	0.00
1	1433	2483384	844	323	852	316	10.63	0	-9.22	3.86	0.00	0.00
1	1434	2483425	843	323	852	316	11.40	0	-9.22	3.88	0.00	0.00
1	1435	2483466	843	323	852	316	11.40	0	-9.21	3.89	-48.00	40.00
1	1436	2483507	843	323	851	318	9.43	1	-9.21	3.90	-82.00	61.00
1	1437	2483548	842	323	847	320	5.83	1	-9.20	3.91	-81.00	63.00
1	1438	2483589	842	324	844	323	2.24	1	-9.20	3.92	0.00	0.00
1	1439	2483630	841	324	844	323	3.16	1	-9.19	3.94	0.00	0.00
1	1440	2483671	841	324	844	323	3.16	1	-9.19	3.95	0.00	0.00
1	1441	2483712	841	324	844	323	3.16	1	-9.18	3.96	0.00	0.00
1	1442	2483753	840	324	844	323	4.12	1	-9.18	3.97	0.00	0.00
1	1443	2483794	840	324	844	323	4.12	1	-9.17	3.99	0.00	0.00
1	1444	2483836	839	325	844	323	5.39	1	-9.17	4.00	0.00	0.00
1	1445	2483877	839	325	844	323	5.39	1	-9.16	4.01	0.00	0.00
1	1446	2483918	839	325	844	323	5.39	1	-9.15	4.03	0.00	0.00
1	1447	2483959	838	325	844	323	6.32	1	-9.15	4.04	0.00	0.00
1	1448	2484000	838	325	844	323	6.32	1	-9.14	4.05	0.00	0.00
1	1449	2484041	838	325	844	323	6.32	1	-9.14	4.06	0.00	0.00
1	1450	2484082	837	326	844	323	7.62	1	-9.13	4.08	0.00	0.00
1	1451	2484123	837	326	844	323	7.62	1	-9.13	4.09	-75.00	50.00
1	1452	2484164	836	326	840	325	4.12	1	-9.12	4.10	-95.00	67.00
1	1453	2484205	836	326	837	327	1.41	1	-9.12	4.11	-62.00	32.00
1	1454	2484246	836	326	835	328	2.24	1	-9.11	4.12	0.00	0.00
1	1455	2484287	835	326	835	328	2.00	1	-9.10	4.14	0.00	0.00
1	1456	2484328	835	327	835	328	1.00	1	-9.10	4.15	0.00	0.00
1	1457	2484369	835	327	835	328	1.00	1	-9.09	4.16	0.00	0.00
1	1458	2484410	834	327	835	328	1.41	1	-9.09	4.18	0.00	0.00
1	1459	2484451	834	327	835	328	1.41	1	-9.08	4.19	0.00	0.00
1	1460	2484492	834	327	835	328	1.41	1	-9.08	4.20	0.00	0.00
1	1461	2484533	833	327	835	328	2.24	1	-9.07	4.21	0.00	0.00
1	1462	2484574	833	328	835	328	2.00	1	-9.06	4.23	0.00	0.00
1	1463	2484615	832	328	835	328	3.00	1	-9.06	4.24	0.00	0.00
