Pra_Test	PointNum	PointTime	ObjPointX	ObjPointY	PostPointX	PostPointY	Distance	Hit	ObjSpeedX	ObjSpeedY	PostSpeedX	PostSpeedY
1	1	3403217	1259	597	960	600	299.02	0	-0.04	-5.00	200.00	0.00
1	2	3403258	1259	597	966	600	293.02	0	-0.05	-5.00	200.00	200.00
1	3	3403299	1259	597	974	608	285.21	0	-0.05	-5.00	200.00	200.00
1	4	3403340	1259	596	983	616	276.72	0	-0.05	-5.00	200.00	200.00
1	5	3403380	1259	596	992	625	268.57	0	-0.06	-5.00	200.00	200.00
1	6	3403420	1259	596	1000	633	261.63	0	-0.06	-5.00	200.00	0.00
1	7	3403461	1259	596	1006	633	255.69	0	-0.06	-5.00	0.00	0.00
1	8	3403502	1259	595	1006	633	255.84	0	-0.07	-5.00	0.00	0.00
1	9	3403543	1259	595	1006	633	255.84	0	-0.07	-5.00	0.00	0.00
1	10	3403583	1259	595	1006	633	255.84	0	-0.07	-5.00	0.00	0.00
1	11	3403624	1259	595	1006	633	255.84	0	-0.08	-5.00	0.00	0.00
1	12	3403665	1259	595	1006	633	255.84	0	-0.08	-5.00	0.00	0.00
1	13	3403705	1259	594	1006	633	255.99	0	-0.08	-5.00	0.00	0.00
1	14	3403746	1259	594	1006	633	255.99	0	-0.09	-5.00	0.00	0.00
1	15	3403787	1259	594	1006	633	255.99	0	-0.09	-5.00	0.00	0.00
1	16	3403828	1259	594	1006	633	255.99	0	-0.09	-5.00	0.00	0.00
1	17	3403869	1259	594	1006	633	255.99	0	-0.10	-5.00	0.00	0.00
1	18	3403909	1259	593	1006	633	256.14	0	-0.10	-5.00	0.00	0.00
1	19	3403950	1259	593	1006	633	256.14	0	-0.10	-5.00	0.00	0.00
1	20	3403991	1259	593	1006	633	256.14	0	-0.11	-5.00	0.00	0.00
1	21	3404032	1259	593	1006	633	256.14	0	-0.11	-5.00	0.00	0.00
1	22	3404072	1259	593	1006	633	256.14	0	-0.12	-5.00	0.00	0.00
1	23	3404113	1259	592	1006	633	256.30	0	-0.12	-5.00	0.00	0.00
1	24	3404153	1259	592	1006	633	256.30	0	-0.12	-5.00	0.00	0.00
1	25	3404194	1259	592	1006	633	256.30	0	-0.12	-5.00	0.00	0.00
1	26	3404234	1259	592	1006	633	256.30	0	-0.13	-5.00	0.00	0.00
1	27	3404275	1259	592	1006	633	256.30	0	-0.13	-5.00	0.00	0.00
1	28	3404316	1259	591	1006	633	256.46	0	-0.14	-5.00	0.00	0.00
1	29	3404356	1259	591	1006	633	256.46	0	-0.14	-5.00	0.00	0.00
1	30	3404396	1259	591	1006	633	256.46	0	-0.14	-5.00	0.00	0.00
1	31	3404437	1259	591	1006	633	256.46	0	-0.15	-5.00	0.00	0.00
1	32	3404478	1259	591	1006	633	256.46	0	-0.15	-5.00	0.00	0.00
1	33	3404519	1259	590	1006	633	256.63	0	-0.15	-5.00	0.00	0.00
1	34	3404562	1259	590	1006	633	256.63	0	-0.16	-5.00	0.00	0.00
1	35	3404602	1259	590	1006	633	256.63	0	-0.16	-5.00	0.00	0.00
1	36	3404643	1259	590	1006	633	256.63	0	-0.16	-5.00	0.00	0.00
1	37	3404684	1259	590	1006	633	256.63	0	-0.17	-5.00	0.00	0.00
1	38	3404725	1259	589	1006	633	256.80	0	-0.17	-5.00	0.00	0.00
1	39	3404766	1259	589	1006	633	256.80	0	-0.17	-5.00	0.00	0.00
1	40	3404807	1259	589	1006	633	256.80	0	-0.18	-5.00	0.00	0.00
1	41	3404848	1259	589	1006	633	256.80	0	-0.18	-5.00	0.00	0.00
1	42	3404889	1259	589	1006	633	256.80	0	-0.18	-5.00	0.00	0.00
1	43	3404930	1259	588	1006	633	256.97	0	-0.19	-5.00	0.00	0.00
1	44	3404971	1259	588	1006	633	256.97	0	-0.19	-5.00	0.00	0.00
1	45	3405012	1259	588	1006	633	256.97	0	-0.19	-5.00	0.00	0.00
1	46	3405053	1259	588	1006	633	256.97	0	-0.20	-5.00	0.00	0.00
1	47	3405094	1259	587	1006	633	257.15	0	-0.20	-5.00	0.00	0.00
1	48	3405135	1259	587	1006	633	257.15	0	-0.20	-5.00	0.00	0.00
1	49	3405176	1259	587	1006	633	257.15	0	-0.21	-5.00	0.00	0.00
1	50	3405217	1259	587	1006	633	257.15	0	-0.21	-5.00	0.00	0.00
1	51	3405258	1259	587	1006	633	257.15	0	-0.21	-5.00	0.00	0.00
1	52	3405299	1259	586	1006	633	257.33	0	-0.22	-5.00	0.00	0.00
1	53	3405340	1259	586	1006	633	257.33	0	-0.22	-5.00	0.00	0.00
1	54	3405381	1259	586	1006	633	257.33	0	-0.22	-4.99	0.00	0.00
1	55	3405422	1259	586	1006	633	257.33	0	-0.23	-4.99	0.00	0.00
1	56	3405463	1259	586	1006	633	257.33	0	-0.23	-4.99	0.00	0.00
1	57	3405504	1259	585	1006	633	257.51	0	-0.23	-4.99	0.00	0.00
1	58	3405545	1259	585	1006	633	257.51	0	-0.24	-4.99	0.00	0.00
1	59	3405586	1259	585	1006	633	257.51	0	-0.24	-4.99	0.00	0.00
1	60	3405627	1259	585	1006	633	257.51	0	-0.25	-4.99	0.00	0.00
1	61	3405668	1259	585	1006	633	257.51	0	-0.25	-4.99	0.00	0.00
1	62	3405709	1259	584	1006	633	257.70	0	-0.25	-4.99	0.00	0.00
1	63	3405750	1259	584	1006	633	257.70	0	-0.25	-4.99	0.00	0.00
1	64	3405791	1259	584	1006	633	257.70	0	-0.26	-4.99	0.00	0.00
1	65	3405832	1259	584	1006	633	257.70	0	-0.26	-4.99	0.00	0.00
1	66	3405872	1259	584	1006	633	257.70	0	-0.27	-4.99	0.00	0.00
1	67	3405912	1259	583	1006	633	257.89	0	-0.27	-4.99	0.00	0.00
1	68	3405952	1259	583	1006	633	257.89	0	-0.27	-4.99	0.00	0.00
1	69	3405992	1259	583	1006	633	257.89	0	-0.28	-4.99	0.00	0.00
1	70	3406033	1259	583	1006	633	257.89	0	-0.28	-4.99	0.00	0.00
1	71	3406074	1259	583	1006	633	257.89	0	-0.28	-4.99	0.00	0.00
1	72	3406115	1259	582	1006	633	258.09	0	-0.29	-4.99	0.00	0.00
1	73	3406156	1259	582	1006	633	258.09	0	-0.29	-4.99	0.00	0.00
1	74	3406197	1259	582	1006	633	258.09	0	-0.29	-4.99	0.00	0.00
1	75	3406237	1259	582	1006	633	258.09	0	-0.30	-4.99	0.00	0.00
1	76	3406278	1259	582	1006	633	258.09	0	-0.30	-4.99	0.00	0.00
1	77	3406319	1259	581	1006	633	258.29	0	-0.30	-4.99	0.00	0.00
1	78	3406359	1259	581	1006	633	258.29	0	-0.31	-4.99	0.00	0.00
1	79	3406400	1259	581	1006	633	258.29	0	-0.31	-4.99	0.00	0.00
1	80	3406441	1259	581	1006	633	258.29	0	-0.31	-4.99	0.00	0.00
1	81	3406482	1259	581	1006	633	258.29	0	-0.32	-4.99	0.00	0.00
1	82	3406523	1259	580	1006	633	258.49	0	-0.32	-4.99	0.00	0.00
1	83	3406564	1259	580	1006	633	258.49	0	-0.32	-4.99	0.00	0.00
1	84	3406604	1259	580	1006	633	258.49	0	-0.33	-4.99	0.00	0.00
1	85	3406645	1259	580	1006	633	258.49	0	-0.33	-4.99	0.00	0.00
1	86	3406686	1259	579	1006	633	258.70	0	-0.33	-4.99	0.00	0.00
1	87	3406726	1259	579	1006	633	258.70	0	-0.34	-4.99	0.00	0.00
1	88	3406767	1259	579	1006	633	258.70	0	-0.34	-4.99	0.00	0.00
1	89	3406808	1259	579	1006	633	258.70	0	-0.34	-4.99	0.00	0.00
1	90	3406849	1259	579	1006	633	258.70	0	-0.35	-4.99	0.00	0.00
1	91	3406890	1259	578	1006	633	258.91	0	-0.35	-4.99	0.00	0.00
1	92	3406930	1259	578	1006	633	258.91	0	-0.35	-4.99	0.00	0.00
1	93	3406971	1259	578	1006	633	258.91	0	-0.36	-4.99	0.00	0.00
1	94	3407011	1259	578	1006	633	258.91	0	-0.36	-4.99	0.00	0.00
1	95	3407052	1259	578	1006	633	258.91	0	-0.36	-4.99	0.00	0.00
1	96	3407093	1259	577	1006	633	259.12	0	-0.37	-4.99	0.00	0.00
1	97	3407133	1259	577	1006	633	259.12	0	-0.37	-4.99	0.00	0.00
1	98	3407174	1259	577	1006	633	259.12	0	-0.37	-4.99	0.00	0.00
1	99	3407215	1259	577	1006	633	259.12	0	-0.38	-4.99	0.00	0.00
1	100	3407256	1259	577	1006	633	259.12	0	-0.38	-4.99	0.00	0.00
1	101	3407297	1259	576	1006	633	259.34	0	-0.38	-4.99	0.00	0.00
1	102	3407337	1259	576	1006	633	259.34	0	-0.39	-4.98	0.00	0.00
1	103	3407378	1259	576	1006	633	259.34	0	-0.39	-4.98	0.00	0.00
1	104	3407419	1259	576	1006	633	259.34	0	-0.39	-4.98	0.00	0.00
1	105	3407459	1259	576	1006	633	259.34	0	-0.40	-4.98	0.00	0.00
1	106	3407500	1259	575	1006	633	259.56	0	-0.40	-4.98	0.00	0.00
1	107	3407541	1259	575	1006	633	259.56	0	-0.41	-4.98	0.00	0.00
1	108	3407581	1258	575	1006	633	258.59	0	-0.41	-4.98	0.00	0.00
1	109	3407622	1258	575	1006	633	258.59	0	-0.41	-4.98	0.00	0.00
1	110	3407663	1258	575	1006	633	258.59	0	-0.41	-4.98	0.00	0.00
1	111	3407704	1258	574	1006	633	258.81	0	-0.42	-4.98	0.00	0.00
1	112	3407745	1258	574	1006	633	258.81	0	-0.42	-4.98	0.00	0.00
1	113	3407786	1258	574	1006	633	258.81	0	-0.43	-4.98	0.00	0.00
1	114	3407827	1258	574	1006	633	258.81	0	-0.43	-4.98	0.00	0.00
1	115	3407867	1258	574	1006	633	258.81	0	-0.43	-4.98	0.00	0.00
1	116	3407907	1258	573	1006	633	259.04	0	-0.44	-4.98	0.00	0.00
1	117	3407948	1258	573	1006	633	259.04	0	-0.44	-4.98	0.00	0.00
1	118	3407989	1258	573	1006	633	259.04	0	-0.44	-4.98	0.00	0.00
1	119	3408029	1258	573	1006	633	259.04	0	-0.45	-4.98	0.00	0.00
1	120	3408070	1258	573	1006	633	259.04	0	-0.45	-4.98	0.00	0.00
1	121	3408111	1258	572	1006	633	259.28	0	-0.45	-4.98	0.00	0.00
1	122	3408152	1258	572	1006	633	259.28	0	-0.46	-4.98	0.00	0.00
1	123	3408193	1258	572	1006	633	259.28	0	-0.46	-4.98	0.00	0.00
1	124	3408233	1258	572	1006	633	259.28	0	-0.46	-4.98	0.00	0.00
1	125	3408274	1258	572	1006	633	259.28	0	-0.47	-4.98	0.00	0.00
1	126	3408315	1258	571	1006	633	259.51	0	-0.47	-4.98	0.00	0.00
1	127	3408356	1258	571	1006	633	259.51	0	-0.47	-4.98	0.00	0.00
1	128	3408397	1258	571	1006	633	259.51	0	-0.48	-4.98	0.00	0.00
1	129	3408438	1258	571	1006	633	259.51	0	-0.48	-4.98	0.00	0.00
1	130	3408479	1258	570	1006	633	259.76	0	-0.48	-4.98	0.00	0.00
1	131	3408519	1258	570	1006	633	259.76	0	-0.49	-4.98	0.00	0.00
1	132	3408559	1258	570	1006	633	259.76	0	-0.49	-4.98	0.00	0.00
1	133	3408600	1258	570	1006	633	259.76	0	-0.49	-4.98	0.00	0.00
1	134	3408641	1258	570	1006	633	259.76	0	-0.50	-4.98	0.00	0.00
1	135	3408682	1258	569	1006	633	260.00	0	-0.50	-4.97	0.00	0.00
1	136	3408723	1258	569	1006	633	260.00	0	-0.50	-4.97	0.00	0.00
1	137	3408764	1258	569	1006	633	260.00	0	-0.51	-4.97	0.00	0.00
1	138	3408805	1258	569	1006	633	260.00	0	-0.51	-4.97	0.00	0.00
1	139	3408846	1258	569	1006	633	260.00	0	-0.51	-4.97	0.00	0.00
1	140	3408886	1258	568	1006	633	260.25	0	-0.52	-4.97	0.00	0.00
1	141	3408926	1258	568	1006	633	260.25	0	-0.52	-4.97	0.00	0.00
1	142	3408967	1258	568	1006	633	260.25	0	-0.52	-4.97	0.00	0.00
1	143	3409008	1258	568	1006	633	260.25	0	-0.53	-4.97	0.00	0.00
1	144	3409049	1258	568	1006	633	260.25	0	-0.53	-4.97	0.00	0.00
1	145	3409090	1258	567	1006	633	260.50	0	-0.53	-4.97	0.00	0.00
1	146	3409131	1258	567	1006	633	260.50	0	-0.54	-4.97	0.00	0.00
1	147	3409171	1258	567	1006	633	260.50	0	-0.54	-4.97	0.00	0.00
1	148	3409212	1258	567	1006	633	260.50	0	-0.54	-4.97	0.00	0.00
1	149	3409253	1258	567	1006	633	260.50	0	-0.55	-4.97	0.00	0.00
1	150	3409294	1258	566	1006	633	260.75	0	-0.55	-4.97	0.00	0.00
1	151	3409335	1258	566	1006	633	260.75	0	-0.56	-4.97	0.00	0.00
1	152	3409376	1258	566	1006	633	260.75	0	-0.56	-4.97	0.00	0.00
1	153	3409417	1258	566	1006	633	260.75	0	-0.56	-4.97	0.00	0.00
1	154	3409458	1258	566	1006	633	260.75	0	-0.56	-4.97	0.00	0.00
1	155	3409498	1258	565	1006	633	261.01	0	-0.57	-4.97	0.00	0.00
1	156	3409539	1258	565	1006	633	261.01	0	-0.57	-4.97	0.00	0.00
1	157	3409580	1258	565	1006	633	261.01	0	-0.57	-4.97	0.00	0.00
1	158	3409620	1257	565	1006	633	260.05	0	-0.58	-4.97	0.00	0.00
1	159	3409661	1257	565	1006	633	260.05	0	-0.58	-4.97	0.00	0.00
1	160	3409702	1257	564	1006	633	260.31	0	-0.59	-4.97	0.00	0.00
1	161	3409743	1257	564	1006	633	260.31	0	-0.59	-4.97	0.00	0.00
1	162	3409783	1257	564	1006	633	260.31	0	-0.59	-4.96	0.00	0.00
1	163	3409823	1257	564	1006	633	260.31	0	-0.60	-4.96	0.00	0.00
1	164	3409864	1257	564	1006	633	260.31	0	-0.60	-4.96	0.00	0.00
1	165	3409905	1257	563	1006	633	260.58	0	-0.60	-4.96	0.00	0.00
1	166	3409945	1257	563	1006	633	260.58	0	-0.61	-4.96	0.00	0.00
1	167	3409986	1257	563	1006	633	260.58	0	-0.61	-4.96	0.00	0.00
1	168	3410026	1257	563	1006	633	260.58	0	-0.61	-4.96	0.00	0.00
1	169	3410067	1257	563	1006	633	260.58	0	-0.62	-4.96	0.00	0.00
1	170	3410108	1257	562	1006	633	260.85	0	-0.62	-4.96	0.00	0.00
1	171	3410148	1257	562	1006	633	260.85	0	-0.62	-4.96	0.00	0.00
1	172	3410188	1257	562	1006	633	260.85	0	-0.63	-4.96	0.00	0.00
1	173	3410229	1257	562	1006	633	260.85	0	-0.63	-4.96	0.00	0.00
1	174	3410269	1257	562	1006	633	260.85	0	-0.63	-4.96	0.00	0.00
1	175	3410310	1257	561	1006	633	261.12	0	-0.64	-4.96	0.00	0.00
1	176	3410351	1257	561	1006	633	261.12	0	-0.64	-4.96	0.00	0.00
1	177	3410392	1257	561	1006	633	261.12	0	-0.64	-4.96	0.00	0.00
1	178	3410433	1257	561	1006	633	261.12	0	-0.65	-4.96	0.00	0.00
1	179	3410473	1257	561	1006	633	261.12	0	-0.65	-4.96	0.00	0.00
1	180	3410514	1257	560	1006	633	261.40	0	-0.65	-4.96	0.00	0.00
1	181	3410554	1257	560	1006	633	261.40	0	-0.66	-4.96	0.00	0.00
1	182	3410595	1257	560	1006	633	261.40	0	-0.66	-4.96	0.00	0.00
1	183	3410635	1257	560	1006	633	261.40	0	-0.66	-4.96	0.00	0.00
1	184	3410676	1257	560	1006	633	261.40	0	-0.67	-4.96	0.00	0.00
1	185	3410716	1257	559	1006	633	261.68	0	-0.67	-4.95	0.00	0.00
1	186	3410757	1257	559	1006	633	261.68	0	-0.67	-4.95	0.00	0.00
1	187	3410797	1257	559	1006	633	261.68	0	-0.68	-4.95	0.00	0.00
1	188	3410838	1257	559	1006	633	261.68	0	-0.68	-4.95	0.00	0.00
1	189	3410879	1257	558	1006	633	261.97	0	-0.68	-4.95	0.00	0.00
1	190	3410919	1257	558	1006	633	261.97	0	-0.69	-4.95	0.00	0.00
1	191	3410960	1257	558	1006	633	261.97	0	-0.69	-4.95	0.00	0.00
1	192	3411001	1257	558	1006	633	261.97	0	-0.69	-4.95	0.00	0.00
1	193	3411042	1257	558	1006	633	261.97	0	-0.70	-4.95	0.00	0.00
1	194	3411082	1257	557	1006	633	262.25	0	-0.70	-4.95	0.00	0.00
1	195	3411122	1257	557	1006	633	262.25	0	-0.70	-4.95	0.00	0.00
1	196	3411163	1256	557	1006	633	261.30	0	-0.71	-4.95	0.00	0.00
1	197	3411204	1256	557	1006	633	261.30	0	-0.71	-4.95	0.00	0.00
1	198	3411245	1256	557	1006	633	261.30	0	-0.71	-4.95	0.00	0.00
1	199	3411286	1256	556	1006	633	261.59	0	-0.72	-4.95	0.00	0.00
1	200	3411327	1256	556	1006	633	261.59	0	-0.72	-4.95	0.00	0.00
1	201	3411368	1256	556	1006	633	261.59	0	-0.72	-4.95	0.00	0.00
1	202	3411408	1256	556	1006	633	261.59	0	-0.73	-4.95	0.00	0.00
1	203	3411448	1256	556	1006	633	261.59	0	-0.73	-4.95	0.00	0.00
1	204	3411489	1256	555	1006	633	261.89	0	-0.73	-4.95	0.00	0.00
1	205	3411529	1256	555	1006	633	261.89	0	-0.74	-4.95	0.00	0.00
1	206	3411570	1256	555	1006	633	261.89	0	-0.74	-4.94	0.00	0.00
1	207	3411610	1256	555	1006	633	261.89	0	-0.74	-4.94	0.00	0.00
1	208	3411651	1256	555	1006	633	261.89	0	-0.75	-4.94	0.00	0.00
1	209	3411692	1256	554	1006	633	262.19	0	-0.75	-4.94	0.00	0.00
1	210	3411732	1256	554	1006	633	262.19	0	-0.75	-4.94	0.00	0.00
1	211	3411772	1256	554	1006	633	262.19	0	-0.76	-4.94	0.00	0.00
1	212	3411813	1256	554	1006	633	262.19	0	-0.76	-4.94	0.00	0.00
1	213	3411854	1256	554	1006	633	262.19	0	-0.76	-4.94	0.00	0.00
1	214	3411895	1256	553	1006	633	262.49	0	-0.77	-4.94	0.00	0.00
1	215	3411936	1256	553	1006	633	262.49	0	-0.77	-4.94	0.00	0.00
1	216	3411977	1256	553	1006	633	262.49	0	-0.77	-4.94	0.00	0.00
1	217	3412018	1256	553	1006	633	262.49	0	-0.78	-4.94	0.00	0.00
1	218	3412059	1256	553	1006	633	262.49	0	-0.78	-4.94	0.00	0.00
1	219	3412100	1256	552	1006	633	262.79	0	-0.79	-4.94	0.00	0.00
1	220	3412141	1256	552	1006	633	262.79	0	-0.79	-4.94	0.00	0.00
1	221	3412182	1256	552	1006	633	262.79	0	-0.79	-4.94	0.00	0.00
1	222	3412223	1256	552	1006	633	262.79	0	-0.79	-4.94	0.00	0.00
1	223	3412263	1256	552	1006	633	262.79	0	-0.80	-4.94	0.00	0.00
1	224	3412304	1256	551	1006	633	263.10	0	-0.80	-4.94	0.00	0.00
1	225	3412345	1256	551	1006	633	263.10	0	-0.81	-4.93	0.00	0.00
1	226	3412386	1256	551	1006	633	263.10	0	-0.81	-4.93	0.00	0.00
1	227	3412426	1256	551	1006	633	263.10	0	-0.81	-4.93	0.00	0.00
1	228	3412467	1255	551	1006	633	262.15	0	-0.82	-4.93	0.00	0.00
1	229	3412508	1255	550	1006	633	262.47	0	-0.82	-4.93	0.00	0.00
1	230	3412548	1255	550	1006	633	262.47	0	-0.82	-4.93	0.00	0.00
1	231	3412589	1255	550	1006	633	262.47	0	-0.83	-4.93	0.00	0.00
1	232	3412630	1255	550	1006	633	262.47	0	-0.83	-4.93	0.00	0.00
1	233	3412671	1255	550	1006	633	262.47	0	-0.83	-4.93	0.00	0.00
1	234	3412711	1255	549	1006	633	262.79	0	-0.84	-4.93	0.00	0.00
1	235	3412751	1255	549	1006	633	262.79	0	-0.84	-4.93	0.00	0.00
1	236	3412792	1255	549	1006	633	262.79	0	-0.84	-4.93	0.00	0.00
1	237	3412833	1255	549	1006	633	262.79	0	-0.85	-4.93	0.00	0.00
1	238	3412873	1255	549	1006	633	262.79	0	-0.85	-4.93	0.00	0.00
1	239	3412914	1255	548	1006	633	263.11	0	-0.85	-4.93	0.00	0.00
1	240	3412955	1255	548	1006	633	263.11	0	-0.86	-4.93	0.00	0.00
1	241	3412996	1255	548	1006	633	263.11	0	-0.86	-4.93	0.00	0.00
1	242	3413037	1255	548	1006	633	263.11	0	-0.86	-4.93	0.00	0.00
1	243	3413078	1255	548	1006	633	263.11	0	-0.87	-4.92	0.00	0.00
1	244	3413119	1255	547	1006	633	263.43	0	-0.87	-4.92	0.00	0.00
1	245	3413160	1255	547	1006	633	263.43	0	-0.87	-4.92	0.00	0.00
1	246	3413201	1255	547	1006	633	263.43	0	-0.88	-4.92	0.00	0.00
1	247	3413242	1255	547	1006	633	263.43	0	-0.88	-4.92	0.00	0.00
1	248	3413283	1255	547	1006	633	263.43	0	-0.88	-4.92	0.00	0.00
1	249	3413324	1255	546	1006	633	263.76	0	-0.89	-4.92	0.00	0.00
1	250	3413364	1255	546	1006	633	263.76	0	-0.89	-4.92	0.00	0.00
1	251	3413405	1255	546	1006	633	263.76	0	-0.89	-4.92	0.00	0.00
1	252	3413446	1255	546	1006	633	263.76	0	-0.90	-4.92	0.00	0.00
1	253	3413487	1255	546	1006	633	263.76	0	-0.90	-4.92	0.00	0.00
1	254	3413527	1255	545	1006	633	264.09	0	-0.90	-4.92	0.00	0.00
1	255	3413568	1255	545	1006	633	264.09	0	-0.91	-4.92	0.00	0.00
1	256	3413609	1254	545	1006	633	263.15	0	-0.91	-4.92	0.00	0.00
1	257	3413650	1254	545	1006	633	263.15	0	-0.91	-4.92	0.00	0.00
1	258	3413690	1254	545	1006	633	263.15	0	-0.92	-4.92	0.00	0.00
1	259	3413731	1254	544	1006	633	263.49	0	-0.92	-4.91	0.00	0.00
1	260	3413772	1254	544	1006	633	263.49	0	-0.92	-4.91	0.00	0.00
1	261	3413813	1254	544	1006	633	263.49	0	-0.93	-4.91	0.00	0.00
1	262	3413854	1254	544	1006	633	263.49	0	-0.93	-4.91	0.00	0.00
1	263	3413895	1254	543	1006	633	263.83	0	-0.93	-4.91	0.00	0.00
1	264	3413936	1254	543	1006	633	263.83	0	-0.94	-4.91	0.00	0.00
1	265	3413976	1254	543	1006	633	263.83	0	-0.94	-4.91	0.00	0.00
1	266	3414017	1254	543	1006	633	263.83	0	-0.94	-4.91	0.00	0.00
1	267	3414058	1254	543	1006	633	263.83	0	-0.95	-4.91	0.00	0.00
1	268	3414099	1254	542	1006	633	264.17	0	-0.95	-4.91	0.00	0.00
1	269	3414140	1254	542	1006	633	264.17	0	-0.95	-4.91	0.00	0.00
1	270	3414181	1254	542	1006	633	264.17	0	-0.96	-4.91	0.00	0.00
1	271	3414222	1254	542	1006	633	264.17	0	-0.96	-4.91	0.00	0.00
1	272	3414263	1254	542	1006	633	264.17	0	-0.96	-4.91	0.00	0.00
1	273	3414303	1254	541	1006	633	264.51	0	-0.97	-4.91	0.00	0.00
1	274	3414344	1254	541	1006	633	264.51	0	-0.97	-4.90	0.00	0.00
1	275	3414384	1254	541	1006	633	264.51	0	-0.97	-4.90	0.00	0.00
1	276	3414425	1254	541	1006	633	264.51	0	-0.98	-4.90	0.00	0.00
1	277	3414466	1254	541	1006	633	264.51	0	-0.98	-4.90	0.00	0.00
1	278	3414506	1254	540	1006	633	264.86	0	-0.98	-4.90	0.00	0.00
1	279	3414547	1254	540	1006	633	264.86	0	-0.99	-4.90	0.00	0.00
1	280	3414588	1254	540	1006	633	264.86	0	-0.99	-4.90	0.00	0.00
1	281	3414628	1254	540	1006	633	264.86	0	-0.99	-4.90	0.00	0.00
1	282	3414669	1253	540	1006	633	263.93	0	-1.00	-4.90	0.00	0.00
1	283	3414709	1253	539	1006	633	264.28	0	-1.00	-4.90	0.00	0.00
1	284	3414750	1253	539	1006	633	264.28	0	-1.00	-4.90	0.00	0.00
1	285	3414791	1253	539	1006	633	264.28	0	-1.01	-4.90	0.00	0.00
1	286	3414831	1253	539	1006	633	264.28	0	-1.01	-4.90	0.00	0.00
1	287	3414872	1253	539	1006	633	264.28	0	-1.01	-4.90	0.00	0.00
1	288	3414913	1253	538	1006	633	264.64	0	-1.02	-4.90	0.00	0.00
1	289	3414953	1253	538	1006	633	264.64	0	-1.02	-4.89	0.00	0.00
1	290	3414994	1253	538	1006	633	264.64	0	-1.02	-4.89	0.00	0.00
1	291	3415034	1253	538	1006	633	264.64	0	-1.03	-4.89	0.00	0.00
1	292	3415075	1253	538	1006	633	264.64	0	-1.03	-4.89	0.00	0.00
1	293	3415116	1253	537	1006	633	265.00	0	-1.03	-4.89	0.00	0.00
1	294	3415156	1253	537	1006	633	265.00	0	-1.04	-4.89	0.00	0.00
1	295	3415197	1253	537	1006	633	265.00	0	-1.04	-4.89	0.00	0.00
1	296	3415238	1253	537	1006	633	265.00	0	-1.04	-4.89	0.00	0.00
1	297	3415278	1253	537	1006	633	265.00	0	-1.05	-4.89	0.00	0.00
1	298	3415319	1253	536	1006	633	265.36	0	-1.05	-4.89	0.00	0.00
1	299	3415359	1253	536	1006	633	265.36	0	-1.05	-4.89	0.00	0.00
1	300	3415400	1253	536	1006	633	265.36	0	-1.06	-4.89	0.00	0.00
1	301	3415441	1253	536	1006	633	265.36	0	-1.06	-4.89	0.00	0.00
1	302	3415481	1253	536	1006	633	265.36	0	-1.06	-4.89	0.00	0.00
1	303	3415522	1253	535	1006	633	265.73	0	-1.07	-4.88	0.00	0.00
1	304	3415563	1253	535	1006	633	265.73	0	-1.07	-4.88	0.00	0.00
1	305	3415603	1252	535	1006	633	264.80	0	-1.07	-4.88	0.00	0.00
1	306	3415644	1252	535	1006	633	264.80	0	-1.08	-4.88	0.00	0.00
1	307	3415684	1252	535	1006	633	264.80	0	-1.08	-4.88	0.00	0.00
1	308	3415725	1252	534	1006	633	265.17	0	-1.08	-4.88	0.00	0.00
1	309	3415767	1252	534	1006	633	265.17	0	-1.09	-4.88	0.00	0.00
1	310	3415808	1252	534	1006	633	265.17	0	-1.09	-4.88	0.00	0.00
1	311	3415849	1252	534	1006	633	265.17	0	-1.09	-4.88	0.00	0.00
1	312	3415890	1252	534	1006	633	265.17	0	-1.10	-4.88	0.00	0.00
1	313	3415931	1252	533	1006	633	265.55	0	-1.10	-4.88	0.00	0.00
1	314	3415972	1252	533	1006	633	265.55	0	-1.10	-4.88	0.00	0.00
1	315	3416013	1252	533	1006	633	265.55	0	-1.11	-4.88	0.00	0.00
1	316	3416054	1252	533	1006	633	265.55	0	-1.11	-4.88	0.00	0.00
1	317	3416095	1252	533	1006	633	265.55	0	-1.11	-4.87	0.00	0.00
1	318	3416136	1252	532	1006	633	265.93	0	-1.12	-4.87	0.00	0.00
1	319	3416177	1252	532	1006	633	265.93	0	-1.12	-4.87	0.00	0.00
1	320	3416218	1252	532	1006	633	265.93	0	-1.12	-4.87	0.00	0.00
1	321	3416259	1252	532	1006	633	265.93	0	-1.13	-4.87	0.00	0.00
1	322	3416300	1252	532	1006	633	265.93	0	-1.13	-4.87	0.00	0.00
1	323	3416341	1252	531	1006	633	266.31	0	-1.13	-4.87	0.00	0.00
1	324	3416382	1252	531	1006	633	266.31	0	-1.14	-4.87	0.00	0.00
1	325	3416423	1252	531	1006	633	266.31	0	-1.14	-4.87	0.00	0.00
1	326	3416464	1252	531	1006	633	266.31	0	-1.14	-4.87	0.00	0.00
1	327	3416505	1251	531	1006	633	265.38	0	-1.15	-4.87	0.00	0.00
1	328	3416546	1251	530	1006	633	265.77	0	-1.15	-4.87	0.00	0.00
1	329	3416587	1251	530	1006	633	265.77	0	-1.15	-4.87	0.00	0.00
1	330	3416628	1251	530	1006	633	265.77	0	-1.16	-4.86	0.00	0.00
1	331	3416669	1251	530	1006	633	265.77	0	-1.16	-4.86	0.00	0.00
1	332	3416710	1251	530	1006	633	265.77	0	-1.16	-4.86	0.00	0.00
1	333	3416751	1251	529	1006	633	266.16	0	-1.17	-4.86	0.00	0.00
1	334	3416791	1251	529	1006	633	266.16	0	-1.17	-4.86	0.00	0.00
1	335	3416832	1251	529	1006	633	266.16	0	-1.17	-4.86	0.00	0.00
1	336	3416873	1251	529	1006	633	266.16	0	-1.18	-4.86	0.00	0.00
1	337	3416914	1251	529	1006	633	266.16	0	-1.18	-4.86	0.00	0.00
1	338	3416955	1251	528	1006	633	266.55	0	-1.18	-4.86	0.00	0.00
1	339	3416996	1251	528	1006	633	266.55	0	-1.19	-4.86	0.00	0.00
1	340	3417037	1251	528	1006	633	266.55	0	-1.19	-4.86	0.00	0.00
1	341	3417078	1251	528	1006	633	266.55	0	-1.19	-4.86	0.00	0.00
1	342	3417118	1251	528	1006	633	266.55	0	-1.20	-4.85	0.00	0.00
1	343	3417159	1251	527	1006	633	266.95	0	-1.20	-4.85	0.00	0.00
1	344	3417200	1251	527	1006	633	266.95	0	-1.20	-4.85	0.00	0.00
1	345	3417241	1251	527	1006	633	266.95	0	-1.21	-4.85	0.00	0.00
1	346	3417282	1251	527	1006	633	266.95	0	-1.21	-4.85	0.00	0.00
1	347	3417323	1251	527	1006	633	266.95	0	-1.21	-4.85	0.00	0.00
1	348	3417364	1250	526	1006	633	266.43	0	-1.22	-4.85	0.00	0.00
1	349	3417405	1250	526	1006	633	266.43	0	-1.22	-4.85	0.00	0.00
1	350	3417446	1250	526	1006	633	266.43	0	-1.22	-4.85	0.00	0.00
1	351	3417487	1250	526	1006	633	266.43	0	-1.23	-4.85	0.00	0.00
1	352	3417528	1250	526	1006	633	266.43	0	-1.23	-4.85	0.00	0.00
1	353	3417569	1250	525	1006	633	266.83	0	-1.23	-4.85	0.00	0.00
1	354	3417610	1250	525	1006	633	266.83	0	-1.24	-4.84	0.00	0.00
1	355	3417651	1250	525	1006	633	266.83	0	-1.24	-4.84	0.00	0.00
1	356	3417692	1250	525	1006	633	266.83	0	-1.24	-4.84	0.00	0.00
1	357	3417733	1250	525	1006	633	266.83	0	-1.25	-4.84	0.00	0.00
1	358	3417774	1250	525	1006	633	266.83	0	-1.25	-4.84	0.00	0.00
1	359	3417815	1250	524	1006	633	267.24	0	-1.25	-4.84	0.00	0.00
1	360	3417856	1250	524	1006	633	267.24	0	-1.26	-4.84	0.00	0.00
1	361	3417897	1250	524	1006	633	267.24	0	-1.26	-4.84	0.00	0.00
1	362	3417938	1250	524	1006	633	267.24	0	-1.26	-4.84	0.00	0.00
1	363	3417979	1250	524	1006	633	267.24	0	-1.27	-4.84	0.00	0.00
1	364	3418020	1250	523	1006	633	267.65	0	-1.27	-4.84	0.00	0.00
1	365	3418061	1250	523	1006	633	267.65	0	-1.27	-4.84	0.00	0.00
1	366	3418102	1250	523	1006	633	267.65	0	-1.28	-4.83	0.00	0.00
1	367	3418143	1249	523	1006	633	266.74	0	-1.28	-4.83	0.00	0.00
1	368	3418184	1249	523	1006	633	266.74	0	-1.28	-4.83	0.00	0.00
1	369	3418225	1249	522	1006	633	267.15	0	-1.29	-4.83	0.00	0.00
1	370	3418266	1249	522	1006	633	267.15	0	-1.29	-4.83	0.00	0.00
1	371	3418307	1249	522	1006	633	267.15	0	-1.29	-4.83	0.00	0.00
1	372	3418348	1249	522	1006	633	267.15	0	-1.30	-4.83	0.00	0.00
1	373	3418389	1249	522	1006	633	267.15	0	-1.30	-4.83	0.00	0.00
1	374	3418430	1249	521	1006	633	267.57	0	-1.30	-4.83	0.00	0.00
1	375	3418471	1249	521	1006	633	267.57	0	-1.31	-4.83	0.00	0.00
1	376	3418512	1249	521	1006	633	267.57	0	-1.31	-4.83	0.00	0.00
1	377	3418553	1249	521	1006	633	267.57	0	-1.31	-4.82	0.00	0.00
1	378	3418594	1249	521	1006	633	267.57	0	-1.32	-4.82	0.00	0.00
1	379	3418635	1249	520	1006	633	267.99	0	-1.32	-4.82	0.00	0.00
1	380	3418676	1249	520	1006	633	267.99	0	-1.32	-4.82	0.00	0.00
1	381	3418717	1249	520	1006	633	267.99	0	-1.33	-4.82	0.00	0.00
1	382	3418758	1249	520	1006	633	267.99	0	-1.33	-4.82	0.00	0.00
1	383	3418799	1249	520	1006	633	267.99	0	-1.33	-4.82	0.00	0.00
1	384	3418840	1249	519	1006	633	268.41	0	-1.34	-4.82	0.00	0.00
1	385	3418881	1249	519	1006	633	268.41	0	-1.34	-4.82	0.00	0.00
1	386	3418922	1248	519	1006	633	267.51	0	-1.34	-4.82	0.00	0.00
1	387	3418963	1248	519	1006	633	267.51	0	-1.35	-4.82	0.00	0.00
1	388	3419004	1248	519	1006	633	267.51	0	-1.35	-4.81	0.00	0.00
1	389	3419045	1248	518	1006	633	267.93	0	-1.35	-4.81	0.00	0.00
1	390	3419086	1248	518	1006	633	267.93	0	-1.36	-4.81	0.00	0.00
1	391	3419127	1248	518	1006	633	267.93	0	-1.36	-4.81	0.00	0.00
1	392	3419168	1248	518	1006	633	267.93	0	-1.36	-4.81	0.00	0.00
1	393	3419209	1248	518	1006	633	267.93	0	-1.37	-4.81	0.00	0.00
1	394	3419250	1248	517	1006	633	268.37	0	-1.37	-4.81	0.00	0.00
1	395	3419291	1248	517	1006	633	268.37	0	-1.37	-4.81	0.00	0.00
1	396	3419332	1248	517	1006	633	268.37	0	-1.38	-4.81	0.00	0.00
1	397	3419372	1248	517	1006	633	268.37	0	-1.38	-4.81	0.00	0.00
1	398	3419412	1248	517	1006	633	268.37	0	-1.38	-4.81	0.00	0.00
1	399	3419453	1248	516	1006	633	268.80	0	-1.39	-4.80	0.00	0.00
1	400	3419494	1248	516	1006	633	268.80	0	-1.39	-4.80	0.00	0.00
1	401	3419535	1248	516	1006	633	268.80	0	-1.39	-4.80	0.00	0.00
1	402	3419576	1248	516	1006	633	268.80	0	-1.40	-4.80	0.00	0.00
1	403	3419617	1248	516	1006	633	268.80	0	-1.40	-4.80	0.00	0.00
1	404	3419658	1247	515	1006	633	268.34	0	-1.40	-4.80	0.00	0.00
1	405	3419698	1247	515	1006	633	268.34	0	-1.41	-4.80	0.00	0.00
1	406	3419739	1247	515	1006	633	268.34	0	-1.41	-4.80	0.00	0.00
1	407	3419779	1247	515	1006	633	268.34	0	-1.41	-4.80	0.00	0.00
1	408	3419820	1247	515	1006	633	268.34	0	-1.41	-4.80	0.00	0.00
1	409	3419861	1247	514	1006	633	268.78	0	-1.42	-4.79	0.00	0.00
1	410	3419902	1247	514	1006	633	268.78	0	-1.42	-4.79	0.00	0.00
1	411	3419943	1247	514	1006	633	268.78	0	-1.42	-4.79	0.00	0.00
1	412	3419984	1247	514	1006	633	268.78	0	-1.43	-4.79	0.00	0.00
1	413	3420025	1247	514	1006	633	268.78	0	-1.43	-4.79	0.00	0.00
1	414	3420066	1247	513	1006	633	269.22	0	-1.43	-4.79	0.00	0.00
1	415	3420107	1247	513	1006	633	269.22	0	-1.44	-4.79	0.00	0.00
1	416	3420148	1247	513	1006	633	269.22	0	-1.44	-4.79	0.00	0.00
1	417	3420189	1247	513	1006	633	269.22	0	-1.44	-4.79	0.00	0.00
1	418	3420230	1247	513	1006	633	269.22	0	-1.45	-4.79	0.00	0.00
1	419	3420271	1247	512	1006	633	269.67	0	-1.45	-4.78	0.00	0.00
1	420	3420311	1247	512	1006	633	269.67	0	-1.45	-4.78	0.00	0.00
1	421	3420352	1246	512	1006	633	268.78	0	-1.46	-4.78	0.00	0.00
1	422	3420393	1246	512	1006	633	268.78	0	-1.46	-4.78	0.00	0.00
1	423	3420434	1246	512	1006	633	268.78	0	-1.46	-4.78	0.00	0.00
1	424	3420475	1246	511	1006	633	269.23	0	-1.47	-4.78	0.00	0.00
1	425	3420516	1246	511	1006	633	269.23	0	-1.47	-4.78	0.00	0.00
1	426	3420557	1246	511	1006	633	269.23	0	-1.47	-4.78	0.00	0.00
1	427	3420598	1246	511	1006	633	269.23	0	-1.48	-4.78	0.00	0.00
1	428	3420639	1246	511	1006	633	269.23	0	-1.48	-4.78	0.00	0.00
1	429	3420680	1246	510	1006	633	269.68	0	-1.48	-4.77	0.00	0.00
1	430	3420721	1246	510	1006	633	269.68	0	-1.49	-4.77	0.00	0.00
1	431	3420762	1246	510	1006	633	269.68	0	-1.49	-4.77	0.00	0.00
1	432	3420802	1246	510	1006	633	269.68	0	-1.49	-4.77	0.00	0.00
1	433	3420843	1246	510	1006	633	269.68	0	-1.50	-4.77	0.00	0.00
1	434	3420883	1246	510	1006	633	269.68	0	-1.50	-4.77	0.00	0.00
1	435	3420923	1246	509	1006	633	270.14	0	-1.50	-4.77	0.00	0.00
1	436	3420964	1246	509	1006	633	270.14	0	-1.51	-4.77	0.00	0.00
1	437	3421005	1246	509	1006	633	270.14	0	-1.51	-4.77	0.00	0.00
1	438	3421046	1245	509	1006	633	269.25	0	-1.51	-4.77	0.00	0.00
1	439	3421087	1245	509	1006	633	269.25	0	-1.52	-4.76	0.00	0.00
1	440	3421128	1245	508	1006	633	269.71	0	-1.52	-4.76	0.00	0.00
1	441	3421169	1245	508	1006	633	269.71	0	-1.52	-4.76	0.00	0.00
1	442	3421210	1245	508	1006	633	269.71	0	-1.53	-4.76	0.00	0.00
1	443	3421251	1245	508	1006	633	269.71	0	-1.53	-4.76	0.00	0.00
1	444	3421292	1245	508	1006	633	269.71	0	-1.53	-4.76	0.00	0.00
1	445	3421333	1245	507	1006	633	270.18	0	-1.54	-4.76	0.00	0.00
1	446	3421374	1245	507	1006	633	270.18	0	-1.54	-4.76	0.00	0.00
1	447	3421415	1245	507	1006	633	270.18	0	-1.54	-4.76	0.00	0.00
1	448	3421456	1245	507	1006	633	270.18	0	-1.54	-4.76	0.00	0.00
1	449	3421497	1245	507	1006	633	270.18	0	-1.55	-4.75	0.00	0.00
1	450	3421538	1245	506	1006	633	270.65	0	-1.55	-4.75	0.00	0.00
1	451	3421579	1245	506	1006	633	270.65	0	-1.56	-4.75	0.00	0.00
1	452	3421620	1245	506	1006	633	270.65	0	-1.56	-4.75	0.00	0.00
1	453	3421661	1245	506	1006	633	270.65	0	-1.56	-4.75	0.00	0.00
1	454	3421701	1244	506	1006	633	269.76	0	-1.56	-4.75	0.00	0.00
1	455	3421742	1244	505	1006	633	270.24	0	-1.57	-4.75	0.00	0.00
1	456	3421782	1244	505	1006	633	270.24	0	-1.57	-4.75	0.00	0.00
1	457	3421823	1244	505	1006	633	270.24	0	-1.57	-4.75	0.00	0.00
1	458	3421864	1244	505	1006	633	270.24	0	-1.58	-4.74	0.00	0.00
1	459	3421905	1244	505	1006	633	270.24	0	-1.58	-4.74	0.00	0.00
1	460	3421946	1244	504	1006	633	270.71	0	-1.58	-4.74	0.00	0.00
1	461	3421987	1244	504	1006	633	270.71	0	-1.59	-4.74	0.00	0.00
1	462	3422028	1244	504	1006	633	270.71	0	-1.59	-4.74	0.00	0.00
1	463	3422068	1244	504	1006	633	270.71	0	-1.59	-4.74	0.00	0.00
1	464	3422109	1244	504	1006	633	270.71	0	-1.60	-4.74	0.00	0.00
1	465	3422150	1244	503	1006	633	271.19	0	-1.60	-4.74	0.00	0.00
1	466	3422191	1244	503	1006	633	271.19	0	-1.60	-4.74	0.00	0.00
1	467	3422232	1244	503	1006	633	271.19	0	-1.61	-4.73	0.00	0.00
1	468	3422273	1244	503	1006	633	271.19	0	-1.61	-4.73	0.00	0.00
1	469	3422314	1243	503	1006	633	270.31	0	-1.61	-4.73	0.00	0.00
1	470	3422355	1243	503	1006	633	270.31	0	-1.62	-4.73	0.00	0.00
1	471	3422396	1243	502	1006	633	270.80	0	-1.62	-4.73	0.00	0.00
1	472	3422437	1243	502	1006	633	270.80	0	-1.62	-4.73	0.00	0.00
1	473	3422478	1243	502	1006	633	270.80	0	-1.63	-4.73	0.00	0.00
1	474	3422519	1243	502	1006	633	270.80	0	-1.63	-4.73	0.00	0.00
1	475	3422560	1243	502	1006	633	270.80	0	-1.63	-4.73	0.00	0.00
1	476	3422601	1243	501	1006	633	271.28	0	-1.64	-4.72	0.00	0.00
1	477	3422642	1243	501	1006	633	271.28	0	-1.64	-4.72	0.00	0.00
1	478	3422682	1243	501	1006	633	271.28	0	-1.64	-4.72	0.00	0.00
1	479	3422723	1243	501	1006	633	271.28	0	-1.65	-4.72	0.00	0.00
1	480	3422763	1243	501	1006	633	271.28	0	-1.65	-4.72	0.00	0.00
1	481	3422804	1243	500	1006	633	271.77	0	-1.65	-4.72	0.00	0.00
1	482	3422845	1243	500	1006	633	271.77	0	-1.66	-4.72	0.00	0.00
1	483	3422885	1243	500	1006	633	271.77	0	-1.66	-4.72	0.00	0.00
1	484	3422926	1242	500	1006	633	270.90	0	-1.66	-4.72	0.00	0.00
1	485	3422967	1242	500	1006	633	270.90	0	-1.66	-4.71	0.00	0.00
1	486	3423007	1242	499	1006	633	271.39	0	-1.67	-4.71	0.00	0.00
1	487	3423048	1242	499	1006	633	271.39	0	-1.67	-4.71	0.00	0.00
1	488	3423089	1242	499	1006	633	271.39	0	-1.67	-4.71	0.00	0.00
1	489	3423130	1242	499	1006	633	271.39	0	-1.68	-4.71	0.00	0.00
1	490	3423171	1242	499	1006	633	271.39	0	-1.68	-4.71	0.00	0.00
1	491	3423211	1242	498	1006	633	271.88	0	-1.68	-4.71	0.00	0.00
1	492	3423251	1242	498	1006	633	271.88	0	-1.69	-4.71	0.00	0.00
1	493	3423292	1242	498	1006	633	271.88	0	-1.69	-4.71	0.00	0.00
1	494	3423333	1242	498	1006	633	271.88	0	-1.69	-4.70	0.00	0.00
1	495	3423374	1242	498	1006	633	271.88	0	-1.70	-4.70	0.00	0.00
1	496	3423415	1242	497	1006	633	272.38	0	-1.70	-4.70	0.00	0.00
1	497	3423456	1242	497	1006	633	272.38	0	-1.70	-4.70	0.00	0.00
1	498	3423497	1241	497	1006	633	271.52	0	-1.71	-4.70	0.00	0.00
1	499	3423538	1241	497	1006	633	271.52	0	-1.71	-4.70	0.00	0.00
1	500	3423579	1241	497	1006	633	271.52	0	-1.71	-4.70	0.00	0.00
1	501	3423620	1241	497	1006	633	271.52	0	-1.72	-4.70	0.00	0.00
1	502	3423661	1241	496	1006	633	272.02	0	-1.72	-4.70	0.00	0.00
1	503	3423702	1241	496	1006	633	272.02	0	-1.72	-4.69	0.00	0.00
1	504	3423743	1241	496	1006	633	272.02	0	-1.73	-4.69	0.00	0.00
1	505	3423784	1241	496	1006	633	272.02	0	-1.73	-4.69	0.00	0.00
1	506	3423825	1241	496	1006	633	272.02	0	-1.73	-4.69	0.00	0.00
1	507	3423866	1241	495	1006	633	272.52	0	-1.74	-4.69	0.00	0.00
1	508	3423907	1241	495	1006	633	272.52	0	-1.74	-4.69	0.00	0.00
1	509	3423948	1241	495	1006	633	272.52	0	-1.74	-4.69	0.00	0.00
1	510	3423989	1241	495	1006	633	272.52	0	-1.75	-4.69	0.00	0.00
1	511	3424030	1241	495	1006	633	272.52	0	-1.75	-4.68	0.00	0.00
1	512	3424071	1240	494	1006	633	272.17	0	-1.75	-4.68	0.00	0.00
1	513	3424111	1240	494	1006	633	272.17	0	-1.75	-4.68	0.00	0.00
1	514	3424152	1240	494	1006	633	272.17	0	-1.76	-4.68	0.00	0.00
1	515	3424192	1240	494	1006	633	272.17	0	-1.76	-4.68	0.00	0.00
1	516	3424233	1240	494	1006	633	272.17	0	-1.76	-4.68	0.00	0.00
1	517	3424273	1240	493	1006	633	272.68	0	-1.77	-4.68	0.00	0.00
1	518	3424313	1240	493	1006	633	272.68	0	-1.77	-4.68	0.00	0.00
1	519	3424354	1240	493	1006	633	272.68	0	-1.77	-4.67	0.00	0.00
1	520	3424394	1240	493	1006	633	272.68	0	-1.78	-4.67	0.00	0.00
1	521	3424434	1240	493	1006	633	272.68	0	-1.78	-4.67	0.00	0.00
1	522	3424475	1240	492	1006	633	273.20	0	-1.78	-4.67	0.00	0.00
1	523	3424516	1240	492	1006	633	273.20	0	-1.79	-4.67	0.00	0.00
1	524	3424557	1240	492	1006	633	273.20	0	-1.79	-4.67	0.00	0.00
1	525	3424598	1240	492	1006	633	273.20	0	-1.79	-4.67	0.00	0.00
1	526	3424639	1239	492	1006	633	272.34	0	-1.80	-4.67	0.00	0.00
1	527	3424680	1239	492	1006	633	272.34	0	-1.80	-4.66	0.00	0.00
1	528	3424721	1239	491	1006	633	272.86	0	-1.80	-4.66	0.00	0.00
1	529	3424762	1239	491	1006	633	272.86	0	-1.81	-4.66	0.00	0.00
1	530	3424803	1239	491	1006	633	272.86	0	-1.81	-4.66	0.00	0.00
1	531	3424844	1239	491	1006	633	272.86	0	-1.81	-4.66	0.00	0.00
1	532	3424885	1239	491	1006	633	272.86	0	-1.82	-4.66	0.00	0.00
1	533	3424926	1239	490	1006	633	273.38	0	-1.82	-4.66	0.00	0.00
1	534	3424967	1239	490	1006	633	273.38	0	-1.82	-4.66	0.00	0.00
1	535	3425008	1239	490	1006	633	273.38	0	-1.82	-4.66	0.00	0.00
1	536	3425049	1239	490	1006	633	273.38	0	-1.83	-4.65	0.00	0.00
1	537	3425090	1239	490	1006	633	273.38	0	-1.83	-4.65	0.00	0.00
1	538	3425131	1239	489	1006	633	273.91	0	-1.83	-4.65	0.00	0.00
1	539	3425172	1238	489	1006	633	273.06	0	-1.84	-4.65	0.00	0.00
1	540	3425213	1238	489	1006	633	273.06	0	-1.84	-4.65	0.00	0.00
1	541	3425254	1238	489	1006	633	273.06	0	-1.84	-4.65	0.00	0.00
1	542	3425295	1238	489	1006	633	273.06	0	-1.85	-4.65	0.00	0.00
1	543	3425336	1238	488	1006	633	273.59	0	-1.85	-4.64	0.00	0.00
1	544	3425377	1238	488	1006	633	273.59	0	-1.85	-4.64	0.00	0.00
1	545	3425418	1238	488	1006	633	273.59	0	-1.86	-4.64	0.00	0.00
1	546	3425458	1238	488	1006	633	273.59	0	-1.86	-4.64	0.00	0.00
1	547	3425499	1238	488	1006	633	273.59	0	-1.86	-4.64	0.00	0.00
1	548	3425540	1238	488	1006	633	273.59	0	-1.87	-4.64	0.00	0.00
1	549	3425581	1238	487	1006	633	274.12	0	-1.87	-4.64	0.00	0.00
1	550	3425622	1238	487	1006	633	274.12	0	-1.87	-4.64	0.00	0.00
1	551	3425663	1238	487	1006	633	274.12	0	-1.88	-4.63	0.00	0.00
1	552	3425704	1238	487	1006	633	274.12	0	-1.88	-4.63	0.00	0.00
1	553	3425745	1237	487	1006	633	273.27	0	-1.88	-4.63	0.00	0.00
1	554	3425785	1237	486	1006	633	273.81	0	-1.89	-4.63	0.00	0.00
1	555	3425825	1237	486	1006	633	273.81	0	-1.89	-4.63	0.00	0.00
1	556	3425866	1237	486	1006	633	273.81	0	-1.89	-4.63	0.00	0.00
1	557	3425906	1237	486	1006	633	273.81	0	-1.89	-4.63	0.00	0.00
1	558	3425947	1237	486	1006	633	273.81	0	-1.90	-4.63	0.00	0.00
1	559	3425988	1237	485	1006	633	274.34	0	-1.90	-4.62	0.00	0.00
1	560	3426029	1237	485	1006	633	274.34	0	-1.90	-4.62	0.00	0.00
1	561	3426070	1237	485	1006	633	274.34	0	-1.91	-4.62	0.00	0.00
1	562	3426111	1237	485	1006	633	274.34	0	-1.91	-4.62	0.00	0.00
1	563	3426152	1237	485	1006	633	274.34	0	-1.91	-4.62	0.00	0.00
1	564	3426193	1237	484	1006	633	274.89	0	-1.92	-4.62	0.00	0.00
1	565	3426233	1236	484	1006	633	274.05	0	-1.92	-4.62	0.00	0.00
1	566	3426274	1236	484	1006	633	274.05	0	-1.92	-4.62	0.00	0.00
1	567	3426314	1236	484	1006	633	274.05	0	-1.93	-4.61	0.00	0.00
1	568	3426355	1236	484	1006	633	274.05	0	-1.93	-4.61	0.00	0.00
1	569	3426396	1236	484	1006	633	274.05	0	-1.93	-4.61	0.00	0.00
1	570	3426437	1236	483	1006	633	274.59	0	-1.94	-4.61	0.00	0.00
1	571	3426477	1236	483	1006	633	274.59	0	-1.94	-4.61	0.00	0.00
1	572	3426518	1236	483	1006	633	274.59	0	-1.94	-4.61	0.00	0.00
1	573	3426558	1236	483	1006	633	274.59	0	-1.95	-4.61	0.00	0.00
1	574	3426599	1236	483	1006	633	274.59	0	-1.95	-4.60	0.00	0.00
1	575	3426640	1236	482	1006	633	275.14	0	-1.95	-4.60	0.00	0.00
1	576	3426680	1236	482	1006	633	275.14	0	-1.96	-4.60	0.00	0.00
1	577	3426721	1236	482	1006	633	275.14	0	-1.96	-4.60	0.00	0.00
1	578	3426762	1235	482	1006	633	274.30	0	-1.96	-4.60	0.00	0.00
1	579	3426802	1235	482	1006	633	274.30	0	-1.96	-4.60	0.00	0.00
1	580	3426843	1235	481	1006	633	274.85	0	-1.97	-4.60	0.00	0.00
1	581	3426883	1235	481	1006	633	274.85	0	-1.97	-4.60	0.00	0.00
1	582	3426924	1235	481	1006	633	274.85	0	-1.97	-4.59	0.00	0.00
1	583	3426965	1235	481	1006	633	274.85	0	-1.98	-4.59	0.00	0.00
1	584	3427005	1235	481	1006	633	274.85	0	-1.98	-4.59	0.00	0.00
1	585	3427046	1235	481	1006	633	274.85	0	-1.98	-4.59	0.00	0.00
1	586	3427087	1235	480	1006	633	275.41	0	-1.99	-4.59	0.00	0.00
1	587	3427128	1235	480	1006	633	275.41	0	-1.99	-4.59	0.00	0.00
1	588	3427168	1235	480	1006	633	275.41	0	-1.99	-4.59	0.00	0.00
1	589	3427209	1235	480	1006	633	275.41	0	-2.00	-4.58	0.00	0.00
1	590	3427250	1234	480	1006	633	274.58	0	-2.00	-4.58	0.00	0.00
1	591	3427291	1234	479	1006	633	275.14	0	-2.00	-4.58	0.00	0.00
1	592	3427332	1234	479	1006	633	275.14	0	-2.01	-4.58	0.00	0.00
1	593	3427372	1234	479	1006	633	275.14	0	-2.01	-4.58	0.00	0.00
1	594	3427413	1234	479	1006	633	275.14	0	-2.01	-4.58	0.00	0.00
1	595	3427454	1234	479	1006	633	275.14	0	-2.01	-4.58	0.00	0.00
1	596	3427494	1234	478	1006	633	275.70	0	-2.02	-4.57	0.00	0.00
1	597	3427535	1234	478	1006	633	275.70	0	-2.02	-4.57	0.00	0.00
1	598	3427576	1234	478	1006	633	275.70	0	-2.02	-4.57	0.00	0.00
1	599	3427617	1234	478	1006	633	275.70	0	-2.03	-4.57	0.00	0.00
1	600	3427658	1234	478	1006	633	275.70	0	-2.03	-4.57	0.00	0.00
1	601	3427699	1234	478	1006	633	275.70	0	-2.03	-4.57	0.00	0.00
1	602	3427740	1233	477	1006	633	275.44	0	-2.04	-4.57	0.00	0.00
1	603	3427781	1233	477	1006	633	275.44	0	-2.04	-4.57	0.00	0.00
1	604	3427821	1233	477	1006	633	275.44	0	-2.04	-4.56	0.00	0.00
1	605	3427862	1233	477	1006	633	275.44	0	-2.05	-4.56	0.00	0.00
1	606	3427903	1233	477	1006	633	275.44	0	-2.05	-4.56	0.00	0.00
1	607	3427943	1233	476	1006	633	276.00	0	-2.05	-4.56	0.00	0.00
1	608	3427984	1233	476	1006	633	276.00	0	-2.06	-4.56	0.00	0.00
1	609	3428024	1233	476	1006	633	276.00	0	-2.06	-4.56	0.00	0.00
1	610	3428065	1233	476	1006	633	276.00	0	-2.06	-4.56	0.00	0.00
1	611	3428106	1233	476	1006	633	276.00	0	-2.06	-4.55	0.00	0.00
1	612	3428146	1233	475	1006	633	276.57	0	-2.07	-4.55	0.00	0.00
1	613	3428187	1233	475	1006	633	276.57	0	-2.07	-4.55	0.00	0.00
1	614	3428227	1232	475	1006	633	275.75	0	-2.07	-4.55	0.00	0.00
1	615	3428268	1232	475	1006	633	275.75	0	-2.08	-4.55	0.00	0.00
1	616	3428309	1232	475	1006	633	275.75	0	-2.08	-4.55	0.00	0.00
1	617	3428349	1232	475	1006	633	275.75	0	-2.08	-4.55	0.00	0.00
1	618	3428390	1232	474	1006	633	276.33	0	-2.09	-4.54	0.00	0.00
1	619	3428431	1232	474	1006	633	276.33	0	-2.09	-4.54	0.00	0.00
1	620	3428471	1232	474	1006	633	276.33	0	-2.09	-4.54	0.00	0.00
1	621	3428512	1232	474	1006	633	276.33	0	-2.10	-4.54	0.00	0.00
1	622	3428552	1232	474	1006	633	276.33	0	-2.10	-4.54	0.00	0.00
1	623	3428593	1232	473	1006	633	276.90	0	-2.10	-4.54	0.00	0.00
1	624	3428634	1232	473	1006	633	276.90	0	-2.11	-4.54	0.00	0.00
1	625	3428675	1232	473	1006	633	276.90	0	-2.11	-4.53	0.00	0.00
1	626	3428716	1231	473	1006	633	276.09	0	-2.11	-4.53	0.00	0.00
1	627	3428756	1231	473	1006	633	276.09	0	-2.11	-4.53	0.00	0.00
1	628	3428797	1231	472	1006	633	276.67	0	-2.12	-4.53	0.00	0.00
1	629	3428837	1231	472	1006	633	276.67	0	-2.12	-4.53	0.00	0.00
1	630	3428878	1231	472	1006	633	276.67	0	-2.12	-4.53	0.00	0.00
1	631	3428918	1231	472	1006	633	276.67	0	-2.13	-4.53	0.00	0.00
1	632	3428959	1231	472	1006	633	276.67	0	-2.13	-4.52	0.00	0.00
1	633	3429000	1231	472	1006	633	276.67	0	-2.13	-4.52	0.00	0.00
1	634	3429041	1231	471	1006	633	277.25	0	-2.14	-4.52	0.00	0.00
1	635	3429082	1231	471	1006	633	277.25	0	-2.14	-4.52	0.00	0.00
1	636	3429122	1231	471	1006	633	277.25	0	-2.14	-4.52	0.00	0.00
1	637	3429163	1230	471	1006	633	276.44	0	-2.14	-4.52	0.00	0.00
1	638	3429203	1230	471	1006	633	276.44	0	-2.15	-4.52	0.00	0.00
1	639	3429244	1230	470	1006	633	277.03	0	-2.15	-4.51	0.00	0.00
1	640	3429285	1230	470	1006	633	277.03	0	-2.15	-4.51	0.00	0.00
1	641	3429326	1230	470	1006	633	277.03	0	-2.16	-4.51	0.00	0.00
1	642	3429366	1230	470	1006	633	277.03	0	-2.16	-4.51	0.00	0.00
1	643	3429407	1230	470	1006	633	277.03	0	-2.16	-4.51	0.00	0.00
1	644	3429447	1230	470	1006	633	277.03	0	-2.17	-4.51	0.00	0.00
1	645	3429488	1230	469	1006	633	277.62	0	-2.17	-4.50	0.00	0.00
1	646	3429529	1230	469	1006	633	277.62	0	-2.17	-4.50	0.00	0.00
1	647	3429570	1230	469	1006	633	277.62	0	-2.18	-4.50	0.00	0.00
1	648	3429611	1230	469	1006	633	277.62	0	-2.18	-4.50	0.00	0.00
1	649	3429651	1229	469	1006	633	276.81	0	-2.18	-4.50	0.00	0.00
1	650	3429692	1229	468	1006	633	277.41	0	-2.19	-4.50	0.00	0.00
1	651	3429732	1229	468	1006	633	277.41	0	-2.19	-4.50	0.00	0.00
1	652	3429773	1229	468	1006	633	277.41	0	-2.19	-4.49	0.00	0.00
1	653	3429813	1229	468	1006	633	277.41	0	-2.19	-4.49	0.00	0.00
1	654	3429854	1229	468	1006	633	277.41	0	-2.20	-4.49	0.00	0.00
1	655	3429895	1229	467	1006	633	278.00	0	-2.20	-4.49	0.00	0.00
1	656	3429936	1229	467	1006	633	278.00	0	-2.20	-4.49	0.00	0.00
1	657	3429977	1229	467	1006	633	278.00	0	-2.21	-4.49	0.00	0.00
1	658	3430018	1229	467	1006	633	278.00	0	-2.21	-4.49	0.00	0.00
1	659	3430058	1229	467	1006	633	278.00	0	-2.21	-4.48	0.00	0.00
1	660	3430099	1228	467	1006	633	277.20	0	-2.22	-4.48	0.00	0.00
1	661	3430139	1228	466	1006	633	277.80	0	-2.22	-4.48	0.00	0.00
1	662	3430180	1228	466	1006	633	277.80	0	-2.22	-4.48	0.00	0.00
1	663	3430221	1228	466	1006	633	277.80	0	-2.23	-4.48	0.00	0.00
1	664	3430261	1228	466	1006	633	277.80	0	-2.23	-4.48	0.00	0.00
1	665	3430302	1228	466	1006	633	277.80	0	-2.23	-4.47	0.00	0.00
1	666	3430343	1228	465	1006	633	278.40	0	-2.23	-4.47	0.00	0.00
1	667	3430383	1228	465	1006	633	278.40	0	-2.24	-4.47	0.00	0.00
1	668	3430424	1228	465	1006	633	278.40	0	-2.24	-4.47	0.00	0.00
1	669	3430465	1228	465	1006	633	278.40	0	-2.24	-4.47	0.00	0.00
1	670	3430505	1228	465	1006	633	278.40	0	-2.25	-4.47	0.00	0.00
1	671	3430546	1227	465	1006	633	277.61	0	-2.25	-4.47	0.00	0.00
1	672	3430586	1227	464	1006	633	278.21	0	-2.25	-4.46	0.00	0.00
1	673	3430627	1227	464	1006	633	278.21	0	-2.26	-4.46	0.00	0.00
1	674	3430668	1227	464	1006	633	278.21	0	-2.26	-4.46	0.00	0.00
1	675	3430708	1227	464	1006	633	278.21	0	-2.26	-4.46	0.00	0.00
1	676	3430749	1227	464	1006	633	278.21	0	-2.26	-4.46	0.00	0.00
1	677	3430790	1227	463	1006	633	278.82	0	-2.27	-4.46	0.00	0.00
1	678	3430830	1227	463	1006	633	278.82	0	-2.27	-4.45	0.00	0.00
1	679	3430871	1227	463	1006	633	278.82	0	-2.27	-4.45	0.00	0.00
1	680	3430912	1227	463	1006	633	278.82	0	-2.28	-4.45	0.00	0.00
1	681	3430952	1227	463	1006	633	278.82	0	-2.28	-4.45	0.00	0.00
1	682	3430993	1226	463	1006	633	278.03	0	-2.28	-4.45	0.00	0.00
1	683	3431033	1226	462	1006	633	278.64	0	-2.29	-4.45	0.00	0.00
1	684	3431074	1226	462	1006	633	278.64	0	-2.29	-4.45	0.00	0.00
1	685	3431114	1226	462	1006	633	278.64	0	-2.29	-4.44	0.00	0.00
1	686	3431155	1226	462	1006	633	278.64	0	-2.29	-4.44	0.00	0.00
1	687	3431196	1226	462	1006	633	278.64	0	-2.30	-4.44	0.00	0.00
1	688	3431237	1226	461	1006	633	279.26	0	-2.30	-4.44	0.00	0.00
1	689	3431278	1226	461	1006	633	279.26	0	-2.30	-4.44	0.00	0.00
1	690	3431319	1226	461	1006	633	279.26	0	-2.31	-4.44	0.00	0.00
1	691	3431359	1226	461	1006	633	279.26	0	-2.31	-4.43	0.00	0.00
1	692	3431399	1225	461	1006	633	278.47	0	-2.31	-4.43	0.00	0.00
1	693	3431440	1225	461	1006	633	278.47	0	-2.32	-4.43	0.00	0.00
1	694	3431480	1225	460	1006	633	279.09	0	-2.32	-4.43	0.00	0.00
1	695	3431521	1225	460	1006	633	279.09	0	-2.32	-4.43	0.00	0.00
1	696	3431561	1225	460	1006	633	279.09	0	-2.33	-4.43	0.00	0.00
1	697	3431602	1225	460	1006	633	279.09	0	-2.33	-4.42	0.00	0.00
1	698	3431643	1225	460	1006	633	279.09	0	-2.33	-4.42	0.00	0.00
1	699	3431684	1225	459	1006	633	279.71	0	-2.33	-4.42	0.00	0.00
1	700	3431724	1225	459	1006	633	279.71	0	-2.34	-4.42	0.00	0.00
1	701	3431765	1225	459	1006	633	279.71	0	-2.34	-4.42	0.00	0.00
1	702	3431806	1225	459	1006	633	279.71	0	-2.34	-4.42	0.00	0.00
1	703	3431846	1224	459	1006	633	278.93	0	-2.35	-4.42	0.00	0.00
1	704	3431887	1224	459	1006	633	278.93	0	-2.35	-4.41	0.00	0.00
1	705	3431928	1224	458	1006	633	279.55	0	-2.35	-4.41	0.00	0.00
1	706	3431969	1224	458	1006	633	279.55	0	-2.36	-4.41	0.00	0.00
1	707	3432009	1224	458	1006	633	279.55	0	-2.36	-4.41	0.00	0.00
1	708	3432049	1224	458	1006	633	279.55	0	-2.36	-4.41	0.00	0.00
1	709	3432090	1224	458	1006	633	279.55	0	-2.36	-4.41	0.00	0.00
1	710	3432130	1224	457	1006	633	280.18	0	-2.37	-4.40	0.00	0.00
1	711	3432171	1224	457	1006	633	280.18	0	-2.37	-4.40	0.00	0.00
1	712	3432212	1224	457	1006	633	280.18	0	-2.37	-4.40	0.00	0.00
1	713	3432253	1223	457	1006	633	279.40	0	-2.38	-4.40	0.00	0.00
1	714	3432294	1223	457	1006	633	279.40	0	-2.38	-4.40	0.00	0.00
1	715	3432334	1223	457	1006	633	279.40	0	-2.38	-4.40	0.00	0.00
1	716	3432375	1223	456	1006	633	280.03	0	-2.39	-4.39	0.00	0.00
1	717	3432416	1223	456	1006	633	280.03	0	-2.39	-4.39	0.00	0.00
1	718	3432457	1223	456	1006	633	280.03	0	-2.39	-4.39	0.00	0.00
1	719	3432498	1223	456	1006	633	280.03	0	-2.39	-4.39	0.00	0.00
1	720	3432539	1223	456	1006	633	280.03	0	-2.40	-4.39	0.00	0.00
1	721	3432580	1223	455	1006	633	280.67	0	-2.40	-4.39	0.00	0.00
1	722	3432621	1223	455	1006	633	280.67	0	-2.40	-4.38	0.00	0.00
1	723	3432661	1222	455	1006	633	279.89	0	-2.41	-4.38	0.00	0.00
1	724	3432702	1222	455	1006	633	279.89	0	-2.41	-4.38	0.00	0.00
1	725	3432743	1222	455	1006	633	279.89	0	-2.41	-4.38	0.00	0.00
1	726	3432784	1222	455	1006	633	279.89	0	-2.42	-4.38	0.00	0.00
1	727	3432825	1222	454	1006	633	280.53	0	-2.42	-4.38	0.00	0.00
1	728	3432866	1222	454	1006	633	280.53	0	-2.42	-4.37	0.00	0.00
1	729	3432907	1222	454	1006	633	280.53	0	-2.42	-4.37	0.00	0.00
1	730	3432947	1222	454	1006	633	280.53	0	-2.43	-4.37	0.00	0.00
1	731	3432988	1222	454	1006	633	280.53	0	-2.43	-4.37	0.00	0.00
1	732	3433028	1222	453	1006	633	281.17	0	-2.43	-4.37	0.00	0.00
