Pra_Test	PointNum	PointTime	ObjPointX	ObjPointY	PostPointX	PostPointY	Distance	Hit	ObjSpeedX	ObjSpeedY	PostSpeedX	PostSpeedY
1	1	2076342	1259	597	960	600	299.02	0	-0.09	-10.00	31.00	0.00
1	2	2076382	1259	597	960	600	299.02	0	-0.10	-10.00	31.00	0.00
1	3	2076423	1259	596	962	600	297.03	0	-0.11	-10.00	31.00	0.00
1	4	2076463	1259	596	963	600	296.03	0	-0.13	-10.00	37.00	0.00
1	5	2076504	1259	595	965	600	294.04	0	-0.14	-10.00	0.00	-200.00
1	6	2076545	1259	595	965	591	294.03	0	-0.15	-10.00	0.00	-200.00
1	7	2076586	1259	595	965	584	294.21	0	-0.17	-10.00	0.00	-200.00
1	8	2076627	1259	594	965	575	294.61	0	-0.18	-10.00	0.00	-200.00
1	9	2076668	1259	594	965	567	295.24	0	-0.19	-10.00	0.00	-200.00
1	10	2076709	1259	593	965	558	296.08	0	-0.21	-10.00	0.00	-200.00
1	11	2076750	1259	593	965	551	296.98	0	-0.22	-10.00	0.00	-200.00
1	12	2076791	1259	592	965	542	298.22	0	-0.24	-10.00	0.00	-200.00
1	13	2076832	1259	592	965	535	299.47	0	-0.25	-10.00	0.00	-200.00
1	14	2076873	1259	592	965	526	301.32	0	-0.26	-10.00	0.00	-200.00
1	15	2076914	1259	591	965	518	302.93	0	-0.28	-10.00	0.00	-82.00
1	16	2076955	1259	591	965	514	303.92	0	-0.29	-10.00	0.00	0.00
1	17	2076996	1259	590	965	514	303.66	0	-0.30	-10.00	0.00	0.00
1	18	2077037	1259	590	965	514	303.66	0	-0.32	-9.99	0.00	0.00
1	19	2077078	1259	590	965	514	303.66	0	-0.33	-9.99	0.00	0.00
1	20	2077118	1259	589	965	514	303.42	0	-0.35	-9.99	0.00	0.00
1	21	2077159	1259	589	965	514	303.42	0	-0.36	-9.99	72.00	0.00
1	22	2077200	1259	588	968	514	300.26	0	-0.37	-9.99	200.00	0.00
1	23	2077241	1259	588	975	514	293.48	0	-0.38	-9.99	200.00	104.00
1	24	2077282	1259	588	983	519	284.49	0	-0.40	-9.99	200.00	150.00
1	25	2077323	1259	587	992	525	274.10	0	-0.41	-9.99	200.00	149.00
1	26	2077364	1259	587	1000	532	264.78	0	-0.43	-9.99	200.00	149.00
1	27	2077405	1259	586	1009	538	254.57	0	-0.44	-9.99	200.00	149.00
1	28	2077445	1259	586	1017	544	245.62	0	-0.45	-9.99	200.00	145.00
1	29	2077486	1259	585	1025	550	236.60	0	-0.47	-9.99	200.00	144.00
1	30	2077527	1259	585	1033	556	227.85	0	-0.48	-9.99	200.00	142.00
1	31	2077568	1259	585	1042	562	218.22	0	-0.50	-9.99	200.00	139.00
1	32	2077609	1259	584	1051	568	208.61	0	-0.51	-9.99	200.00	136.00
1	33	2077650	1259	584	1057	572	202.36	0	-0.52	-9.99	200.00	133.00
1	34	2077691	1259	583	1066	579	193.04	0	-0.54	-9.99	200.00	118.00
1	35	2077732	1259	583	1075	584	184.00	0	-0.55	-9.98	200.00	77.00
1	36	2077773	1259	583	1081	586	178.03	0	-0.56	-9.98	200.00	0.00
1	37	2077814	1259	582	1090	586	169.05	0	-0.58	-9.98	200.00	0.00
1	38	2077855	1259	582	1099	586	160.05	0	-0.59	-9.98	200.00	0.00
1	39	2077896	1259	581	1108	586	151.08	0	-0.60	-9.98	200.00	-78.00
1	40	2077937	1259	581	1116	583	143.01	0	-0.62	-9.98	200.00	-141.00
1	41	2077977	1259	581	1123	578	136.03	0	-0.63	-9.98	200.00	-200.00
1	42	2078018	1259	580	1132	569	127.48	0	-0.65	-9.98	198.00	-200.00
1	43	2078059	1259	580	1139	562	121.34	0	-0.66	-9.98	115.00	-200.00
1	44	2078100	1259	579	1144	553	117.90	0	-0.67	-9.98	0.00	-200.00
1	45	2078141	1259	579	1144	544	120.21	0	-0.69	-9.98	0.00	-200.00
1	46	2078182	1259	578	1144	536	122.43	0	-0.70	-9.98	-128.00	-200.00
1	47	2078223	1259	578	1140	529	128.69	0	-0.71	-9.97	-123.00	-200.00
1	48	2078263	1259	578	1135	520	136.89	0	-0.73	-9.97	0.00	0.00
1	49	2078304	1259	577	1135	520	136.47	0	-0.74	-9.97	36.00	0.00
1	50	2078345	1259	577	1136	520	135.57	0	-0.76	-9.97	106.00	0.00
1	51	2078386	1259	577	1140	520	131.95	0	-0.77	-9.97	136.00	0.00
1	52	2078427	1259	576	1146	520	126.12	0	-0.78	-9.97	171.00	0.00
1	53	2078468	1259	576	1153	520	119.88	0	-0.80	-9.97	200.00	39.00
1	54	2078509	1259	575	1162	522	110.54	0	-0.81	-9.97	200.00	77.00
1	55	2078550	1258	575	1169	525	102.08	0	-0.82	-9.97	200.00	82.00
1	56	2078591	1258	574	1177	528	93.15	0	-0.83	-9.97	200.00	82.00
1	57	2078632	1258	574	1186	532	83.35	0	-0.85	-9.96	200.00	82.00
1	58	2078672	1258	574	1194	535	74.95	0	-0.86	-9.96	164.00	0.00
1	59	2078713	1258	573	1201	535	68.51	0	-0.88	-9.96	51.00	0.00
1	60	2078754	1258	573	1203	535	66.85	0	-0.89	-9.96	0.00	0.00
1	61	2078795	1258	572	1203	535	66.29	0	-0.91	-9.96	0.00	0.00
1	62	2078836	1258	572	1203	535	66.29	0	-0.92	-9.96	0.00	0.00
1	63	2078877	1258	572	1203	535	66.29	0	-0.93	-9.96	0.00	0.00
1	64	2078918	1258	571	1203	535	65.73	0	-0.94	-9.96	0.00	0.00
1	65	2078958	1258	571	1203	535	65.73	0	-0.96	-9.95	0.00	0.00
1	66	2078999	1258	570	1203	535	65.19	0	-0.97	-9.95	0.00	0.00
1	67	2079040	1258	570	1203	535	65.19	0	-0.99	-9.95	0.00	0.00
1	68	2079081	1258	570	1203	535	65.19	0	-1.00	-9.95	0.00	0.00
1	69	2079122	1258	569	1203	535	64.66	0	-1.01	-9.95	0.00	0.00
1	70	2079163	1258	569	1203	535	64.66	0	-1.03	-9.95	0.00	0.00
1	71	2079204	1258	568	1203	535	64.14	0	-1.04	-9.95	0.00	0.00
1	72	2079245	1258	568	1203	535	64.14	0	-1.05	-9.94	0.00	0.00
1	73	2079286	1258	567	1203	535	63.63	0	-1.07	-9.94	0.00	0.00
1	74	2079327	1258	567	1203	535	63.63	0	-1.08	-9.94	0.00	0.00
1	75	2079368	1258	567	1203	535	63.63	0	-1.10	-9.94	0.00	0.00
1	76	2079409	1258	566	1203	535	63.13	0	-1.11	-9.94	0.00	0.00
1	77	2079450	1258	566	1203	535	63.13	0	-1.12	-9.94	0.00	0.00
1	78	2079491	1258	565	1203	535	62.65	0	-1.13	-9.94	0.00	0.00
1	79	2079532	1258	565	1203	535	62.65	0	-1.15	-9.93	0.00	0.00
1	80	2079572	1257	565	1203	535	61.77	0	-1.16	-9.93	0.00	0.00
1	81	2079613	1257	564	1203	535	61.29	0	-1.18	-9.93	0.00	0.00
1	82	2079654	1257	564	1203	535	61.29	0	-1.19	-9.93	0.00	0.00
1	83	2079695	1257	563	1203	535	60.83	0	-1.20	-9.93	0.00	0.00
1	84	2079736	1257	563	1203	535	60.83	0	-1.22	-9.93	0.00	0.00
1	85	2079777	1257	563	1203	535	60.83	0	-1.23	-9.92	0.00	0.00
1	86	2079818	1257	562	1203	535	60.37	0	-1.24	-9.92	0.00	0.00
1	87	2079859	1257	562	1203	535	60.37	0	-1.26	-9.92	0.00	0.00
1	88	2079900	1257	561	1203	535	59.93	0	-1.27	-9.92	0.00	0.00
1	89	2079941	1257	561	1203	535	59.93	0	-1.28	-9.92	0.00	0.00
1	90	2079982	1257	561	1203	535	59.93	0	-1.30	-9.92	0.00	0.00
1	91	2080023	1257	560	1203	535	59.51	0	-1.31	-9.91	-200.00	0.00
1	92	2080064	1257	560	1196	535	65.92	0	-1.32	-9.91	-200.00	0.00
1	93	2080105	1257	559	1188	535	73.05	0	-1.34	-9.91	-200.00	0.00
1	94	2080146	1257	559	1179	535	81.61	0	-1.35	-9.91	-200.00	28.00
1	95	2080187	1257	559	1170	536	89.99	0	-1.37	-9.91	-200.00	26.00
1	96	2080227	1257	558	1163	537	96.32	0	-1.38	-9.90	0.00	0.00
1	97	2080268	1257	558	1163	537	96.32	0	-1.39	-9.90	0.00	0.00
1	98	2080309	1257	557	1163	537	96.10	0	-1.41	-9.90	0.00	0.00
1	99	2080350	1256	557	1163	537	95.13	0	-1.42	-9.90	0.00	0.00
1	100	2080391	1256	557	1163	537	95.13	0	-1.43	-9.90	0.00	0.00
1	101	2080432	1256	556	1163	537	94.92	0	-1.45	-9.89	0.00	0.00
1	102	2080473	1256	556	1163	537	94.92	0	-1.46	-9.89	0.00	0.00
1	103	2080514	1256	555	1163	537	94.73	0	-1.47	-9.89	0.00	0.00
1	104	2080555	1256	555	1163	537	94.73	0	-1.49	-9.89	0.00	0.00
1	105	2080596	1256	554	1163	537	94.54	0	-1.50	-9.89	0.00	0.00
1	106	2080637	1256	554	1163	537	94.54	0	-1.51	-9.88	0.00	0.00
1	107	2080678	1256	554	1163	537	94.54	0	-1.53	-9.88	0.00	0.00
1	108	2080719	1256	553	1163	537	94.37	0	-1.54	-9.88	0.00	0.00
1	109	2080760	1256	553	1163	537	94.37	0	-1.56	-9.88	188.00	117.00
1	110	2080801	1256	552	1170	541	86.70	0	-1.57	-9.88	200.00	200.00
1	111	2080842	1256	552	1178	549	78.06	0	-1.58	-9.87	200.00	200.00
1	112	2080882	1256	552	1187	558	69.26	0	-1.60	-9.87	200.00	200.00
1	113	2080923	1256	551	1196	567	62.10	0	-1.61	-9.87	200.00	200.00
1	114	2080964	1256	551	1203	574	57.78	0	-1.62	-9.87	200.00	200.00
1	115	2081005	1255	550	1212	583	54.20	0	-1.64	-9.87	200.00	200.00
1	116	2081046	1255	550	1219	590	53.81	0	-1.65	-9.86	200.00	0.00
1	117	2081087	1255	550	1228	590	48.26	0	-1.66	-9.86	0.00	0.00
1	118	2081128	1255	549	1228	590	49.09	0	-1.68	-9.86	0.00	0.00
1	119	2081169	1255	549	1228	590	49.09	0	-1.69	-9.86	0.00	0.00
1	120	2081210	1255	548	1228	590	49.93	0	-1.70	-9.85	0.00	0.00
1	121	2081250	1255	548	1228	590	49.93	0	-1.72	-9.85	0.00	0.00
1	122	2081291	1255	548	1228	590	49.93	0	-1.73	-9.85	-131.00	-40.00
1	123	2081332	1255	547	1223	589	52.80	0	-1.74	-9.85	-200.00	-131.00
1	124	2081373	1255	547	1214	583	54.56	0	-1.76	-9.84	-200.00	-169.00
1	125	2081414	1255	546	1205	576	58.31	0	-1.77	-9.84	-200.00	-167.00
1	126	2081455	1255	546	1199	570	60.93	0	-1.78	-9.84	-200.00	-134.00
1	127	2081496	1255	546	1190	565	67.72	0	-1.80	-9.84	0.00	0.00
1	128	2081537	1255	545	1190	565	68.01	0	-1.81	-9.83	0.00	0.00
1	129	2081577	1254	545	1190	565	67.05	0	-1.83	-9.83	0.00	0.00
1	130	2081618	1254	544	1190	565	67.36	0	-1.84	-9.83	0.00	0.00
1	131	2081659	1254	544	1190	565	67.36	0	-1.85	-9.83	0.00	0.00
1	132	2081700	1254	544	1190	565	67.36	0	-1.87	-9.82	58.00	0.00
1	133	2081741	1254	543	1192	565	65.79	0	-1.88	-9.82	141.00	0.00
1	134	2081782	1254	543	1199	565	59.24	0	-1.89	-9.82	200.00	0.00
1	135	2081823	1254	542	1208	565	51.43	0	-1.91	-9.82	200.00	0.00
1	136	2081864	1254	542	1214	565	46.14	0	-1.92	-9.81	200.00	0.00
1	137	2081905	1254	542	1222	565	39.41	0	-1.93	-9.81	200.00	0.00
1	138	2081946	1254	541	1232	565	32.56	0	-1.95	-9.81	0.00	0.00
1	139	2081987	1254	541	1232	565	32.56	0	-1.96	-9.81	0.00	0.00
1	140	2082028	1254	540	1232	565	33.30	0	-1.97	-9.80	0.00	0.00
1	141	2082069	1254	540	1232	565	33.30	0	-1.98	-9.80	0.00	0.00
1	142	2082110	1253	540	1232	565	32.65	0	-2.00	-9.80	0.00	0.00
1	143	2082150	1253	539	1232	565	33.42	0	-2.01	-9.80	0.00	0.00
1	144	2082191	1253	539	1232	565	33.42	0	-2.03	-9.79	0.00	-145.00
1	145	2082232	1253	538	1232	559	29.70	0	-2.04	-9.79	-70.00	-200.00
1	146	2082273	1253	538	1229	551	27.29	0	-2.05	-9.79	-54.00	-200.00
1	147	2082314	1253	538	1227	542	26.31	0	-2.07	-9.78	0.00	0.00
1	148	2082355	1253	537	1227	542	26.48	0	-2.08	-9.78	0.00	0.00
1	149	2082396	1253	537	1227	542	26.48	0	-2.09	-9.78	0.00	0.00
1	150	2082436	1253	536	1227	542	26.68	0	-2.11	-9.78	0.00	0.00
1	151	2082477	1253	536	1227	542	26.68	0	-2.12	-9.77	0.00	0.00
1	152	2082518	1253	535	1227	542	26.93	0	-2.13	-9.77	0.00	0.00
1	153	2082558	1253	535	1227	542	26.93	0	-2.14	-9.77	0.00	0.00
1	154	2082599	1252	535	1227	542	25.96	0	-2.16	-9.76	0.00	-200.00
1	155	2082640	1252	534	1227	534	25.00	0	-2.17	-9.76	0.00	-200.00
1	156	2082680	1252	534	1227	525	26.57	0	-2.19	-9.76	0.00	-200.00
1	157	2082720	1252	533	1227	516	30.23	0	-2.20	-9.75	0.00	-200.00
1	158	2082761	1252	533	1227	510	33.97	0	-2.21	-9.75	0.00	-200.00
1	159	2082802	1252	533	1227	501	40.61	0	-2.23	-9.75	0.00	-200.00
1	160	2082843	1252	532	1227	493	46.32	0	-2.24	-9.75	0.00	-200.00
1	161	2082884	1252	532	1227	484	54.12	0	-2.25	-9.74	0.00	-200.00
1	162	2082925	1252	531	1227	475	61.33	0	-2.27	-9.74	0.00	-200.00
1	163	2082966	1252	531	1227	467	68.71	0	-2.28	-9.74	0.00	-200.00
1	164	2083007	1252	531	1227	460	75.27	0	-2.29	-9.73	0.00	-200.00
1	165	2083048	1251	530	1227	451	82.57	0	-2.31	-9.73	0.00	-200.00
1	166	2083089	1251	530	1227	443	90.25	0	-2.32	-9.73	0.00	-200.00
1	167	2083130	1251	529	1227	434	97.98	0	-2.33	-9.72	0.00	-200.00
1	168	2083170	1251	529	1227	427	104.79	0	-2.34	-9.72	0.00	-200.00
1	169	2083211	1251	529	1227	418	113.56	0	-2.36	-9.72	0.00	-200.00
1	170	2083252	1251	528	1227	411	119.44	0	-2.37	-9.71	0.00	-200.00
1	171	2083292	1251	528	1227	402	128.27	0	-2.39	-9.71	0.00	-200.00
1	172	2083333	1251	528	1227	395	135.15	0	-2.40	-9.71	0.00	-200.00
1	173	2083374	1251	527	1227	385	144.01	0	-2.41	-9.70	0.00	-200.00
1	174	2083415	1251	527	1227	378	150.92	0	-2.42	-9.70	0.00	-200.00
1	175	2083456	1250	526	1227	369	158.68	0	-2.44	-9.70	0.00	-200.00
1	176	2083497	1250	526	1227	362	165.60	0	-2.45	-9.69	0.00	-200.00
1	177	2083538	1250	526	1227	352	175.51	0	-2.47	-9.69	0.00	-200.00
1	178	2083578	1250	525	1227	345	181.46	0	-2.48	-9.69	0.00	-200.00
1	179	2083618	1250	525	1227	336	190.39	0	-2.49	-9.68	0.00	-200.00
1	180	2083659	1250	524	1227	329	196.35	0	-2.50	-9.68	0.00	-200.00
1	181	2083700	1250	524	1227	320	205.29	0	-2.52	-9.68	0.00	-200.00
1	182	2083741	1250	524	1227	311	214.24	0	-2.53	-9.67	0.00	-200.00
1	183	2083782	1250	523	1227	304	220.20	0	-2.54	-9.67	0.00	-200.00
1	184	2083823	1250	523	1227	295	229.16	0	-2.56	-9.67	0.00	-200.00
1	185	2083864	1249	522	1227	288	235.03	0	-2.57	-9.66	0.00	-200.00
1	186	2083905	1249	522	1227	280	243.00	0	-2.58	-9.66	0.00	-200.00
1	187	2083945	1249	522	1227	271	251.96	0	-2.60	-9.66	0.00	-200.00
1	188	2083986	1249	521	1227	262	259.93	0	-2.61	-9.65	0.00	-200.00
1	189	2084026	1249	521	1227	255	266.91	0	-2.62	-9.65	0.00	-200.00
1	190	2084067	1249	520	1227	246	274.88	0	-2.64	-9.65	0.00	-200.00
1	191	2084107	1249	520	1227	239	281.86	0	-2.65	-9.64	0.00	-200.00
1	192	2084148	1249	520	1227	229	291.83	0	-2.66	-9.64	0.00	-200.00
1	193	2084189	1249	519	1227	222	297.81	0	-2.68	-9.64	0.00	-200.00
1	194	2084229	1248	519	1227	216	303.73	0	-2.69	-9.63	0.00	-200.00
1	195	2084270	1248	518	1227	216	302.73	0	-2.70	-9.63	0.00	-200.00
1	196	2084311	1248	518	1227	216	302.73	0	-2.72	-9.62	0.00	-200.00
1	197	2084352	1248	518	1227	216	302.73	0	-2.73	-9.62	0.00	-200.00
1	198	2084393	1248	517	1227	216	301.73	0	-2.74	-9.62	0.00	-200.00
1	199	2084434	1248	517	1227	216	301.73	0	-2.75	-9.61	0.00	-200.00
1	200	2084475	1248	516	1227	216	300.73	0	-2.77	-9.61	0.00	-200.00
1	201	2084516	1248	516	1227	216	300.73	0	-2.78	-9.61	0.00	-200.00
1	202	2084556	1248	516	1227	216	300.73	0	-2.79	-9.60	0.00	-200.00
1	203	2084596	1247	515	1227	216	299.67	0	-2.81	-9.60	0.00	-200.00
1	204	2084637	1247	515	1227	216	299.67	0	-2.82	-9.59	0.00	-200.00
1	205	2084677	1247	514	1227	216	298.67	0	-2.83	-9.59	0.00	-200.00
1	206	2084718	1247	514	1227	216	298.67	0	-2.85	-9.59	0.00	-200.00
1	207	2084759	1247	514	1227	216	298.67	0	-2.86	-9.58	0.00	0.00
1	208	2084800	1247	513	1227	216	297.67	0	-2.87	-9.58	0.00	0.00
1	209	2084841	1247	513	1227	216	297.67	0	-2.89	-9.57	0.00	0.00
1	210	2084882	1247	513	1227	216	297.67	0	-2.90	-9.57	0.00	0.00
1	211	2084922	1246	512	1227	216	296.61	0	-2.91	-9.57	0.00	0.00
1	212	2084963	1246	512	1227	216	296.61	0	-2.93	-9.56	-68.00	0.00
1	213	2085004	1246	511	1223	216	295.90	0	-2.94	-9.56	-200.00	0.00
1	214	2085044	1246	511	1215	216	296.62	0	-2.95	-9.55	-200.00	0.00
1	215	2085085	1246	511	1209	216	297.31	0	-2.96	-9.55	-200.00	0.00
1	216	2085126	1246	510	1200	216	297.58	0	-2.98	-9.55	-200.00	0.00
1	217	2085166	1246	510	1191	216	299.10	0	-2.99	-9.54	-200.00	0.00
1	218	2085207	1246	509	1182	216	299.91	0	-3.00	-9.54	-200.00	0.00
1	219	2085248	1246	509	1174	216	301.72	0	-3.02	-9.53	-200.00	0.00
1	220	2085289	1245	509	1167	216	303.20	0	-3.03	-9.53	-200.00	0.00
1	221	2085330	1245	508	1157	216	304.97	0	-3.04	-9.53	-200.00	0.00
1	222	2085371	1245	508	1150	216	307.07	0	-3.06	-9.52	-200.00	0.00
1	223	2085412	1245	507	1141	216	309.03	0	-3.07	-9.52	-200.00	0.00
1	224	2085452	1245	507	1134	216	311.45	0	-3.08	-9.51	-200.00	0.00
1	225	2085493	1245	507	1125	216	314.77	0	-3.10	-9.51	-200.00	0.00
1	226	2085533	1245	506	1116	216	317.40	0	-3.11	-9.50	-200.00	0.00
1	227	2085573	1245	506	1110	216	319.88	0	-3.12	-9.50	-200.00	0.00
1	228	2085614	1244	505	1101	216	322.44	0	-3.13	-9.50	-200.00	0.00
1	229	2085655	1244	505	1093	216	326.07	0	-3.15	-9.49	-200.00	0.00
1	230	2085696	1244	505	1084	216	330.33	0	-3.16	-9.49	-200.00	0.00
1	231	2085737	1244	504	1075	216	333.92	0	-3.17	-9.48	-200.00	0.00
1	232	2085778	1244	504	1068	216	337.52	0	-3.19	-9.48	-200.00	0.00
1	233	2085819	1244	504	1059	216	342.30	0	-3.20	-9.47	-200.00	0.00
1	234	2085859	1244	503	1052	216	345.30	0	-3.21	-9.47	-200.00	0.00
1	235	2085900	1243	503	1043	216	349.81	0	-3.23	-9.47	-200.00	0.00
1	236	2085941	1243	502	1036	216	353.05	0	-3.24	-9.46	-200.00	0.00
1	237	2085982	1243	502	1026	216	359.01	0	-3.25	-9.46	-200.00	0.00
1	238	2086023	1243	502	1020	216	362.66	0	-3.26	-9.45	-200.00	0.00
1	239	2086063	1243	501	1011	216	367.49	0	-3.28	-9.45	-200.00	0.00
1	240	2086104	1243	501	1003	216	372.59	0	-3.29	-9.44	-200.00	0.00
1	241	2086145	1243	500	993	216	378.36	0	-3.30	-9.44	-200.00	0.00
1	242	2086185	1243	500	986	216	383.02	0	-3.31	-9.43	-200.00	0.00
1	243	2086226	1242	500	978	216	387.75	0	-3.33	-9.43	-200.00	0.00
1	244	2086267	1242	499	969	216	393.21	0	-3.34	-9.43	-200.00	0.00
1	245	2086307	1242	499	961	216	398.81	0	-3.36	-9.42	-200.00	0.00
1	246	2086348	1242	499	954	216	403.77	0	-3.37	-9.42	-200.00	0.00
1	247	2086389	1242	498	944	216	410.28	0	-3.38	-9.41	-200.00	0.00
1	248	2086430	1242	498	937	216	415.39	0	-3.39	-9.41	-200.00	0.00
1	249	2086471	1242	497	928	216	421.38	0	-3.41	-9.40	-200.00	0.00
1	250	2086511	1241	497	921	216	425.86	0	-3.42	-9.40	-200.00	0.00
1	251	2086552	1241	497	911	216	433.43	0	-3.43	-9.39	-200.00	0.00
1	252	2086593	1241	496	904	216	438.14	0	-3.44	-9.39	-200.00	0.00
1	253	2086634	1241	496	895	216	445.10	0	-3.46	-9.38	-200.00	0.00
1	254	2086674	1241	495	889	216	449.16	0	-3.47	-9.38	-200.00	0.00
1	255	2086715	1241	495	880	216	456.25	0	-3.48	-9.37	-200.00	0.00
1	256	2086756	1241	495	870	216	464.20	0	-3.50	-9.37	-200.00	0.00
1	257	2086796	1240	494	863	216	468.42	0	-3.51	-9.36	-200.00	0.00
1	258	2086837	1240	494	854	216	475.69	0	-3.52	-9.36	-200.00	0.00
1	259	2086878	1240	494	847	216	481.39	0	-3.53	-9.36	-200.00	0.00
1	260	2086919	1240	493	839	216	487.37	0	-3.55	-9.35	-200.00	0.00
1	261	2086960	1240	493	830	216	494.80	0	-3.56	-9.35	-200.00	0.00
1	262	2087001	1240	492	821	216	501.73	0	-3.57	-9.34	-200.00	0.00
1	263	2087042	1240	492	814	216	507.59	0	-3.58	-9.34	-200.00	0.00
1	264	2087083	1239	492	805	216	514.33	0	-3.60	-9.33	-200.00	0.00
1	265	2087124	1239	491	797	216	520.57	0	-3.61	-9.33	-200.00	0.00
1	266	2087164	1239	491	788	216	528.23	0	-3.62	-9.32	-200.00	0.00
1	267	2087204	1239	490	781	216	533.70	0	-3.64	-9.32	-200.00	0.00
1	268	2087245	1239	490	772	216	541.45	0	-3.65	-9.31	-200.00	0.00
1	269	2087286	1239	490	765	216	547.50	0	-3.66	-9.31	-200.00	0.00
1	270	2087327	1239	489	756	216	554.81	0	-3.68	-9.30	-200.00	0.00
1	271	2087368	1238	489	749	216	560.04	0	-3.69	-9.30	-200.00	0.00
1	272	2087409	1238	489	740	216	567.92	0	-3.70	-9.29	-200.00	0.00
1	273	2087450	1238	488	731	216	575.35	0	-3.71	-9.29	-200.00	0.00
1	274	2087491	1238	488	724	216	581.53	0	-3.72	-9.28	-200.00	0.00
1	275	2087531	1238	487	715	216	589.04	0	-3.74	-9.28	-200.00	0.00
1	276	2087572	1238	487	706	216	597.05	0	-3.75	-9.27	-200.00	0.00
1	277	2087613	1237	487	700	216	601.51	0	-3.76	-9.27	-200.00	0.00
1	278	2087654	1237	486	691	216	609.11	0	-3.77	-9.26	-200.00	0.00
1	279	2087695	1237	486	682	216	617.19	0	-3.79	-9.25	-200.00	0.00
1	280	2087736	1237	485	673	216	624.87	0	-3.80	-9.25	-200.00	0.00
1	281	2087776	1237	485	666	216	631.19	0	-3.81	-9.24	-200.00	0.00
1	282	2087817	1237	485	657	216	639.34	0	-3.83	-9.24	-200.00	0.00
1	283	2087857	1237	484	650	216	645.29	0	-3.84	-9.23	-200.00	0.00
1	284	2087897	1236	484	642	216	651.66	0	-3.85	-9.23	-200.00	0.00
1	285	2087938	1236	484	633	216	659.87	0	-3.86	-9.22	-200.00	0.00
1	286	2087979	1236	483	624	216	667.71	0	-3.88	-9.22	-200.00	0.00
1	287	2088019	1236	483	618	216	673.21	0	-3.89	-9.21	-200.00	0.00
1	288	2088060	1236	482	609	216	681.09	0	-3.90	-9.21	-200.00	0.00
1	289	2088101	1236	482	600	216	689.39	0	-3.91	-9.20	-200.00	0.00
1	290	2088142	1235	482	592	216	695.85	0	-3.93	-9.20	-200.00	0.00
1	291	2088183	1235	481	583	216	703.80	0	-3.94	-9.19	-200.00	0.00
1	292	2088224	1235	481	577	216	709.36	0	-3.95	-9.19	-200.00	0.00
1	293	2088265	1235	481	568	216	717.71	0	-3.96	-9.18	-200.00	0.00
1	294	2088306	1235	480	559	216	725.72	0	-3.98	-9.18	-200.00	0.00
1	295	2088347	1235	480	551	216	733.18	0	-3.99	-9.17	-200.00	0.00
1	296	2088388	1234	479	542	216	740.29	0	-4.00	-9.16	-200.00	0.00
1	297	2088428	1234	479	535	216	746.84	0	-4.01	-9.16	-200.00	0.00
1	298	2088469	1234	479	526	216	755.27	0	-4.03	-9.15	-200.00	0.00
1	299	2088510	1234	478	519	216	761.49	0	-4.04	-9.15	-200.00	0.00
1	300	2088551	1234	478	509	216	770.89	0	-4.05	-9.14	-200.00	0.00
1	301	2088592	1234	478	501	216	778.42	0	-4.07	-9.14	-200.00	0.00
1	302	2088633	1233	477	495	216	782.79	0	-4.08	-9.13	-200.00	0.00
1	303	2088674	1233	477	486	216	791.28	0	-4.09	-9.13	-200.00	0.00
1	304	2088715	1233	476	477	216	799.46	0	-4.10	-9.12	-200.00	0.00
1	305	2088755	1233	476	469	216	807.03	0	-4.12	-9.11	-200.00	0.00
1	306	2088796	1233	476	460	216	815.55	0	-4.13	-9.11	-200.00	0.00
1	307	2088837	1233	475	453	216	821.88	0	-4.14	-9.10	-200.00	0.00
1	308	2088878	1232	475	448	216	825.67	0	-4.15	-9.10	-200.00	0.00
1	309	2088919	1232	475	448	216	825.67	0	-4.16	-9.09	-200.00	0.00
1	310	2088960	1232	474	448	216	825.36	0	-4.18	-9.09	-200.00	0.00
1	311	2089001	1232	474	448	216	825.36	0	-4.19	-9.08	-200.00	0.00
1	312	2089042	1232	473	448	216	825.05	0	-4.20	-9.07	-200.00	0.00
1	313	2089082	1232	473	448	216	825.05	0	-4.22	-9.07	-200.00	0.00
1	314	2089122	1231	473	448	216	824.10	0	-4.22	-9.06	-200.00	0.00
1	315	2089163	1231	472	448	216	823.79	0	-4.24	-9.06	-200.00	0.00
1	316	2089204	1231	472	448	216	823.79	0	-4.25	-9.05	-200.00	0.00
1	317	2089245	1231	472	448	216	823.79	0	-4.26	-9.05	-200.00	0.00
1	318	2089286	1231	471	448	216	823.48	0	-4.28	-9.04	-200.00	0.00
1	319	2089327	1231	471	448	216	823.48	0	-4.29	-9.03	-200.00	0.00
1	320	2089367	1230	470	448	216	822.22	0	-4.30	-9.03	-200.00	0.00
1	321	2089408	1230	470	448	216	822.22	0	-4.31	-9.02	-200.00	0.00
1	322	2089449	1230	470	448	216	822.22	0	-4.33	-9.02	-200.00	0.00
1	323	2089490	1230	469	448	216	821.91	0	-4.34	-9.01	-200.00	0.00
1	324	2089531	1230	469	448	216	821.91	0	-4.35	-9.00	-200.00	0.00
1	325	2089572	1229	469	448	216	820.96	0	-4.36	-9.00	0.00	0.00
1	326	2089613	1229	468	448	216	820.65	0	-4.38	-8.99	0.00	0.00
1	327	2089654	1229	468	448	216	820.65	0	-4.39	-8.99	0.00	0.00
1	328	2089694	1229	467	448	216	820.34	0	-4.40	-8.98	0.00	0.00
1	329	2089734	1229	467	448	216	820.34	0	-4.41	-8.97	0.00	0.00
1	330	2089775	1229	467	448	216	820.34	0	-4.42	-8.97	0.00	126.00
1	331	2089816	1228	466	448	220	817.87	0	-4.44	-8.96	0.00	200.00
1	332	2089857	1228	466	448	229	815.21	0	-4.45	-8.96	0.00	200.00
1	333	2089898	1228	466	448	236	813.20	0	-4.46	-8.95	0.00	200.00
1	334	2089939	1228	465	448	246	810.16	0	-4.47	-8.94	0.00	200.00
1	335	2089980	1228	465	448	253	808.30	0	-4.48	-8.94	0.00	200.00
1	336	2090021	1227	465	448	262	805.02	0	-4.50	-8.93	0.00	200.00
1	337	2090062	1227	464	448	269	803.04	0	-4.51	-8.93	0.00	200.00
1	338	2090103	1227	464	448	279	800.67	0	-4.52	-8.92	0.00	200.00
1	339	2090144	1227	464	448	286	799.08	0	-4.53	-8.91	0.00	200.00
1	340	2090185	1227	463	448	295	796.91	0	-4.55	-8.91	0.00	200.00
1	341	2090226	1227	463	448	302	795.46	0	-4.56	-8.90	0.00	200.00
1	342	2090267	1226	462	448	311	792.52	0	-4.57	-8.89	0.00	200.00
1	343	2090308	1226	462	448	318	791.21	0	-4.58	-8.89	0.00	200.00
1	344	2090348	1226	462	448	328	789.46	0	-4.60	-8.88	0.00	200.00
1	345	2090389	1226	461	448	335	788.14	0	-4.61	-8.88	0.00	200.00
1	346	2090430	1226	461	448	344	786.75	0	-4.62	-8.87	0.00	200.00
1	347	2090471	1225	461	448	350	784.89	0	-4.63	-8.86	0.00	200.00
1	348	2090512	1225	460	448	359	783.54	0	-4.64	-8.86	0.00	200.00
1	349	2090553	1225	460	448	368	782.43	0	-4.65	-8.85	0.00	200.00
1	350	2090594	1225	459	448	377	781.31	0	-4.67	-8.84	0.00	200.00
1	351	2090635	1225	459	448	384	780.61	0	-4.68	-8.84	0.00	200.00
1	352	2090675	1224	459	448	393	778.80	0	-4.69	-8.83	0.00	200.00
1	353	2090716	1224	458	448	400	778.16	0	-4.70	-8.83	0.00	200.00
1	354	2090757	1224	458	448	410	777.48	0	-4.72	-8.82	0.00	200.00
1	355	2090798	1224	458	448	417	777.08	0	-4.73	-8.81	0.00	200.00
1	356	2090839	1224	457	448	426	776.62	0	-4.74	-8.80	0.00	200.00
1	357	2090879	1223	457	448	433	775.37	0	-4.75	-8.80	0.00	200.00
1	358	2090920	1223	457	448	443	775.13	0	-4.76	-8.79	0.00	200.00
1	359	2090961	1223	456	448	450	775.02	0	-4.78	-8.79	0.00	200.00
1	360	2091002	1223	456	448	459	775.01	0	-4.79	-8.78	0.00	200.00
1	361	2091043	1223	455	448	467	775.09	0	-4.80	-8.77	0.00	200.00
1	362	2091084	1223	455	448	474	775.23	0	-4.81	-8.77	0.00	200.00
1	363	2091124	1222	455	448	482	774.47	0	-4.82	-8.76	0.00	200.00
1	364	2091165	1222	454	448	492	774.93	0	-4.84	-8.75	0.00	200.00
1	365	2091206	1222	454	448	499	775.31	0	-4.85	-8.75	0.00	200.00
1	366	2091247	1222	454	448	507	775.81	0	-4.86	-8.74	0.00	200.00
1	367	2091288	1221	453	448	516	775.56	0	-4.87	-8.73	0.00	200.00
1	368	2091329	1221	453	448	525	776.35	0	-4.88	-8.73	0.00	200.00
1	369	2091370	1221	453	448	532	777.03	0	-4.89	-8.72	0.00	200.00
1	370	2091411	1221	452	448	540	777.99	0	-4.91	-8.71	0.00	200.00
1	371	2091451	1221	452	448	549	779.06	0	-4.92	-8.71	0.00	200.00
1	372	2091492	1220	452	448	557	779.11	0	-4.93	-8.70	0.00	200.00
1	373	2091533	1220	451	448	564	780.23	0	-4.94	-8.69	0.00	200.00
1	374	2091574	1220	451	448	571	781.27	0	-4.95	-8.69	0.00	200.00
1	375	2091614	1220	451	448	581	782.87	0	-4.97	-8.68	0.00	200.00
1	376	2091655	1220	450	448	590	784.59	0	-4.98	-8.67	0.00	200.00
1	377	2091696	1219	450	448	597	784.89	0	-4.99	-8.67	0.00	200.00
1	378	2091737	1219	449	448	607	787.02	0	-5.00	-8.66	0.00	200.00
1	379	2091778	1219	449	448	614	788.46	0	-5.01	-8.65	0.00	200.00
1	380	2091819	1219	449	448	623	790.39	0	-5.03	-8.64	0.00	200.00
1	381	2091859	1219	448	448	630	792.19	0	-5.04	-8.64	0.00	200.00
1	382	2091900	1218	448	448	639	793.34	0	-5.05	-8.63	0.00	200.00
1	383	2091941	1218	448	448	646	795.05	0	-5.06	-8.63	0.00	200.00
1	384	2091981	1218	447	448	655	797.60	0	-5.07	-8.62	0.00	200.00
1	385	2092022	1218	447	448	663	799.72	0	-5.08	-8.61	0.00	200.00
1	386	2092063	1218	447	448	672	802.20	0	-5.10	-8.60	0.00	200.00
1	387	2092104	1217	446	448	679	803.52	0	-5.11	-8.60	0.00	200.00
1	388	2092144	1217	446	448	689	806.48	0	-5.12	-8.59	0.00	200.00
1	389	2092185	1217	446	448	696	808.62	0	-5.13	-8.58	0.00	200.00
1	390	2092226	1217	445	448	705	811.76	0	-5.14	-8.58	0.00	200.00
1	391	2092266	1217	445	448	713	814.36	0	-5.16	-8.57	0.00	200.00
1	392	2092307	1216	445	448	720	815.75	0	-5.17	-8.56	0.00	200.00
1	393	2092348	1216	444	448	729	819.18	0	-5.18	-8.55	0.00	200.00
1	394	2092389	1216	444	448	738	822.35	0	-5.19	-8.55	0.00	200.00
1	395	2092430	1216	443	448	745	825.24	0	-5.20	-8.54	0.00	200.00
1	396	2092471	1215	443	448	754	827.65	0	-5.21	-8.53	0.00	200.00
1	397	2092512	1215	443	448	761	830.31	0	-5.22	-8.53	0.00	200.00
1	398	2092553	1215	442	448	771	834.58	0	-5.24	-8.52	0.00	200.00
1	399	2092593	1215	442	448	778	837.37	0	-5.25	-8.51	0.00	200.00
1	400	2092634	1215	442	448	787	841.02	0	-5.26	-8.50	0.00	200.00
1	401	2092675	1214	441	448	794	843.42	0	-5.27	-8.50	0.00	200.00
1	402	2092716	1214	441	448	802	846.80	0	-5.28	-8.49	0.00	200.00
1	403	2092757	1214	441	448	811	850.68	0	-5.30	-8.48	0.00	200.00
1	404	2092798	1214	440	448	820	855.08	0	-5.31	-8.48	0.00	200.00
1	405	2092839	1214	440	448	827	858.21	0	-5.32	-8.47	0.00	200.00
1	406	2092880	1213	440	448	834	860.50	0	-5.33	-8.46	0.00	200.00
1	407	2092920	1213	439	448	843	865.12	0	-5.34	-8.45	0.00	200.00
1	408	2092961	1213	439	448	852	869.36	0	-5.35	-8.45	0.00	200.00
1	409	2093002	1213	439	448	860	873.19	0	-5.36	-8.44	0.00	200.00
1	410	2093043	1212	438	448	869	877.19	0	-5.38	-8.43	0.00	200.00
1	411	2093084	1212	438	448	876	880.65	0	-5.39	-8.42	0.00	200.00
1	412	2093125	1212	437	448	886	886.17	0	-5.40	-8.42	0.00	200.00
1	413	2093166	1212	437	448	893	889.74	0	-5.41	-8.41	0.00	200.00
1	414	2093207	1212	437	448	901	893.86	0	-5.42	-8.40	0.00	200.00
1	415	2093247	1211	436	448	910	898.25	0	-5.43	-8.39	0.00	200.00
1	416	2093288	1211	436	448	917	901.96	0	-5.44	-8.39	0.00	200.00
1	417	2093329	1211	436	448	927	907.33	0	-5.46	-8.38	0.00	200.00
1	418	2093370	1211	435	448	934	911.69	0	-5.47	-8.37	0.00	200.00
1	419	2093411	1210	435	448	943	915.81	0	-5.48	-8.36	0.00	200.00
1	420	2093452	1210	435	448	950	919.71	0	-5.49	-8.36	0.00	200.00
1	421	2093492	1210	434	448	959	925.35	0	-5.50	-8.35	0.00	200.00
1	422	2093533	1210	434	448	966	929.34	0	-5.51	-8.34	0.00	200.00
1	423	2093573	1210	434	448	975	934.52	0	-5.52	-8.34	0.00	200.00
1	424	2093614	1209	433	448	984	939.53	0	-5.54	-8.33	0.00	200.00
1	425	2093654	1209	433	448	984	939.53	0	-5.55	-8.32	0.00	200.00
1	426	2093695	1209	433	448	984	939.53	0	-5.56	-8.31	0.00	200.00
1	427	2093736	1209	432	448	984	940.12	0	-5.57	-8.31	0.00	200.00
1	428	2093777	1208	432	448	984	939.31	0	-5.58	-8.30	0.00	200.00
1	429	2093818	1208	432	448	984	939.31	0	-5.59	-8.29	0.00	200.00
1	430	2093859	1208	431	448	984	939.90	0	-5.61	-8.28	0.00	200.00
1	431	2093900	1208	431	448	984	939.90	0	-5.62	-8.27	0.00	200.00
1	432	2093941	1207	431	448	984	939.09	0	-5.63	-8.27	0.00	200.00
1	433	2093982	1207	430	448	984	939.68	0	-5.64	-8.26	0.00	200.00
1	434	2094022	1207	430	448	984	939.68	0	-5.65	-8.25	0.00	200.00
1	435	2094063	1207	430	448	984	939.68	0	-5.66	-8.24	0.00	0.00
1	436	2094104	1207	429	448	984	940.27	0	-5.67	-8.23	0.00	0.00
1	437	2094145	1206	429	448	984	939.46	0	-5.68	-8.23	0.00	0.00
1	438	2094186	1206	429	448	984	939.46	0	-5.69	-8.22	0.00	0.00
1	439	2094227	1206	428	448	984	940.05	0	-5.71	-8.21	34.00	0.00
1	440	2094268	1206	428	449	984	939.25	0	-5.72	-8.20	193.00	0.00
1	441	2094309	1205	428	457	984	932.01	0	-5.73	-8.20	200.00	0.00
1	442	2094350	1205	427	464	984	927.00	0	-5.74	-8.19	200.00	0.00
1	443	2094391	1205	427	473	984	919.82	0	-5.75	-8.18	200.00	0.00
1	444	2094432	1205	427	482	984	912.68	0	-5.76	-8.17	200.00	0.00
1	445	2094472	1204	426	488	984	907.76	0	-5.77	-8.17	200.00	0.00
1	446	2094513	1204	426	497	984	900.67	0	-5.78	-8.16	200.00	0.00
1	447	2094554	1204	426	505	984	894.41	0	-5.80	-8.15	200.00	0.00
1	448	2094595	1204	425	514	984	888.02	0	-5.81	-8.14	200.00	0.00
1	449	2094636	1203	425	523	984	880.27	0	-5.82	-8.13	200.00	0.00
1	450	2094677	1203	425	531	984	874.11	0	-5.83	-8.12	200.00	0.00
1	451	2094718	1203	424	537	984	870.15	0	-5.84	-8.12	200.00	0.00
1	452	2094758	1203	424	546	984	863.28	0	-5.85	-8.11	200.00	0.00
1	453	2094799	1203	424	555	984	856.45	0	-5.86	-8.10	200.00	0.00
1	454	2094839	1202	423	562	984	851.07	0	-5.87	-8.09	200.00	0.00
1	455	2094880	1202	423	571	984	844.32	0	-5.88	-8.09	200.00	0.00
1	456	2094921	1202	423	580	984	837.62	0	-5.90	-8.08	200.00	0.00
1	457	2094962	1202	422	588	984	832.37	0	-5.91	-8.07	200.00	0.00
1	458	2095003	1201	422	594	984	827.22	0	-5.92	-8.06	200.00	0.00
1	459	2095044	1201	422	603	984	820.64	0	-5.93	-8.05	200.00	0.00
1	460	2095085	1201	421	612	984	814.79	0	-5.94	-8.04	200.00	0.00
1	461	2095125	1201	421	620	984	809.03	0	-5.95	-8.04	200.00	0.00
1	462	2095166	1200	421	629	984	801.88	0	-5.96	-8.03	200.00	0.00
1	463	2095207	1200	420	637	984	796.91	0	-5.97	-8.02	200.00	0.00
1	464	2095248	1200	420	644	984	791.98	0	-5.98	-8.01	200.00	0.00
1	465	2095289	1200	420	653	984	785.69	0	-5.99	-8.00	200.00	0.00
1	466	2095330	1199	419	661	984	780.17	0	-6.01	-8.00	200.00	0.00
1	467	2095371	1199	419	670	984	773.99	0	-6.02	-7.99	200.00	0.00
1	468	2095412	1199	419	678	984	768.55	0	-6.03	-7.98	200.00	0.00
1	469	2095453	1199	418	685	984	764.56	0	-6.04	-7.97	200.00	0.00
1	470	2095494	1198	418	694	984	757.87	0	-6.05	-7.96	200.00	0.00
1	471	2095535	1198	418	703	984	751.92	0	-6.06	-7.95	200.00	0.00
1	472	2095576	1198	417	710	984	748.09	0	-6.07	-7.95	200.00	0.00
1	473	2095617	1198	417	719	984	742.25	0	-6.08	-7.94	200.00	0.00
1	474	2095658	1197	417	727	984	736.47	0	-6.09	-7.93	200.00	0.00
1	475	2095699	1197	416	736	984	731.54	0	-6.10	-7.92	200.00	0.00
1	476	2095740	1197	416	742	984	727.77	0	-6.11	-7.91	200.00	0.00
1	477	2095780	1197	416	751	984	722.18	0	-6.12	-7.91	200.00	0.00
1	478	2095820	1196	415	760	984	716.84	0	-6.14	-7.90	200.00	0.00
1	479	2095861	1196	415	768	984	712.00	0	-6.15	-7.89	200.00	0.00
1	480	2095902	1196	415	775	984	707.81	0	-6.16	-7.88	200.00	0.00
1	481	2095943	1196	414	785	984	702.72	0	-6.17	-7.87	200.00	0.00
1	482	2095984	1195	414	792	984	698.08	0	-6.18	-7.86	200.00	0.00
1	483	2096024	1195	414	801	984	692.92	0	-6.19	-7.85	200.00	0.00
1	484	2096065	1195	414	808	984	688.96	0	-6.20	-7.85	200.00	0.00
1	485	2096106	1195	413	818	984	684.23	0	-6.21	-7.84	200.00	0.00
1	486	2096147	1194	413	825	984	679.85	0	-6.22	-7.83	200.00	0.00
1	487	2096188	1194	412	834	984	675.86	0	-6.23	-7.82	200.00	0.00
1	488	2096229	1194	412	841	984	672.16	0	-6.24	-7.81	200.00	0.00
1	489	2096270	1194	412	850	984	667.47	0	-6.25	-7.80	200.00	0.00
1	490	2096311	1193	412	858	984	662.88	0	-6.26	-7.80	200.00	0.00
1	491	2096352	1193	411	867	984	659.25	0	-6.28	-7.79	200.00	0.00
1	492	2096393	1193	411	875	984	655.33	0	-6.29	-7.78	200.00	0.00
1	493	2096434	1193	411	882	984	651.96	0	-6.30	-7.77	200.00	0.00
1	494	2096474	1192	410	890	984	648.60	0	-6.31	-7.76	200.00	0.00
1	495	2096514	1192	410	899	984	644.46	0	-6.32	-7.75	200.00	0.00
1	496	2096555	1192	410	908	984	640.42	0	-6.33	-7.74	200.00	0.00
1	497	2096596	1192	409	916	984	637.81	0	-6.34	-7.73	200.00	0.00
1	498	2096637	1191	409	923	984	634.39	0	-6.35	-7.73	200.00	0.00
1	499	2096678	1191	409	932	984	630.64	0	-6.36	-7.72	200.00	0.00
1	500	2096719	1191	408	939	984	628.71	0	-6.37	-7.71	200.00	0.00
1	501	2096759	1191	408	947	984	625.55	0	-6.38	-7.70	200.00	0.00
1	502	2096800	1190	408	956	984	621.72	0	-6.39	-7.69	200.00	0.00
1	503	2096841	1190	407	965	984	619.32	0	-6.40	-7.68	200.00	0.00
1	504	2096882	1190	407	972	984	616.81	0	-6.41	-7.67	200.00	0.00
1	505	2096923	1189	407	982	984	613.01	0	-6.42	-7.66	200.00	0.00
1	506	2096964	1189	407	988	984	611.01	0	-6.43	-7.66	200.00	0.00
1	507	2097004	1189	406	997	984	609.05	0	-6.44	-7.65	200.00	0.00
1	508	2097045	1189	406	1006	984	606.28	0	-6.46	-7.64	200.00	0.00
1	509	2097086	1188	406	1013	984	603.91	0	-6.46	-7.63	200.00	0.00
1	510	2097127	1188	405	1022	984	602.33	0	-6.47	-7.62	200.00	0.00
1	511	2097168	1188	405	1030	984	600.17	0	-6.49	-7.61	200.00	0.00
1	512	2097209	1188	405	1039	984	597.86	0	-6.50	-7.60	200.00	0.00
1	513	2097250	1187	404	1048	984	596.42	0	-6.51	-7.59	200.00	0.00
1	514	2097291	1187	404	1056	984	594.61	0	-6.52	-7.58	200.00	0.00
1	515	2097332	1187	404	1062	984	593.32	0	-6.53	-7.58	200.00	0.00
1	516	2097373	1187	403	1071	984	592.47	0	-6.54	-7.57	200.00	0.00
1	517	2097414	1186	403	1080	984	590.59	0	-6.55	-7.56	200.00	0.00
1	518	2097455	1186	403	1088	984	589.21	0	-6.56	-7.55	200.00	0.00
1	519	2097496	1186	402	1097	984	588.77	0	-6.57	-7.54	200.00	0.00
1	520	2097537	1185	402	1103	984	587.75	0	-6.58	-7.53	200.00	0.00
1	521	2097578	1185	402	1112	984	586.56	0	-6.59	-7.52	200.00	0.00
1	522	2097619	1185	401	1121	984	586.50	0	-6.60	-7.51	200.00	0.00
1	523	2097660	1185	401	1130	984	585.59	0	-6.61	-7.50	200.00	0.00
1	524	2097701	1184	401	1136	984	584.97	0	-6.62	-7.50	200.00	0.00
1	525	2097742	1184	401	1145	984	584.30	0	-6.63	-7.49	200.00	0.00
1	526	2097783	1184	400	1154	984	584.77	0	-6.64	-7.48	200.00	0.00
1	527	2097824	1184	400	1161	984	584.45	0	-6.65	-7.47	200.00	0.00
1	528	2097865	1183	400	1170	984	584.14	0	-6.66	-7.46	200.00	0.00
1	529	2097906	1183	399	1178	984	585.02	0	-6.67	-7.45	200.00	0.00
1	530	2097947	1183	399	1187	984	585.01	0	-6.68	-7.44	200.00	0.00
1	531	2097988	1182	399	1193	984	585.10	0	-6.69	-7.43	200.00	0.00
1	532	2098029	1182	398	1202	984	586.34	0	-6.70	-7.42	200.00	0.00
1	533	2098069	1182	398	1211	984	586.72	0	-6.71	-7.41	200.00	0.00
1	534	2098109	1182	398	1219	984	587.17	0	-6.72	-7.40	200.00	0.00
1	535	2098149	1181	398	1228	984	587.88	0	-6.73	-7.39	200.00	0.00
1	536	2098190	1181	397	1235	984	589.48	0	-6.74	-7.39	200.00	0.00
1	537	2098230	1181	397	1244	984	590.37	0	-6.75	-7.38	200.00	0.00
1	538	2098271	1180	397	1252	984	591.40	0	-6.76	-7.37	200.00	0.00
1	539	2098312	1180	396	1259	984	593.28	0	-6.77	-7.36	200.00	0.00
1	540	2098353	1180	396	1267	984	594.40	0	-6.78	-7.35	200.00	0.00
1	541	2098394	1180	396	1276	984	595.79	0	-6.79	-7.34	200.00	0.00
1	542	2098435	1179	395	1285	984	598.46	0	-6.80	-7.33	200.00	0.00
1	543	2098476	1179	395	1293	984	599.93	0	-6.81	-7.32	200.00	0.00
1	544	2098517	1179	395	1302	984	601.71	0	-6.82	-7.31	200.00	0.00
1	545	2098558	1179	395	1308	984	602.96	0	-6.83	-7.30	200.00	0.00
1	546	2098599	1178	394	1317	984	606.15	0	-6.84	-7.29	200.00	0.00
1	547	2098640	1178	394	1325	984	608.04	0	-6.85	-7.28	200.00	0.00
1	548	2098681	1178	394	1334	984	610.28	0	-6.86	-7.27	200.00	0.00
1	549	2098722	1177	393	1343	984	613.87	0	-6.87	-7.26	200.00	0.00
1	550	2098763	1177	393	1349	984	615.52	0	-6.88	-7.26	200.00	0.00
1	551	2098804	1177	393	1358	984	618.10	0	-6.89	-7.25	200.00	0.00
1	552	2098845	1177	392	1367	984	621.74	0	-6.90	-7.24	200.00	0.00
1	553	2098886	1176	392	1374	984	624.23	0	-6.91	-7.23	200.00	0.00
1	554	2098927	1176	392	1384	984	627.48	0	-6.92	-7.22	200.00	0.00
1	555	2098968	1176	392	1391	984	629.83	0	-6.93	-7.21	200.00	0.00
1	556	2099009	1175	391	1400	984	634.25	0	-6.94	-7.20	200.00	0.00
1	557	2099050	1175	391	1407	984	636.77	0	-6.95	-7.19	200.00	0.00
1	558	2099091	1175	391	1416	984	640.10	0	-6.96	-7.18	200.00	0.00
1	559	2099132	1175	390	1424	984	644.08	0	-6.97	-7.17	200.00	0.00
1	560	2099172	1174	390	1433	984	648.01	0	-6.98	-7.16	200.00	0.00
1	561	2099213	1174	390	1440	984	650.84	0	-6.99	-7.15	200.00	0.00
1	562	2099253	1174	390	1447	984	653.73	0	-7.00	-7.14	200.00	0.00
1	563	2099294	1173	389	1456	984	658.87	0	-7.01	-7.13	200.00	0.00
1	564	2099335	1173	389	1466	984	663.23	0	-7.02	-7.12	200.00	0.00
1	565	2099376	1173	389	1472	984	665.90	0	-7.03	-7.11	200.00	0.00
1	566	2099416	1173	388	1472	984	666.80	0	-7.04	-7.10	200.00	0.00
1	567	2099457	1172	388	1472	984	667.25	0	-7.05	-7.09	200.00	0.00
1	568	2099498	1172	388	1472	984	667.25	0	-7.06	-7.08	200.00	0.00
1	569	2099539	1172	387	1472	984	668.14	0	-7.07	-7.07	200.00	0.00
1	570	2099580	1171	387	1472	984	668.59	0	-7.08	-7.07	200.00	0.00
1	571	2099621	1171	387	1472	984	668.59	0	-7.09	-7.06	200.00	0.00
1	572	2099662	1171	387	1472	984	668.59	0	-7.10	-7.05	200.00	0.00
1	573	2099703	1171	386	1472	984	669.48	0	-7.11	-7.04	200.00	0.00
1	574	2099744	1170	386	1472	984	669.93	0	-7.12	-7.03	200.00	0.00
1	575	2099785	1170	386	1472	984	669.93	0	-7.13	-7.01	0.00	0.00
1	576	2099826	1170	385	1472	984	670.82	0	-7.13	-7.01	0.00	0.00
1	577	2099867	1169	385	1472	984	671.27	0	-7.14	-7.00	0.00	0.00
1	578	2099908	1169	385	1472	984	671.27	0	-7.15	-6.99	0.00	0.00
1	579	2099949	1169	385	1472	984	671.27	0	-7.17	-6.98	0.00	0.00
1	580	2099989	1169	384	1472	984	672.17	0	-7.17	-6.97	0.00	-150.00
1	581	2100030	1168	384	1472	977	666.38	0	-7.18	-6.96	-54.00	-200.00
1	582	2100071	1168	384	1469	968	657.01	0	-7.19	-6.95	-51.00	-200.00
1	583	2100111	1168	383	1467	961	650.76	0	-7.20	-6.94	-48.00	-200.00
1	584	2100152	1167	383	1465	953	643.20	0	-7.21	-6.93	-48.00	-200.00
1	585	2100193	1167	383	1463	944	634.30	0	-7.22	-6.92	-46.00	-200.00
1	586	2100234	1167	383	1461	935	625.41	0	-7.23	-6.91	-45.00	-200.00
1	587	2100275	1166	382	1460	928	620.12	0	-7.24	-6.90	-45.00	-200.00
1	588	2100316	1166	382	1457	918	609.90	0	-7.25	-6.89	-46.00	-200.00
1	589	2100357	1166	382	1456	912	604.15	0	-7.26	-6.88	-45.00	-200.00
1	590	2100397	1166	381	1454	903	596.18	0	-7.27	-6.87	-46.00	-200.00
1	591	2100438	1165	381	1452	894	587.82	0	-7.28	-6.86	-46.00	-200.00
1	592	2100478	1165	381	1450	885	579.00	0	-7.29	-6.85	-46.00	-200.00
1	593	2100519	1165	381	1448	877	571.06	0	-7.30	-6.84	-46.00	-200.00
1	594	2100559	1164	380	1446	870	565.35	0	-7.31	-6.83	-46.00	-200.00
1	595	2100600	1164	380	1444	862	557.43	0	-7.32	-6.82	-46.00	-200.00
1	596	2100641	1164	380	1442	853	548.65	0	-7.32	-6.81	-46.00	-200.00
1	597	2100682	1163	379	1440	844	541.25	0	-7.33	-6.80	-46.00	-200.00
1	598	2100722	1163	379	1439	838	535.59	0	-7.34	-6.79	-46.00	-200.00
1	599	2100763	1163	379	1437	830	527.71	0	-7.35	-6.78	-46.00	-200.00
1	600	2100804	1163	379	1435	821	518.99	0	-7.36	-6.77	-45.00	-200.00
1	601	2100845	1162	378	1433	812	511.66	0	-7.37	-6.76	-45.00	-200.00
1	602	2100886	1162	378	1431	804	503.82	0	-7.38	-6.75	-43.00	-200.00
1	603	2100927	1162	378	1429	795	495.15	0	-7.39	-6.74	-34.00	-200.00
1	604	2100967	1161	378	1428	789	490.11	0	-7.40	-6.73	0.00	-200.00
1	605	2101008	1161	377	1428	780	483.42	0	-7.41	-6.72	0.00	-200.00
1	606	2101048	1161	377	1428	771	475.95	0	-7.42	-6.71	0.00	-200.00
1	607	2101088	1160	377	1428	763	469.91	0	-7.43	-6.70	0.00	-200.00
1	608	2101129	1160	376	1428	756	465.00	0	-7.43	-6.69	0.00	-200.00
1	609	2101170	1160	376	1428	748	458.48	0	-7.44	-6.68	0.00	-200.00
1	610	2101211	1160	376	1428	739	451.21	0	-7.45	-6.67	0.00	-200.00
1	611	2101251	1159	376	1428	730	444.61	0	-7.46	-6.66	0.00	-200.00
1	612	2101292	1159	375	1428	723	439.85	0	-7.47	-6.65	0.00	-200.00
1	613	2101333	1159	375	1428	714	432.76	0	-7.48	-6.64	0.00	-200.00
1	614	2101374	1158	375	1428	706	427.15	0	-7.49	-6.63	0.00	-200.00
1	615	2101415	1158	375	1428	697	420.22	0	-7.50	-6.62	0.00	-200.00
1	616	2101456	1158	374	1428	689	414.88	0	-7.51	-6.60	0.00	-200.00
1	617	2101497	1157	374	1428	682	410.25	0	-7.52	-6.60	0.00	-200.00
1	618	2101538	1157	374	1428	674	404.28	0	-7.52	-6.59	0.00	-200.00
1	619	2101580	1157	373	1428	665	398.38	0	-7.53	-6.57	0.00	-200.00
1	620	2101621	1156	373	1428	656	392.52	0	-7.54	-6.56	0.00	-200.00
1	621	2101662	1156	373	1428	649	387.50	0	-7.55	-6.55	0.00	-200.00
1	622	2101702	1156	373	1428	640	381.15	0	-7.56	-6.54	0.00	-200.00
1	623	2101742	1155	372	1428	631	376.31	0	-7.57	-6.53	0.00	-200.00
1	624	2101783	1155	372	1428	625	372.21	0	-7.58	-6.52	0.00	-200.00
1	625	2101824	1155	372	1428	616	366.15	0	-7.59	-6.51	0.00	-200.00
1	626	2101865	1155	372	1428	607	360.21	0	-7.60	-6.50	0.00	-200.00
1	627	2101906	1154	371	1428	599	356.45	0	-7.61	-6.49	0.00	-200.00
1	628	2101947	1154	371	1428	590	350.77	0	-7.62	-6.48	0.00	-200.00
1	629	2101988	1154	371	1428	582	345.83	0	-7.62	-6.47	0.00	-200.00
1	630	2102029	1153	371	1428	575	342.40	0	-7.63	-6.46	0.00	-200.00
1	631	2102070	1153	370	1428	567	338.28	0	-7.64	-6.45	0.00	-200.00
1	632	2102111	1153	370	1428	558	333.12	0	-7.65	-6.44	0.00	-200.00
1	633	2102152	1152	370	1428	549	328.96	0	-7.66	-6.43	0.00	-200.00
1	634	2102193	1152	369	1428	541	325.21	0	-7.67	-6.42	0.00	-200.00
1	635	2102234	1152	369	1428	535	322.07	0	-7.68	-6.41	0.00	-200.00
1	636	2102275	1151	369	1428	526	318.40	0	-7.69	-6.40	0.00	-200.00
1	637	2102316	1151	369	1428	516	313.59	0	-7.70	-6.39	0.00	-200.00
1	638	2102356	1151	368	1428	509	310.82	0	-7.70	-6.38	0.00	-200.00
1	639	2102397	1150	368	1428	500	307.75	0	-7.71	-6.37	0.00	-200.00
1	640	2102437	1150	368	1428	493	304.81	0	-7.72	-6.36	0.00	-200.00
1	641	2102478	1150	368	1428	483	300.85	0	-7.73	-6.34	0.00	-200.00
1	642	2102519	1150	367	1428	476	298.61	0	-7.74	-6.33	0.00	-200.00
1	643	2102560	1149	367	1428	468	296.72	0	-7.75	-6.32	0.00	-200.00
1	644	2102600	1149	367	1428	459	293.78	0	-7.76	-6.31	0.00	-200.00
1	645	2102641	1149	367	1428	451	291.37	0	-7.76	-6.30	0.00	-200.00
1	646	2102681	1148	366	1428	444	290.66	0	-7.77	-6.29	0.00	-200.00
1	647	2102722	1148	366	1428	434	288.14	0	-7.78	-6.28	0.00	-200.00
1	648	2102763	1148	366	1428	428	286.78	0	-7.79	-6.27	0.00	-200.00
1	649	2102804	1147	366	1428	419	285.95	0	-7.80	-6.26	0.00	-200.00
1	650	2102845	1147	365	1428	410	284.58	0	-7.81	-6.25	0.00	-200.00
1	651	2102885	1147	365	1428	403	283.56	0	-7.81	-6.24	0.00	-200.00
1	652	2102926	1146	365	1428	394	283.49	0	-7.82	-6.23	0.00	-200.00
1	653	2102967	1146	365	1428	385	282.71	0	-7.83	-6.22	0.00	-200.00
1	654	2103007	1146	364	1428	379	282.40	0	-7.84	-6.21	0.00	-200.00
1	655	2103049	1145	364	1428	370	283.06	0	-7.85	-6.20	0.00	-200.00
1	656	2103089	1145	364	1428	361	283.02	0	-7.86	-6.18	0.00	-200.00
1	657	2103129	1145	363	1428	352	283.21	0	-7.87	-6.17	0.00	-200.00
1	658	2103170	1144	363	1428	344	284.63	0	-7.88	-6.16	0.00	-200.00
1	659	2103210	1144	363	1428	337	285.19	0	-7.88	-6.15	0.00	-200.00
1	660	2103251	1144	363	1428	329	286.03	0	-7.89	-6.14	0.00	-200.00
1	661	2103292	1143	363	1428	320	288.23	0	-7.90	-6.13	0.00	-200.00
1	662	2103332	1143	362	1428	311	289.53	0	-7.91	-6.12	0.00	-200.00
1	663	2103373	1143	362	1428	304	290.84	0	-7.92	-6.11	0.00	-200.00
1	664	2103414	1142	362	1428	295	293.74	0	-7.93	-6.10	0.00	-200.00
1	665	2103455	1142	362	1428	288	295.42	0	-7.93	-6.09	0.00	-200.00
1	666	2103496	1142	361	1428	278	297.80	0	-7.94	-6.08	0.00	-200.00
1	667	2103537	1142	361	1428	271	299.83	0	-7.95	-6.07	0.00	-200.00
1	668	2103578	1141	361	1428	262	303.60	0	-7.96	-6.05	0.00	-200.00
1	669	2103619	1141	360	1428	254	305.95	0	-7.97	-6.04	0.00	-200.00
1	670	2103659	1141	360	1428	247	308.44	0	-7.97	-6.03	0.00	-200.00
1	671	2103699	1140	360	1428	239	312.39	0	-7.98	-6.02	0.00	-200.00
1	672	2103740	1140	360	1428	229	316.39	0	-7.99	-6.01	0.00	-200.00
1	673	2103780	1140	360	1428	222	319.36	0	-8.00	-6.00	0.00	-200.00
1	674	2103820	1139	359	1428	216	322.44	0	-8.01	-5.99	0.00	-200.00
1	675	2103861	1139	359	1428	216	322.44	0	-8.02	-5.98	0.00	-200.00
1	676	2103902	1139	359	1428	216	322.44	0	-8.02	-5.97	0.00	-200.00
1	677	2103943	1138	359	1428	216	323.34	0	-8.03	-5.96	0.00	-200.00
1	678	2103984	1138	358	1428	216	322.90	0	-8.04	-5.95	0.00	-200.00
1	679	2104025	1138	358	1428	216	322.90	0	-8.05	-5.94	0.00	-200.00
1	680	2104066	1137	358	1428	216	323.80	0	-8.06	-5.92	0.00	-200.00
1	681	2104107	1137	358	1428	216	323.80	0	-8.06	-5.91	0.00	-200.00
1	682	2104148	1137	357	1428	216	323.36	0	-8.07	-5.90	0.00	-200.00
1	683	2104189	1136	357	1428	216	324.26	0	-8.08	-5.89	0.00	-200.00
1	684	2104230	1136	357	1428	216	324.26	0	-8.09	-5.88	-46.00	-200.00
1	685	2104271	1136	357	1426	216	322.46	0	-8.10	-5.87	-100.00	-200.00
1	686	2104311	1135	356	1422	216	319.33	0	-8.11	-5.86	-147.00	-200.00
1	687	2104352	1135	356	1415	216	313.05	0	-8.11	-5.85	-199.00	-200.00
1	688	2104393	1135	356	1409	216	307.69	0	-8.12	-5.84	-200.00	-200.00
1	689	2104434	1134	356	1400	216	300.59	0	-8.13	-5.83	-200.00	-200.00
1	690	2104474	1134	355	1391	216	292.18	0	-8.14	-5.81	-200.00	-200.00
1	691	2104515	1134	355	1383	216	285.17	0	-8.15	-5.80	-200.00	-200.00
1	692	2104556	1133	355	1376	216	279.95	0	-8.15	-5.79	-200.00	-197.00
1	693	2104597	1133	355	1367	216	272.17	0	-8.16	-5.78	-200.00	-188.00
1	694	2104638	1133	354	1358	216	263.95	0	-8.17	-5.77	-200.00	-185.00
1	695	2104678	1132	354	1351	216	258.85	0	-8.18	-5.76	-200.00	-183.00
1	696	2104719	1132	354	1343	216	252.12	0	-8.18	-5.75	-200.00	-174.00
1	697	2104760	1132	354	1334	216	244.64	0	-8.19	-5.74	-200.00	-166.00
1	698	2104801	1131	353	1325	216	237.50	0	-8.20	-5.72	-200.00	-166.00
1	699	2104841	1131	353	1318	216	231.81	0	-8.21	-5.71	-200.00	-166.00
1	700	2104882	1131	353	1309	216	224.62	0	-8.22	-5.70	-200.00	-166.00
1	701	2104923	1130	353	1302	216	219.89	0	-8.22	-5.69	-200.00	-166.00
1	702	2104964	1130	353	1292	216	212.16	0	-8.23	-5.68	-200.00	-166.00
1	703	2105005	1130	352	1285	216	206.21	0	-8.24	-5.67	-200.00	-166.00
1	704	2105046	1129	352	1276	216	200.26	0	-8.25	-5.66	-200.00	-166.00
1	705	2105087	1129	352	1269	216	195.18	0	-8.25	-5.65	-200.00	-166.00
1	706	2105128	1128	352	1260	216	189.53	0	-8.26	-5.63	-200.00	-166.00
1	707	2105168	1128	351	1253	216	183.98	0	-8.27	-5.62	-200.00	-166.00
1	708	2105209	1128	351	1244	216	177.99	0	-8.28	-5.61	-200.00	-166.00
1	709	2105250	1127	351	1235	216	172.88	0	-8.29	-5.60	-200.00	-166.00
1	710	2105291	1127	351	1227	216	168.00	0	-8.29	-5.59	-200.00	-166.00
1	711	2105332	1127	351	1220	216	163.93	0	-8.30	-5.58	-200.00	-166.00
1	712	2105373	1126	350	1211	216	158.69	0	-8.31	-5.57	-200.00	-166.00
1	713	2105413	1126	350	1204	216	155.05	0	-8.31	-5.56	-200.00	-163.00
1	714	2105453	1126	350	1195	216	150.72	0	-8.32	-5.54	-200.00	-161.00
1	715	2105494	1125	350	1186	216	147.23	0	-8.33	-5.53	-200.00	-160.00
1	716	2105535	1125	349	1179	216	143.54	0	-8.34	-5.52	-200.00	-160.00
1	717	2105576	1125	349	1169	216	140.09	0	-8.35	-5.51	-200.00	-158.00
1	718	2105617	1124	349	1162	216	138.32	0	-8.35	-5.50	-200.00	-156.00
1	719	2105657	1124	349	1154	216	136.34	0	-8.36	-5.49	-200.00	-156.00
1	720	2105698	1124	348	1145	216	133.66	0	-8.37	-5.47	-200.00	-156.00
1	721	2105739	1123	348	1137	216	132.74	0	-8.38	-5.46	-200.00	-156.00
1	722	2105780	1123	348	1130	216	132.19	0	-8.38	-5.45	-200.00	-156.00
1	723	2105821	1123	348	1121	216	132.02	0	-8.39	-5.44	-200.00	-156.00
1	724	2105862	1122	348	1112	216	132.38	0	-8.40	-5.43	-200.00	-156.00
1	725	2105903	1122	347	1104	216	132.23	0	-8.41	-5.42	-200.00	-156.00
1	726	2105944	1122	347	1097	216	133.36	0	-8.41	-5.41	-200.00	-156.00
1	727	2105985	1121	347	1087	216	135.34	0	-8.42	-5.39	-200.00	-156.00
1	728	2106025	1121	347	1080	216	137.27	0	-8.43	-5.38	-200.00	-156.00
1	729	2106066	1121	346	1073	216	138.58	0	-8.43	-5.37	-200.00	-156.00
1	730	2106106	1120	346	1064	216	141.55	0	-8.44	-5.36	-200.00	-152.00
1	731	2106147	1120	346	1055	216	145.34	0	-8.45	-5.35	-200.00	-150.00
1	732	2106188	1120	346	1047	216	149.09	0	-8.46	-5.34	-200.00	-149.00
1	733	2106229	1119	346	1038	216	153.17	0	-8.46	-5.32	-200.00	-147.00
1	734	2106269	1119	345	1032	216	155.60	0	-8.47	-5.32	-200.00	-147.00
1	735	2106310	1119	345	1022	216	161.40	0	-8.48	-5.30	-200.00	-147.00
1	736	2106351	1118	345	1014	216	165.70	0	-8.49	-5.29	-200.00	-145.00
1	737	2106392	1118	345	1006	216	170.84	0	-8.49	-5.28	-200.00	-144.00
1	738	2106433	1118	344	998	216	175.45	0	-8.50	-5.27	-200.00	-144.00
1	739	2106474	1117	344	989	216	181.02	0	-8.51	-5.25	-200.00	-144.00
1	740	2106514	1117	344	983	216	185.31	0	-8.51	-5.25	-200.00	-144.00
1	741	2106555	1116	344	974	216	191.18	0	-8.52	-5.23	-200.00	-142.00
1	742	2106596	1116	344	964	216	198.72	0	-8.53	-5.22	-200.00	-142.00
1	743	2106637	1116	343	957	216	203.49	0	-8.54	-5.21	-200.00	-142.00
1	744	2106677	1115	343	948	216	209.80	0	-8.54	-5.20	-200.00	-142.00
1	745	2106718	1115	343	942	216	214.61	0	-8.55	-5.18	-200.00	-142.00
1	746	2106758	1115	343	933	216	221.93	0	-8.56	-5.18	-200.00	-141.00
1	747	2106799	1114	343	924	216	228.54	0	-8.56	-5.16	-200.00	-139.00
1	748	2106840	1114	342	915	216	235.54	0	-8.57	-5.15	-200.00	-138.00
1	749	2106880	1114	342	908	216	241.48	0	-8.58	-5.14	-200.00	-136.00
1	750	2106921	1113	342	899	216	248.34	0	-8.59	-5.13	-200.00	-136.00
1	751	2106962	1113	342	892	216	254.40	0	-8.59	-5.12	-200.00	-134.00
1	752	2107003	1113	342	883	216	262.25	0	-8.60	-5.10	-200.00	-134.00
1	753	2107044	1112	341	875	216	267.94	0	-8.61	-5.09	-200.00	-134.00
1	754	2107084	1112	341	866	216	275.94	0	-8.61	-5.08	-200.00	-134.00
1	755	2107124	1112	341	859	216	282.19	0	-8.62	-5.07	-200.00	-134.00
1	756	2107165	1111	341	849	216	290.29	0	-8.63	-5.06	-200.00	-134.00
1	757	2107206	1111	340	842	216	296.20	0	-8.63	-5.05	-200.00	-134.00
1	758	2107247	1110	340	834	216	302.58	0	-8.64	-5.03	-200.00	-134.00
1	759	2107288	1110	340	825	216	310.81	0	-8.65	-5.02	-200.00	-134.00
1	760	2107329	1110	340	817	216	318.16	0	-8.66	-5.01	-200.00	-134.00
1	761	2107369	1109	340	810	216	323.69	0	-8.66	-5.00	-200.00	-134.00
1	762	2107410	1109	339	800	216	332.58	0	-8.67	-4.98	-200.00	-134.00
1	763	2107451	1109	339	794	216	338.16	0	-8.67	-4.97	-200.00	-134.00
1	764	2107491	1108	339	785	216	345.63	0	-8.68	-4.96	-200.00	-134.00
1	765	2107532	1108	339	776	216	354.05	0	-8.69	-4.95	-200.00	-134.00
1	766	2107573	1108	339	767	216	362.51	0	-8.70	-4.94	-200.00	-131.00
1	767	2107614	1107	338	760	216	367.82	0	-8.70	-4.93	-200.00	-130.00
1	768	2107655	1107	338	751	216	376.32	0	-8.71	-4.91	-200.00	-130.00
1	769	2107696	1107	338	744	216	382.95	0	-8.72	-4.90	-200.00	-130.00
1	770	2107736	1106	338	735	216	390.54	0	-8.72	-4.89	-200.00	-130.00
1	771	2107776	1106	338	728	216	397.20	0	-8.73	-4.88	-200.00	-130.00
1	772	2107817	1105	337	718	216	405.48	0	-8.74	-4.87	-200.00	-130.00
1	773	2107858	1105	337	711	216	412.16	0	-8.74	-4.86	-200.00	-130.00
1	774	2107898	1105	337	703	216	419.82	0	-8.75	-4.84	-200.00	-130.00
1	775	2107939	1104	337	694	216	427.48	0	-8.76	-4.83	-200.00	-130.00
1	776	2107980	1104	337	685	216	436.12	0	-8.76	-4.82	-200.00	-130.00
1	777	2108020	1104	336	678	216	442.58	0	-8.77	-4.81	-200.00	-130.00
1	778	2108060	1103	336	669	216	450.28	0	-8.78	-4.79	-200.00	-130.00
1	779	2108101	1103	336	663	216	456.07	0	-8.78	-4.78	-200.00	-128.00
1	780	2108142	1103	336	654	216	464.76	0	-8.79	-4.77	-200.00	-128.00
1	781	2108183	1102	336	646	216	471.53	0	-8.79	-4.76	-200.00	-128.00
1	782	2108224	1102	335	637	216	479.99	0	-8.80	-4.75	-200.00	-128.00
1	783	2108265	1102	335	628	216	488.71	0	-8.81	-4.73	-200.00	-128.00
1	784	2108306	1101	335	621	216	494.53	0	-8.81	-4.72	-200.00	-130.00
1	785	2108346	1101	335	613	216	502.30	0	-8.82	-4.71	-200.00	-130.00
1	786	2108387	1100	335	604	216	510.08	0	-8.83	-4.70	-200.00	-130.00
1	787	2108428	1100	334	595	216	518.60	0	-8.83	-4.69	-200.00	-128.00
1	788	2108469	1100	334	588	216	525.42	0	-8.84	-4.67	-200.00	-130.00
1	789	2108510	1099	334	579	216	533.22	0	-8.85	-4.66	-200.00	-130.00
1	790	2108550	1099	334	572	216	540.05	0	-8.85	-4.65	-200.00	-130.00
1	791	2108591	1099	334	562	216	549.81	0	-8.86	-4.64	-200.00	-130.00
1	792	2108631	1098	334	555	216	555.67	0	-8.87	-4.63	-200.00	-128.00
1	793	2108672	1098	333	547	216	563.29	0	-8.87	-4.61	-200.00	-128.00
1	794	2108712	1098	333	538	216	572.09	0	-8.88	-4.60	-200.00	-130.00
1	795	2108753	1097	333	530	216	578.95	0	-8.89	-4.59	-200.00	-130.00
1	796	2108793	1097	333	523	216	585.80	0	-8.89	-4.58	-200.00	-130.00
1	797	2108834	1096	333	514	216	593.64	0	-8.90	-4.57	-200.00	-128.00
1	798	2108875	1096	332	505	216	602.28	0	-8.90	-4.55	-200.00	-130.00
1	799	2108916	1096	332	498	216	609.15	0	-8.91	-4.54	-200.00	-128.00
1	800	2108957	1095	332	489	216	617.00	0	-8.92	-4.53	-200.00	-130.00
1	801	2108997	1095	332	481	216	624.86	0	-8.92	-4.52	-200.00	-130.00
1	802	2109038	1095	332	473	216	632.72	0	-8.93	-4.50	-200.00	-128.00
1	803	2109079	1094	331	464	216	640.41	0	-8.93	-4.49	-200.00	-128.00
1	804	2109120	1094	331	458	216	646.31	0	-8.94	-4.48	-200.00	-130.00
1	805	2109161	1094	331	449	216	655.17	0	-8.95	-4.47	-200.00	-130.00
1	806	2109202	1093	331	448	216	655.17	0	-8.95	-4.46	-200.00	-130.00
1	807	2109243	1093	331	448	216	655.17	0	-8.96	-4.44	-200.00	-128.00
1	808	2109284	1092	331	448	216	654.19	0	-8.97	-4.43	-200.00	-128.00
1	809	2109325	1092	330	448	216	654.01	0	-8.97	-4.42	-200.00	-128.00
1	810	2109366	1092	330	448	216	654.01	0	-8.98	-4.41	-200.00	-130.00
1	811	2109407	1091	330	448	216	653.03	0	-8.98	-4.39	-200.00	-128.00
1	812	2109448	1091	330	448	216	653.03	0	-8.99	-4.38	-200.00	-130.00
1	813	2109489	1091	330	448	216	653.03	0	-8.99	-4.37	-200.00	-130.00
1	814	2109530	1090	329	448	216	651.87	0	-9.00	-4.36	-200.00	-130.00
1	815	2109571	1090	329	448	216	651.87	0	-9.01	-4.34	-200.00	-128.00
1	816	2109612	1089	329	448	216	650.88	0	-9.01	-4.33	-200.00	-130.00
1	817	2109652	1089	329	448	216	650.88	0	-9.02	-4.32	-200.00	-130.00
1	818	2109693	1089	329	448	216	650.88	0	-9.02	-4.31	-200.00	-128.00
1	819	2109734	1088	329	448	216	649.90	0	-9.03	-4.29	-200.00	-130.00
1	820	2109775	1088	328	448	216	649.73	0	-9.04	-4.28	-200.00	-131.00
1	821	2109816	1088	328	448	216	649.73	0	-9.04	-4.27	-200.00	-133.00
1	822	2109857	1087	328	448	216	648.74	0	-9.05	-4.26	-196.00	-119.00
1	823	2109898	1087	328	448	216	648.74	0	-9.05	-4.25	-95.00	-65.00
1	824	2109939	1087	328	448	216	648.74	0	-9.06	-4.23	0.00	0.00
1	825	2109980	1086	328	448	216	647.76	0	-9.07	-4.22	0.00	0.00
1	826	2110021	1086	327	448	216	647.58	0	-9.07	-4.21	0.00	0.00
1	827	2110062	1085	327	448	216	646.60	0	-9.08	-4.20	0.00	0.00
1	828	2110103	1085	327	448	216	646.60	0	-9.08	-4.18	0.00	0.00
1	829	2110144	1085	327	448	216	646.60	0	-9.09	-4.17	0.00	0.00
1	830	2110184	1084	327	448	216	645.61	0	-9.09	-4.16	0.00	0.00
1	831	2110225	1084	326	448	216	645.44	0	-9.10	-4.15	0.00	0.00
1	832	2110265	1084	326	448	216	645.44	0	-9.11	-4.14	0.00	0.00
1	833	2110306	1083	326	448	216	644.46	0	-9.11	-4.12	0.00	0.00
1	834	2110347	1083	326	448	216	644.46	0	-9.12	-4.11	0.00	0.00
1	835	2110388	1082	326	448	216	643.47	0	-9.12	-4.10	0.00	0.00
1	836	2110429	1082	326	448	216	643.47	0	-9.13	-4.09	0.00	43.00
1	837	2110470	1082	326	448	217	643.30	0	-9.13	-4.07	0.00	118.00
1	838	2110511	1081	325	448	222	641.33	0	-9.14	-4.06	0.00	200.00
1	839	2110552	1081	325	448	231	639.94	0	-9.14	-4.05	0.00	200.00
1	840	2110593	1081	325	448	240	638.68	0	-9.15	-4.03	0.00	200.00
1	841	2110633	1080	325	448	247	636.80	0	-9.15	-4.02	0.00	200.00
1	842	2110674	1080	325	448	255	635.86	0	-9.16	-4.01	0.00	200.00
1	843	2110715	1079	324	448	265	633.75	0	-9.17	-4.00	0.00	200.00
1	844	2110756	1079	324	448	272	633.14	0	-9.17	-3.99	0.00	200.00
1	845	2110797	1079	324	448	281	632.46	0	-9.18	-3.97	0.00	200.00
1	846	2110837	1078	324	448	288	631.03	0	-9.18	-3.96	0.00	200.00
1	847	2110878	1078	324	448	296	630.62	0	-9.19	-3.95	0.00	200.00
1	848	2110918	1078	324	448	304	630.32	0	-9.19	-3.93	0.00	200.00
1	849	2110959	1077	324	448	314	629.08	0	-9.20	-3.92	0.00	200.00
1	850	2111000	1077	323	448	321	629.00	0	-9.20	-3.91	0.00	200.00
1	851	2111041	1076	323	448	330	628.04	0	-9.21	-3.90	0.00	200.00
1	852	2111082	1076	323	448	338	628.18	0	-9.22	-3.88	0.00	200.00
1	853	2111123	1076	323	448	345	628.39	0	-9.22	-3.87	0.00	200.00
1	854	2111164	1075	323	448	354	627.77	0	-9.23	-3.86	0.00	200.00
1	855	2111205	1075	323	448	362	628.21	0	-9.23	-3.85	0.00	200.00
1	856	2111245	1074	322	448	371	627.91	0	-9.24	-3.83	0.00	200.00
1	857	2111286	1074	322	448	379	628.59	0	-9.24	-3.82	0.00	200.00
1	858	2111326	1074	322	448	386	629.26	0	-9.25	-3.81	0.00	200.00
1	859	2111367	1073	322	448	396	629.37	0	-9.25	-3.79	0.00	200.00
1	860	2111408	1073	322	448	403	630.23	0	-9.26	-3.78	0.00	200.00
1	861	2111449	1073	322	448	412	631.45	0	-9.26	-3.77	0.00	200.00
1	862	2111489	1072	321	448	419	631.65	0	-9.27	-3.76	0.00	200.00
1	863	2111530	1072	321	448	429	633.28	0	-9.27	-3.74	0.00	200.00
1	864	2111571	1071	321	448	436	633.53	0	-9.28	-3.73	0.00	200.00
1	865	2111612	1071	321	448	444	635.03	0	-9.28	-3.72	0.00	200.00
1	866	2111653	1071	321	448	453	636.83	0	-9.29	-3.71	0.00	200.00
1	867	2111694	1070	321	448	461	637.56	0	-9.29	-3.69	0.00	200.00
1	868	2111735	1070	321	448	469	639.37	0	-9.30	-3.68	0.00	200.00
1	869	2111776	1070	320	448	478	641.75	0	-9.30	-3.67	0.00	200.00
1	870	2111817	1069	320	448	485	642.55	0	-9.31	-3.66	0.00	200.00
1	871	2111858	1069	320	448	494	644.92	0	-9.31	-3.64	0.00	200.00
1	872	2111898	1068	320	448	501	645.88	0	-9.32	-3.63	0.00	200.00
1	873	2111939	1068	320	448	510	648.46	0	-9.32	-3.62	0.00	200.00
1	874	2111980	1068	320	448	519	651.15	0	-9.33	-3.60	0.00	200.00
1	875	2112020	1067	320	448	526	652.38	0	-9.33	-3.59	0.00	200.00
1	876	2112061	1067	319	448	534	655.28	0	-9.34	-3.58	0.00	200.00
1	877	2112102	1067	319	448	543	658.28	0	-9.34	-3.57	0.00	200.00
1	878	2112143	1066	319	448	552	660.46	0	-9.35	-3.55	0.00	200.00
1	879	2112183	1066	319	448	558	662.60	0	-9.35	-3.54	0.00	200.00
1	880	2112224	1065	319	448	567	664.98	0	-9.36	-3.53	0.00	200.00
1	881	2112265	1065	319	448	576	668.38	0	-9.36	-3.52	0.00	200.00
1	882	2112306	1065	318	448	585	672.29	0	-9.37	-3.50	0.00	200.00
1	883	2112347	1064	318	448	592	674.19	0	-9.37	-3.49	0.00	200.00
1	884	2112388	1064	318	448	601	677.90	0	-9.38	-3.48	0.00	200.00
1	885	2112428	1063	318	448	608	679.94	0	-9.38	-3.47	0.00	200.00
1	886	2112469	1063	318	448	617	683.83	0	-9.39	-3.45	0.00	200.00
1	887	2112510	1063	318	448	625	687.37	0	-9.39	-3.44	0.00	200.00
1	888	2112551	1062	318	448	634	690.54	0	-9.40	-3.42	0.00	200.00
1	889	2112591	1062	318	448	641	693.78	0	-9.40	-3.41	0.00	200.00
1	890	2112632	1061	317	448	650	697.61	0	-9.40	-3.40	0.00	200.00
1	891	2112673	1061	317	448	657	700.98	0	-9.41	-3.39	0.00	200.00
1	892	2112714	1061	317	448	666	705.39	0	-9.41	-3.37	0.00	200.00
1	893	2112754	1060	317	448	674	708.51	0	-9.42	-3.36	0.00	200.00
1	894	2112795	1060	317	448	683	713.09	0	-9.42	-3.35	0.00	200.00
1	895	2112836	1060	317	448	690	716.71	0	-9.43	-3.34	0.00	200.00
1	896	2112876	1059	317	448	699	720.59	0	-9.43	-3.32	0.00	200.00
1	897	2112917	1059	316	448	706	724.86	0	-9.44	-3.31	0.00	200.00
1	898	2112958	1058	316	448	716	729.45	0	-9.44	-3.30	0.00	200.00
1	899	2112999	1058	316	448	723	733.31	0	-9.45	-3.28	0.00	200.00
1	900	2113040	1058	316	448	731	737.78	0	-9.45	-3.27	0.00	200.00
1	901	2113081	1057	316	448	740	742.06	0	-9.45	-3.26	0.00	200.00
1	902	2113122	1057	316	448	749	747.24	0	-9.46	-3.24	0.00	200.00
1	903	2113163	1056	316	448	756	750.51	0	-9.46	-3.23	0.00	200.00
1	904	2113203	1056	315	448	765	756.42	0	-9.47	-3.22	0.00	200.00
1	905	2113244	1056	315	448	773	761.20	0	-9.47	-3.21	0.00	200.00
1	906	2113284	1055	315	448	780	764.64	0	-9.48	-3.19	0.00	200.00
1	907	2113325	1055	315	448	788	769.53	0	-9.48	-3.18	0.00	200.00
1	908	2113366	1055	315	448	797	775.10	0	-9.49	-3.17	0.00	200.00
1	909	2113406	1054	315	448	806	779.95	0	-9.49	-3.15	0.00	200.00
1	910	2113447	1054	315	448	812	783.74	0	-9.49	-3.14	0.00	200.00
1	911	2113487	1053	315	448	821	788.71	0	-9.50	-3.13	0.00	200.00
1	912	2113528	1053	314	448	831	795.81	0	-9.50	-3.11	0.00	200.00
1	913	2113569	1053	314	448	838	800.38	0	-9.51	-3.10	0.00	200.00
1	914	2113609	1052	314	448	847	805.55	0	-9.51	-3.09	0.00	200.00
1	915	2113650	1052	314	448	854	810.20	0	-9.51	-3.08	0.00	200.00
1	916	2113691	1051	314	448	863	815.48	0	-9.52	-3.06	0.00	200.00
1	917	2113732	1051	314	448	872	821.57	0	-9.52	-3.05	0.00	200.00
1	918	2113773	1051	314	448	878	825.65	0	-9.53	-3.04	0.00	200.00
1	919	2113814	1050	314	448	886	830.41	0	-9.53	-3.03	0.00	200.00
1	920	2113854	1050	313	448	895	837.33	0	-9.54	-3.01	0.00	200.00
1	921	2113895	1049	313	448	904	842.90	0	-9.54	-3.00	0.00	200.00
1	922	2113936	1049	313	448	911	847.82	0	-9.54	-2.99	0.00	200.00
1	923	2113977	1049	313	448	921	854.91	0	-9.55	-2.97	0.00	200.00
1	924	2114018	1048	313	448	928	859.20	0	-9.55	-2.96	0.00	200.00
1	925	2114059	1048	313	448	937	865.67	0	-9.56	-2.95	0.00	200.00
1	926	2114100	1048	313	448	944	870.72	0	-9.56	-2.93	0.00	200.00
1	927	2114141	1047	313	448	954	877.32	0	-9.56	-2.92	0.00	200.00
1	928	2114181	1047	312	448	961	883.18	0	-9.57	-2.91	0.00	200.00
1	929	2114222	1046	312	448	970	889.14	0	-9.57	-2.89	0.00	200.00
1	930	2114263	1046	312	448	977	894.33	0	-9.58	-2.88	0.00	200.00
1	931	2114304	1046	312	448	984	899.55	0	-9.58	-2.87	0.00	200.00
1	932	2114344	1045	312	448	984	898.88	0	-9.58	-2.86	0.00	200.00
1	933	2114385	1045	312	448	984	898.88	0	-9.59	-2.84	0.00	200.00
1	934	2114426	1044	312	448	984	898.22	0	-9.59	-2.83	0.00	200.00
1	935	2114466	1044	312	448	984	898.22	0	-9.60	-2.81	0.00	200.00
1	936	2114507	1044	312	448	984	898.22	0	-9.60	-2.80	0.00	200.00
1	937	2114548	1043	311	448	984	898.31	0	-9.60	-2.79	0.00	200.00
1	938	2114588	1043	311	448	984	898.31	0	-9.61	-2.78	0.00	200.00
1	939	2114628	1042	311	448	984	897.64	0	-9.61	-2.76	0.00	200.00
1	940	2114668	1042	311	448	984	897.64	0	-9.61	-2.75	141.00	200.00
1	941	2114709	1042	311	454	984	893.69	0	-9.62	-2.74	200.00	200.00
1	942	2114750	1041	311	462	984	887.79	0	-9.62	-2.72	200.00	200.00
1	943	2114791	1041	311	471	984	881.95	0	-9.63	-2.71	200.00	200.00
1	944	2114831	1040	311	478	984	876.80	0	-9.63	-2.70	200.00	200.00
1	945	2114872	1040	310	487	984	871.83	0	-9.63	-2.68	200.00	200.00
1	946	2114912	1040	310	494	984	867.41	0	-9.64	-2.67	200.00	200.00
1	947	2114953	1039	310	503	984	861.15	0	-9.64	-2.66	200.00	200.00
1	948	2114994	1039	310	512	984	855.57	0	-9.64	-2.64	200.00	200.00
1	949	2115035	1038	310	520	984	850.06	0	-9.65	-2.63	200.00	200.00
1	950	2115076	1038	310	526	984	846.42	0	-9.65	-2.62	200.00	200.00
1	951	2115117	1038	310	535	984	841.00	0	-9.65	-2.61	200.00	200.00
1	952	2115158	1037	310	544	984	835.06	0	-9.66	-2.59	200.00	200.00
1	953	2115199	1037	310	552	984	830.36	0	-9.66	-2.58	200.00	200.00
1	954	2115239	1036	310	561	984	824.56	0	-9.67	-2.56	200.00	200.00
1	955	2115279	1036	309	568	984	821.37	0	-9.67	-2.55	200.00	200.00
1	956	2115320	1036	309	577	984	816.28	0	-9.67	-2.54	200.00	200.00
1	957	2115360	1035	309	585	984	811.25	0	-9.68	-2.53	200.00	200.00
1	958	2115401	1035	309	594	984	806.29	0	-9.68	-2.51	200.00	200.00
1	959	2115441	1034	309	601	984	801.94	0	-9.68	-2.50	200.00	200.00
1	960	2115482	1034	309	610	984	797.12	0	-9.69	-2.48	200.00	200.00
1	961	2115522	1034	309	617	984	793.42	0	-9.69	-2.47	200.00	200.00
1	962	2115563	1033	309	627	984	787.69	0	-9.69	-2.46	200.00	200.00
1	963	2115603	1033	309	634	984	784.11	0	-9.70	-2.45	200.00	200.00
1	964	2115644	1032	309	643	984	779.07	0	-9.70	-2.43	200.00	200.00
1	965	2115685	1032	308	650	984	776.47	0	-9.70	-2.42	200.00	200.00
1	966	2115725	1032	308	659	984	772.08	0	-9.71	-2.41	200.00	200.00
1	967	2115765	1031	308	666	984	768.25	0	-9.71	-2.39	200.00	200.00
1	968	2115806	1031	308	676	984	763.55	0	-9.71	-2.38	200.00	200.00
1	969	2115847	1031	308	683	984	760.32	0	-9.72	-2.37	200.00	200.00
1	970	2115888	1030	308	692	984	755.79	0	-9.72	-2.35	200.00	200.00
1	971	2115928	1030	308	698	984	753.13	0	-9.72	-2.34	200.00	200.00
1	972	2115969	1029	308	707	984	748.77	0	-9.73	-2.33	200.00	200.00
1	973	2116009	1029	308	716	984	744.95	0	-9.73	-2.31	200.00	200.00
1	974	2116049	1028	308	725	984	740.80	0	-9.73	-2.30	200.00	200.00
1	975	2116090	1028	307	732	984	738.88	0	-9.73	-2.29	200.00	200.00
1	976	2116130	1028	307	741	984	735.32	0	-9.74	-2.27	200.00	200.00
1	977	2116171	1027	307	750	984	731.48	0	-9.74	-2.26	200.00	200.00
1	978	2116211	1027	307	757	984	728.85	0	-9.74	-2.25	200.00	200.00
1	979	2116252	1026	307	766	984	725.21	0	-9.75	-2.23	200.00	200.00
1	980	2116292	1026	307	773	984	722.73	0	-9.75	-2.22	200.00	200.00
1	981	2116333	1026	307	782	984	719.63	0	-9.75	-2.21	200.00	200.00
1	982	2116373	1025	307	791	984	716.30	0	-9.76	-2.19	200.00	200.00
1	983	2116414	1025	307	797	984	714.36	0	-9.76	-2.18	200.00	200.00
1	984	2116455	1025	307	806	984	711.54	0	-9.76	-2.17	200.00	200.00
1	985	2116496	1024	307	815	984	708.53	0	-9.77	-2.15	200.00	200.00
1	986	2116537	1024	306	822	984	707.45	0	-9.77	-2.14	200.00	200.00
1	987	2116578	1023	306	830	984	704.93	0	-9.77	-2.13	200.00	200.00
1	988	2116618	1023	306	839	984	702.52	0	-9.77	-2.11	200.00	200.00
1	989	2116659	1023	306	847	984	700.47	0	-9.78	-2.10	200.00	200.00
1	990	2116700	1022	306	856	984	698.03	0	-9.78	-2.09	200.00	200.00
1	991	2116741	1022	306	864	984	696.17	0	-9.78	-2.07	200.00	200.00
1	992	2116782	1021	306	871	984	694.39	0	-9.79	-2.06	200.00	200.00
1	993	2116823	1021	306	880	984	692.51	0	-9.79	-2.05	200.00	200.00
1	994	2116864	1020	306	888	984	690.73	0	-9.79	-2.03	200.00	200.00
1	995	2116905	1020	306	897	984	689.07	0	-9.79	-2.02	200.00	200.00
1	996	2116945	1020	306	905	984	687.68	0	-9.80	-2.01	200.00	200.00
1	997	2116986	1019	306	914	984	686.08	0	-9.80	-1.99	200.00	200.00
1	998	2117026	1019	305	920	984	686.18	0	-9.80	-1.98	200.00	200.00
1	999	2117067	1019	305	929	984	684.94	0	-9.80	-1.97	200.00	200.00
1	1000	2117108	1018	305	938	984	683.70	0	-9.81	-1.95	200.00	200.00
1	1001	2117149	1018	305	946	984	682.81	0	-9.81	-1.94	200.00	200.00
1	1002	2117190	1017	305	955	984	681.82	0	-9.81	-1.92	200.00	200.00
1	1003	2117231	1017	305	961	984	681.31	0	-9.82	-1.91	200.00	200.00
1	1004	2117272	1016	305	970	984	680.56	0	-9.82	-1.90	200.00	200.00
1	1005	2117313	1016	305	978	984	680.06	0	-9.82	-1.89	200.00	200.00
1	1006	2117354	1016	305	987	984	679.62	0	-9.82	-1.87	200.00	200.00
1	1007	2117395	1015	305	995	984	679.29	0	-9.83	-1.86	200.00	200.00
1	1008	2117436	1015	305	1004	984	679.09	0	-9.83	-1.84	200.00	200.00
1	1009	2117477	1015	305	1011	984	679.01	0	-9.83	-1.83	200.00	200.00
1	1010	2117518	1014	305	1019	984	679.02	0	-9.83	-1.82	200.00	200.00
1	1011	2117559	1014	304	1028	984	680.14	0	-9.84	-1.81	200.00	200.00
1	1012	2117600	1013	304	1036	984	680.39	0	-9.84	-1.79	200.00	200.00
1	1013	2117641	1013	304	1045	984	680.75	0	-9.84	-1.78	200.00	200.00
1	1014	2117682	1013	304	1051	984	681.06	0	-9.84	-1.77	200.00	200.00
1	1015	2117723	1012	304	1060	984	681.69	0	-9.85	-1.75	200.00	200.00
1	1016	2117764	1012	304	1068	984	682.30	0	-9.85	-1.74	200.00	200.00
1	1017	2117805	1011	304	1077	984	683.20	0	-9.85	-1.72	200.00	200.00
1	1018	2117846	1011	304	1086	984	684.12	0	-9.85	-1.71	200.00	200.00
1	1019	2117886	1010	304	1093	984	685.05	0	-9.85	-1.70	200.00	200.00
1	1020	2117927	1010	304	1102	984	686.20	0	-9.86	-1.68	200.00	200.00
1	1021	2117968	1010	304	1110	984	687.31	0	-9.86	-1.67	200.00	200.00
1	1022	2118009	1009	304	1118	984	688.68	0	-9.86	-1.66	200.00	200.00
1	1023	2118050	1009	304	1127	984	690.16	0	-9.86	-1.64	200.00	200.00
1	1024	2118091	1008	304	1135	984	691.76	0	-9.87	-1.63	200.00	200.00
1	1025	2118132	1008	303	1142	984	694.06	0	-9.87	-1.62	200.00	200.00
1	1026	2118173	1008	303	1152	984	696.06	0	-9.87	-1.60	200.00	200.00
1	1027	2118213	1007	303	1158	984	697.54	0	-9.87	-1.59	200.00	200.00
1	1028	2118254	1007	303	1167	984	699.54	0	-9.87	-1.58	200.00	200.00
1	1029	2118295	1006	303	1176	984	701.90	0	-9.88	-1.56	200.00	200.00
1	1030	2118335	1006	303	1183	984	703.63	0	-9.88	-1.55	200.00	200.00
1	1031	2118376	1006	303	1193	984	706.21	0	-9.88	-1.53	200.00	200.00
1	1032	2118417	1005	303	1199	984	708.09	0	-9.88	-1.52	200.00	200.00
1	1033	2118458	1005	303	1208	984	710.61	0	-9.89	-1.51	200.00	200.00
1	1034	2118499	1004	303	1217	984	713.53	0	-9.89	-1.49	200.00	200.00
1	1035	2118539	1004	303	1224	984	715.65	0	-9.89	-1.48	200.00	200.00
1	1036	2118580	1004	303	1234	984	718.79	0	-9.89	-1.47	200.00	200.00
1	1037	2118620	1003	303	1241	984	721.39	0	-9.89	-1.46	200.00	200.00
1	1038	2118661	1003	303	1249	984	724.07	0	-9.90	-1.44	200.00	200.00
1	1039	2118702	1002	303	1258	984	727.53	0	-9.90	-1.43	200.00	200.00
1	1040	2118743	1002	303	1266	984	730.38	0	-9.90	-1.41	200.00	200.00
1	1041	2118783	1002	302	1273	984	733.87	0	-9.90	-1.40	200.00	200.00
1	1042	2118824	1001	302	1282	984	737.62	0	-9.90	-1.39	200.00	200.00
1	1043	2118865	1001	302	1291	984	741.10	0	-9.91	-1.37	200.00	200.00
1	1044	2118906	1000	302	1299	984	744.66	0	-9.91	-1.36	200.00	200.00
1	1045	2118946	1000	302	1306	984	747.50	0	-9.91	-1.35	200.00	200.00
1	1046	2118987	999	302	1316	984	752.07	0	-9.91	-1.33	200.00	200.00
1	1047	2119027	999	302	1323	984	755.05	0	-9.91	-1.32	200.00	200.00
1	1048	2119068	999	302	1332	984	758.96	0	-9.91	-1.30	200.00	200.00
1	1049	2119109	998	302	1339	984	762.50	0	-9.92	-1.29	200.00	200.00
1	1050	2119150	998	302	1348	984	766.57	0	-9.92	-1.28	200.00	200.00
1	1051	2119190	997	302	1355	984	770.25	0	-9.92	-1.27	200.00	200.00
1	1052	2119231	997	302	1364	984	774.48	0	-9.92	-1.25	200.00	200.00
1	1053	2119272	997	302	1372	984	778.30	0	-9.92	-1.24	200.00	200.00
1	1054	2119313	996	302	1381	984	783.17	0	-9.92	-1.22	200.00	200.00
1	1055	2119353	996	302	1388	984	786.63	0	-9.93	-1.21	200.00	200.00
1	1056	2119394	995	302	1397	984	791.66	0	-9.93	-1.20	200.00	200.00
1	1057	2119435	995	302	1406	984	796.27	0	-9.93	-1.18	200.00	200.00
1	1058	2119475	995	302	1414	984	800.43	0	-9.93	-1.17	200.00	200.00
1	1059	2119516	994	302	1420	984	804.11	0	-9.93	-1.16	200.00	200.00
1	1060	2119557	994	301	1429	984	809.76	0	-9.93	-1.14	200.00	200.00
1	1061	2119597	993	301	1438	984	815.18	0	-9.94	-1.13	200.00	200.00
1	1062	2119638	993	301	1446	984	819.57	0	-9.94	-1.12	200.00	200.00
1	1063	2119679	993	301	1455	984	824.58	0	-9.94	-1.10	200.00	200.00
1	1064	2119719	992	301	1461	984	828.52	0	-9.94	-1.09	200.00	200.00
1	1065	2119760	992	301	1470	984	833.65	0	-9.94	-1.08	200.00	200.00
1	1066	2119801	991	301	1472	984	835.37	0	-9.94	-1.06	200.00	200.00
1	1067	2119842	991	301	1472	984	835.37	0	-9.94	-1.05	200.00	200.00
1	1068	2119883	991	301	1472	984	835.37	0	-9.95	-1.03	200.00	200.00
1	1069	2119924	990	301	1472	984	835.95	0	-9.95	-1.02	200.00	200.00
1	1070	2119964	990	301	1472	984	835.95	0	-9.95	-1.01	200.00	200.00
1	1071	2120005	989	301	1472	984	836.53	0	-9.95	-0.99	200.00	200.00
1	1072	2120046	989	301	1472	984	836.53	0	-9.95	-0.98	200.00	200.00
1	1073	2120087	988	301	1472	984	837.11	0	-9.95	-0.97	200.00	200.00
1	1074	2120128	988	301	1472	984	837.11	0	-9.95	-0.95	200.00	200.00
1	1075	2120169	988	301	1472	984	837.11	0	-9.96	-0.94	200.00	200.00
1	1076	2120210	987	301	1472	984	837.68	0	-9.96	-0.93	200.00	200.00
1	1077	2120251	987	301	1472	984	837.68	0	-9.96	-0.91	200.00	200.00
1	1078	2120292	986	301	1472	984	838.26	0	-9.96	-0.90	200.00	200.00
1	1079	2120333	986	301	1472	984	838.26	0	-9.96	-0.88	200.00	200.00
1	1080	2120374	986	301	1472	984	838.26	0	-9.96	-0.87	200.00	200.00
1	1081	2120415	985	301	1472	984	838.84	0	-9.96	-0.86	164.00	55.00
1	1082	2120456	985	301	1472	984	838.84	0	-9.96	-0.84	75.00	0.00
1	1083	2120497	984	301	1472	984	839.42	0	-9.97	-0.83	58.00	0.00
1	1084	2120538	984	301	1472	984	839.42	0	-9.97	-0.82	37.00	0.00
1	1085	2120579	984	300	1472	984	840.24	0	-9.97	-0.80	37.00	0.00
1	1086	2120620	983	300	1472	984	840.82	0	-9.97	-0.79	36.00	0.00
1	1087	2120661	983	300	1472	984	840.82	0	-9.97	-0.78	0.00	0.00
1	1088	2120702	982	300	1472	984	841.40	0	-9.97	-0.76	0.00	0.00
1	1089	2120743	982	300	1472	984	841.40	0	-9.97	-0.75	0.00	0.00
1	1090	2120784	982	300	1472	984	841.40	0	-9.97	-0.74	0.00	-48.00
1	1091	2120825	981	300	1472	982	840.36	0	-9.97	-0.72	0.00	-68.00
1	1092	2120866	981	300	1472	979	837.93	0	-9.97	-0.71	0.00	-76.00
1	1093	2120906	980	300	1472	975	835.28	0	-9.98	-0.69	0.00	-89.00
1	1094	2120946	980	300	1472	972	832.86	0	-9.98	-0.68	0.00	-115.00
1	1095	2120987	979	300	1472	967	829.42	0	-9.98	-0.67	0.00	-149.00
1	1096	2121028	979	300	1472	962	825.40	0	-9.98	-0.65	0.00	-171.00
1	1097	2121069	979	300	1472	954	819.00	0	-9.98	-0.64	0.00	-191.00
1	1098	2121110	978	300	1472	947	814.03	0	-9.98	-0.63	0.00	-200.00
1	1099	2121151	978	300	1472	937	806.10	0	-9.98	-0.61	0.00	-200.00
1	1100	2121192	977	300	1472	930	801.20	0	-9.98	-0.60	0.00	-200.00
1	1101	2121232	977	300	1472	921	794.14	0	-9.98	-0.58	0.00	-200.00
1	1102	2121273	977	300	1472	914	788.68	0	-9.98	-0.57	0.00	-200.00
1	1103	2121314	976	300	1472	905	782.33	0	-9.98	-0.56	0.00	-200.00
1	1104	2121355	976	300	1472	898	776.93	0	-9.99	-0.55	0.00	-200.00
1	1105	2121396	975	300	1472	888	769.90	0	-9.99	-0.53	0.00	-200.00
1	1106	2121437	975	300	1472	881	764.57	0	-9.99	-0.52	0.00	-200.00
1	1107	2121478	975	300	1472	872	757.76	0	-9.99	-0.50	0.00	-200.00
1	1108	2121519	974	300	1472	865	753.15	0	-9.99	-0.49	0.00	-200.00
1	1109	2121560	974	300	1472	855	745.67	0	-9.99	-0.48	0.00	-200.00
1	1110	2121601	973	300	1472	848	741.15	0	-9.99	-0.46	0.00	-200.00
1	1111	2121642	973	300	1472	839	734.52	0	-9.99	-0.45	0.00	-200.00
1	1112	2121683	973	300	1472	832	729.40	0	-9.99	-0.44	0.00	-200.00
1	1113	2121724	972	300	1472	823	723.55	0	-9.99	-0.42	0.00	-200.00
1	1114	2121765	972	300	1472	816	718.51	0	-9.99	-0.41	0.00	-200.00
1	1115	2121806	971	300	1472	807	712.78	0	-9.99	-0.39	0.00	-200.00
1	1116	2121847	971	300	1472	798	706.40	0	-9.99	-0.38	0.00	-200.00
1	1117	2121888	970	300	1472	789	700.80	0	-9.99	-0.37	0.00	-200.00
1	1118	2121929	970	300	1472	783	696.63	0	-9.99	-0.35	0.00	-200.00
1	1119	2121970	970	300	1472	774	690.42	0	-9.99	-0.34	0.00	-200.00
1	1120	2122011	969	300	1472	765	685.01	0	-9.99	-0.32	0.00	-200.00
1	1121	2122052	969	300	1472	758	680.27	0	-10.00	-0.31	0.00	-200.00
1	1122	2122093	968	300	1472	749	674.99	0	-10.00	-0.30	0.00	-200.00
1	1123	2122134	968	300	1472	741	669.70	0	-10.00	-0.28	0.00	-200.00
1	1124	2122175	968	300	1472	732	663.81	0	-10.00	-0.27	0.00	-200.00
1	1125	2122216	967	300	1472	725	660.04	0	-10.00	-0.26	0.00	-200.00
1	1126	2122257	967	300	1472	716	654.28	0	-10.00	-0.24	0.00	-200.00
1	1127	2122298	966	300	1472	709	650.63	0	-10.00	-0.23	0.00	-200.00
1	1128	2122339	966	300	1472	700	645.01	0	-10.00	-0.22	0.00	-200.00
1	1129	2122380	966	300	1472	692	640.08	0	-10.00	-0.20	0.00	-200.00
1	1130	2122421	965	300	1472	683	635.40	0	-10.00	-0.19	0.00	-200.00
1	1131	2122462	965	300	1472	675	630.61	0	-10.00	-0.17	0.00	-200.00
1	1132	2122503	964	300	1472	668	627.29	0	-10.00	-0.16	0.00	-200.00
1	1133	2122544	964	300	1472	659	622.05	0	-10.00	-0.15	0.00	-200.00
1	1134	2122585	964	300	1472	652	618.04	0	-10.00	-0.14	0.00	-200.00
1	1135	2122626	963	300	1472	643	613.78	0	-10.00	-0.12	0.00	-200.00
1	1136	2122667	963	300	1472	634	608.80	0	-10.00	-0.11	0.00	-200.00
1	1137	2122708	962	300	1472	625	604.75	0	-10.00	-0.09	0.00	-200.00
1	1138	2122749	962	300	1472	619	601.55	0	-10.00	-0.08	0.00	-200.00
1	1139	2122790	961	300	1472	609	597.16	0	-10.00	-0.07	0.00	-200.00
1	1140	2122831	961	300	1472	602	593.57	0	-10.00	-0.05	0.00	-200.00
1	1141	2122872	961	300	1472	593	589.04	0	-10.00	-0.04	0.00	-200.00
1	1142	2122913	960	300	1472	586	586.46	0	-10.00	-0.03	0.00	-200.00
1	1143	2122953	960	300	1472	577	582.13	0	-10.00	-0.01	0.00	-200.00
1	1144	2122994	959	300	1472	569	579.25	0	-10.00	0.00	0.00	-200.00
1	1145	2123035	959	300	1472	560	575.13	0	-10.00	0.02	0.00	-200.00
1	1146	2123076	959	300	1472	552	571.55	0	-10.00	0.03	0.00	-200.00
1	1147	2123117	958	300	1472	545	569.40	0	-10.00	0.04	0.00	-200.00
1	1148	2123158	958	300	1472	536	565.59	0	-10.00	0.06	0.00	-200.00
1	1149	2123199	957	300	1472	528	563.21	0	-10.00	0.07	0.00	-200.00
1	1150	2123240	957	300	1472	519	559.63	0	-10.00	0.09	0.00	-200.00
1	1151	2123281	957	300	1472	511	556.55	0	-10.00	0.10	0.00	-200.00
1	1152	2123322	956	300	1472	504	554.86	0	-10.00	0.11	0.00	-200.00
1	1153	2123363	956	300	1472	494	551.26	0	-10.00	0.13	0.00	-200.00
1	1154	2123404	955	300	1472	488	550.12	0	-10.00	0.14	0.00	-200.00
1	1155	2123445	955	300	1472	479	547.11	0	-10.00	0.15	0.00	-200.00
1	1156	2123486	955	300	1472	471	544.55	0	-10.00	0.17	0.00	-200.00
1	1157	2123527	954	300	1472	461	542.44	0	-10.00	0.18	0.00	-200.00
1	1158	2123567	954	300	1472	453	540.12	0	-10.00	0.19	0.00	-200.00
1	1159	2123607	953	300	1472	447	539.42	0	-10.00	0.21	0.00	-200.00
1	1160	2123647	953	300	1472	438	537.03	0	-10.00	0.22	0.00	-200.00
1	1161	2123688	952	300	1472	429	535.76	0	-10.00	0.24	0.00	-200.00
1	1162	2123728	952	300	1472	422	534.12	0	-10.00	0.25	0.00	-200.00
1	1163	2123769	952	300	1472	413	532.14	0	-10.00	0.26	0.00	-200.00
1	1164	2123810	951	300	1472	404	531.28	0	-10.00	0.28	0.00	-200.00
1	1165	2123850	951	300	1472	398	530.14	0	-10.00	0.29	0.00	-200.00
1	1166	2123891	950	300	1472	389	529.53	0	-10.00	0.30	0.00	-200.00
1	1167	2123932	950	300	1472	380	528.09	0	-9.99	0.32	0.00	-200.00
1	1168	2123972	950	300	1472	373	527.08	0	-9.99	0.33	0.00	-200.00
1	1169	2124013	949	300	1472	363	526.78	0	-9.99	0.34	0.00	-200.00
1	1170	2124053	949	300	1472	356	525.99	0	-9.99	0.36	0.00	-200.00
1	1171	2124094	948	300	1472	347	526.10	0	-9.99	0.37	0.00	-200.00
1	1172	2124134	948	300	1472	340	525.52	0	-9.99	0.38	0.00	-200.00
1	1173	2124175	948	300	1472	330	524.86	0	-9.99	0.40	0.00	-200.00
1	1174	2124215	947	300	1472	324	525.55	0	-9.99	0.41	0.00	-200.00
1	1175	2124256	947	300	1472	315	525.21	0	-9.99	0.43	0.00	-200.00
1	1176	2124297	946	300	1472	307	526.05	0	-9.99	0.44	0.00	-200.00
1	1177	2124338	946	300	1472	298	526.00	0	-9.99	0.45	0.00	-200.00
1	1178	2124378	946	300	1472	291	526.08	0	-9.99	0.47	0.00	-200.00
1	1179	2124419	945	300	1472	282	527.31	0	-9.99	0.48	0.00	-200.00
1	1180	2124460	945	300	1472	274	527.64	0	-9.99	0.49	0.00	-200.00
1	1181	2124501	944	300	1472	265	529.16	0	-9.99	0.51	0.00	-200.00
1	1182	2124541	944	300	1472	258	529.67	0	-9.99	0.52	0.00	-200.00
1	1183	2124582	943	300	1472	248	531.55	0	-9.99	0.54	0.00	-200.00
1	1184	2124622	943	300	1472	241	532.28	0	-9.98	0.55	0.00	-200.00
1	1185	2124663	943	300	1472	232	533.35	0	-9.98	0.56	0.00	-200.00
1	1186	2124703	942	300	1472	225	535.28	0	-9.98	0.58	0.00	-200.00
1	1187	2124744	942	300	1472	216	536.62	0	-9.98	0.59	0.00	-200.00
1	1188	2124784	941	300	1472	216	537.60	0	-9.98	0.60	0.00	-200.00
1	1189	2124825	941	300	1472	216	537.60	0	-9.98	0.62	0.00	-200.00
1	1190	2124866	941	300	1472	216	537.60	0	-9.98	0.63	0.00	-200.00
1	1191	2124906	940	300	1472	216	538.59	0	-9.98	0.65	0.00	-200.00
1	1192	2124947	940	300	1472	216	538.59	0	-9.98	0.66	0.00	-200.00
1	1193	2124988	939	300	1472	216	539.58	0	-9.98	0.67	0.00	-200.00
1	1194	2125028	939	300	1472	216	539.58	0	-9.98	0.68	0.00	-200.00
1	1195	2125069	939	300	1472	216	539.58	0	-9.98	0.70	0.00	-200.00
1	1196	2125109	938	300	1472	216	540.57	0	-9.97	0.71	0.00	-200.00
1	1197	2125150	938	300	1472	216	540.57	0	-9.97	0.73	101.00	-200.00
1	1198	2125191	937	300	1472	216	541.55	0	-9.97	0.74	0.00	0.00
1	1199	2125231	937	300	1472	216	541.55	0	-9.97	0.75	0.00	0.00
1	1200	2125271	937	300	1472	216	541.55	0	-9.97	0.77	0.00	0.00
1	1201	2125312	936	300	1472	216	542.54	0	-9.97	0.78	0.00	0.00
1	1202	2125352	936	300	1472	216	542.54	0	-9.97	0.79	0.00	0.00
1	1203	2125393	935	300	1472	216	543.53	0	-9.97	0.81	0.00	0.00
1	1204	2125434	935	301	1472	216	543.69	0	-9.97	0.82	0.00	0.00
1	1205	2125475	934	301	1472	216	544.67	0	-9.96	0.84	0.00	0.00
1	1206	2125516	934	301	1472	216	544.67	0	-9.96	0.85	-160.00	0.00
1	1207	2125556	934	301	1464	216	536.77	0	-9.96	0.86	-200.00	0.00
1	1208	2125596	933	301	1456	216	529.86	0	-9.96	0.88	-200.00	0.00
1	1209	2125637	933	301	1449	216	522.95	0	-9.96	0.89	-200.00	0.00
1	1210	2125677	932	301	1440	216	515.06	0	-9.96	0.90	-200.00	0.00
1	1211	2125718	932	301	1431	216	506.19	0	-9.96	0.92	-200.00	0.00
1	1212	2125758	932	301	1424	216	499.29	0	-9.96	0.93	-200.00	0.00
1	1213	2125799	931	301	1415	216	491.41	0	-9.96	0.94	-200.00	0.00
1	1214	2125840	931	301	1407	216	483.53	0	-9.95	0.96	-200.00	0.00
1	1215	2125880	930	301	1399	216	476.64	0	-9.95	0.97	-200.00	0.00
1	1216	2125921	930	301	1390	216	467.79	0	-9.95	0.99	-200.00	0.00
1	1217	2125961	930	301	1383	216	460.91	0	-9.95	1.00	-200.00	0.00
1	1218	2126002	929	301	1374	216	453.05	0	-9.95	1.01	-200.00	0.00
1	1219	2126043	929	301	1365	216	444.21	0	-9.95	1.03	-200.00	0.00
1	1220	2126084	928	301	1359	216	439.30	0	-9.95	1.04	-200.00	0.00
1	1221	2126125	928	301	1350	216	430.48	0	-9.94	1.05	-200.00	0.00
1	1222	2126166	928	301	1342	216	422.64	0	-9.94	1.07	-200.00	0.00
1	1223	2126206	927	301	1333	216	414.80	0	-9.94	1.08	-200.00	0.00
1	1224	2126247	927	301	1324	216	406.00	0	-9.94	1.09	-200.00	0.00
1	1225	2126287	926	301	1317	216	400.13	0	-9.94	1.11	-200.00	0.00
1	1226	2126328	926	301	1308	216	391.34	0	-9.94	1.12	-200.00	0.00
1	1227	2126369	925	301	1300	216	384.51	0	-9.94	1.14	-200.00	0.00
1	1228	2126410	925	301	1294	216	378.66	0	-9.93	1.15	-200.00	0.00
1	1229	2126451	925	302	1285	216	370.13	0	-9.93	1.16	-200.00	0.00
1	1230	2126492	924	302	1275	216	361.38	0	-9.93	1.18	-200.00	0.00
1	1231	2126532	924	302	1268	216	354.59	0	-9.93	1.19	-200.00	0.00
1	1232	2126573	923	302	1259	216	346.83	0	-9.93	1.20	-200.00	0.00
1	1233	2126613	923	302	1252	216	340.05	0	-9.93	1.22	-200.00	0.00
1	1234	2126654	923	302	1242	216	330.39	0	-9.92	1.23	-200.00	0.00
1	1235	2126694	922	302	1235	216	324.60	0	-9.92	1.24	-200.00	0.00
1	1236	2126735	922	302	1226	216	315.93	0	-9.92	1.26	-200.00	0.00
1	1237	2126776	921	302	1219	216	310.16	0	-9.92	1.27	-200.00	0.00
1	1238	2126816	921	302	1210	216	301.52	0	-9.92	1.28	-200.00	0.00
1	1239	2126856	921	302	1202	216	293.87	0	-9.92	1.30	-200.00	0.00
1	1240	2126897	920	302	1194	216	287.18	0	-9.91	1.31	-200.00	0.00
1	1241	2126938	920	302	1185	216	278.61	0	-9.91	1.33	-200.00	0.00
1	1242	2126979	919	302	1177	216	271.96	0	-9.91	1.34	-200.00	0.00
1	1243	2127020	919	302	1170	216	265.32	0	-9.91	1.35	-200.00	0.00
1	1244	2127061	919	302	1161	216	256.83	0	-9.91	1.36	-200.00	0.00
1	1245	2127102	918	302	1152	216	249.30	0	-9.90	1.38	-200.00	0.00
1	1246	2127143	918	302	1144	216	241.81	0	-9.90	1.39	-200.00	0.00
1	1247	2127184	917	302	1137	216	236.21	0	-9.90	1.40	-200.00	0.00
1	1248	2127225	917	303	1129	216	229.16	0	-9.90	1.42	-200.00	0.00
1	1249	2127266	917	303	1120	216	220.86	0	-9.90	1.43	-200.00	0.00
1	1250	2127307	916	303	1111	216	213.53	0	-9.89	1.45	-200.00	0.00
1	1251	2127348	916	303	1103	216	206.25	0	-9.89	1.46	-200.00	0.00
1	1252	2127389	915	303	1096	216	200.82	0	-9.89	1.47	-200.00	0.00
1	1253	2127429	915	303	1087	216	192.75	0	-9.89	1.49	-200.00	0.00
1	1254	2127469	914	303	1078	216	185.65	0	-9.89	1.50	-200.00	0.00
1	1255	2127510	914	303	1072	216	180.37	0	-9.89	1.51	-200.00	0.00
1	1256	2127550	914	303	1064	216	173.40	0	-9.88	1.53	-200.00	0.00
1	1257	2127591	913	303	1055	216	166.53	0	-9.88	1.54	-200.00	0.00
1	1258	2127631	913	303	1046	216	158.93	0	-9.88	1.55	-200.00	0.00
1	1259	2127672	912	303	1037	216	152.30	0	-9.88	1.57	-200.00	0.00
1	1260	2127712	912	303	1030	216	146.60	0	-9.87	1.58	-200.00	0.00
1	1261	2127753	912	303	1021	216	139.46	0	-9.87	1.60	-200.00	0.00
1	1262	2127793	911	303	1014	216	134.83	0	-9.87	1.61	-200.00	0.00
1	1263	2127834	911	303	1005	216	128.08	0	-9.87	1.62	-200.00	0.00
1	1264	2127874	910	304	998	216	124.45	0	-9.87	1.63	-200.00	0.00
1	1265	2127915	910	304	988	216	117.59	0	-9.86	1.65	-200.00	0.00
1	1266	2127955	910	304	981	216	113.07	0	-9.86	1.66	-200.00	0.00
1	1267	2127996	909	304	972	216	108.23	0	-9.86	1.68	-200.00	0.00
1	1268	2128036	909	304	964	216	103.77	0	-9.86	1.69	-200.00	0.00
1	1269	2128077	908	304	957	216	100.72	0	-9.85	1.70	-200.00	0.00
1	1270	2128117	908	304	949	216	97.08	0	-9.85	1.71	-200.00	0.00
1	1271	2128158	908	304	940	216	93.64	0	-9.85	1.73	-200.00	0.00
1	1272	2128198	907	304	931	216	91.21	0	-9.85	1.74	-200.00	0.00
1	1273	2128239	907	304	923	216	89.44	0	-9.84	1.76	-200.00	0.00
1	1274	2128279	906	304	915	216	88.46	0	-9.84	1.77	-200.00	0.00
1	1275	2128320	906	304	906	216	88.00	0	-9.84	1.78	-200.00	0.00
1	1276	2128361	906	304	899	216	88.28	0	-9.84	1.80	-200.00	0.00
1	1277	2128401	905	304	890	216	89.27	0	-9.83	1.81	-200.00	0.00
1	1278	2128442	905	305	882	216	91.92	0	-9.83	1.82	-200.00	0.00
1	1279	2128482	904	305	875	216	93.61	0	-9.83	1.84	-200.00	0.00
1	1280	2128523	904	305	866	216	96.77	0	-9.83	1.85	-200.00	0.00
1	1281	2128564	904	305	858	216	100.18	0	-9.82	1.86	-200.00	0.00
1	1282	2128605	903	305	849	216	104.10	0	-9.82	1.88	-200.00	0.00
1	1283	2128646	903	305	840	216	109.04	0	-9.82	1.89	-200.00	0.00
1	1284	2128687	902	305	834	216	112.00	0	-9.82	1.90	-200.00	0.00
1	1285	2128728	902	305	825	216	117.69	0	-9.81	1.92	-200.00	0.00
1	1286	2128768	902	305	817	216	123.07	0	-9.81	1.93	-200.00	0.00
1	1287	2128808	901	305	808	216	128.72	0	-9.81	1.95	-200.00	0.00
1	1288	2128849	901	305	799	216	135.37	0	-9.81	1.96	-200.00	0.00
1	1289	2128891	900	305	792	216	139.95	0	-9.80	1.97	-200.00	0.00
1	1290	2128931	900	305	784	216	146.21	0	-9.80	1.99	-200.00	0.00
1	1291	2128971	900	306	775	216	154.03	0	-9.80	2.00	-200.00	0.00
1	1292	2129012	899	306	766	216	160.59	0	-9.80	2.01	-200.00	0.00
1	1293	2129053	899	306	760	216	165.59	0	-9.79	2.02	-200.00	0.00
1	1294	2129094	898	306	751	216	172.36	0	-9.79	2.04	-200.00	0.00
1	1295	2129135	898	306	743	216	179.23	0	-9.79	2.05	-200.00	0.00
1	1296	2129176	898	306	734	216	187.07	0	-9.78	2.07	-200.00	0.00
1	1297	2129217	897	306	727	216	192.35	0	-9.78	2.08	-200.00	0.00
1	1298	2129258	897	306	718	216	200.35	0	-9.78	2.09	-200.00	0.00
1	1299	2129299	896	306	710	216	206.63	0	-9.78	2.10	-200.00	0.00
1	1300	2129340	896	306	702	216	213.86	0	-9.77	2.12	-200.00	0.00
1	1301	2129381	895	306	693	216	221.14	0	-9.77	2.13	-200.00	0.00
1	1302	2129422	895	306	684	216	229.39	0	-9.77	2.15	-200.00	0.00
1	1303	2129463	895	307	677	216	236.23	0	-9.76	2.16	-200.00	0.00
1	1304	2129504	894	307	669	216	242.71	0	-9.76	2.17	-200.00	0.00
1	1305	2129545	894	307	660	216	251.07	0	-9.76	2.19	-200.00	0.00
1	1306	2129586	893	307	652	216	257.61	0	-9.75	2.20	-200.00	0.00
1	1307	2129627	893	307	645	216	264.17	0	-9.75	2.21	-200.00	0.00
1	1308	2129668	893	307	636	216	272.64	0	-9.75	2.22	-200.00	0.00
1	1309	2129708	892	307	628	216	279.24	0	-9.75	2.24	-200.00	0.00
1	1310	2129749	892	307	619	216	287.77	0	-9.74	2.25	-200.00	0.00
1	1311	2129790	891	307	611	216	294.42	0	-9.74	2.27	-200.00	0.00
1	1312	2129830	891	307	604	216	301.08	0	-9.74	2.28	-200.00	0.00
1	1313	2129871	891	307	595	216	309.67	0	-9.73	2.29	-200.00	0.00
1	1314	2129911	890	308	586	216	317.62	0	-9.73	2.31	-200.00	0.00
1	1315	2129952	890	308	579	216	324.32	0	-9.73	2.32	-200.00	0.00
1	1316	2129993	890	308	570	216	332.96	0	-9.72	2.33	-200.00	0.00
1	1317	2130034	889	308	563	216	338.73	0	-9.72	2.34	-200.00	0.00
1	1318	2130075	889	308	554	216	347.40	0	-9.72	2.36	-200.00	0.00
1	1319	2130116	888	308	545	216	355.12	0	-9.71	2.37	-200.00	0.00
1	1320	2130157	888	308	539	216	360.92	0	-9.71	2.38	-200.00	0.00
1	1321	2130198	888	308	530	216	369.63	0	-9.71	2.40	-200.00	0.00
1	1322	2130239	887	308	521	216	377.39	0	-9.70	2.41	-200.00	0.00
1	1323	2130280	887	308	512	216	386.12	0	-9.70	2.43	-200.00	0.00
1	1324	2130321	886	309	505	216	392.19	0	-9.70	2.44	-200.00	0.00
1	1325	2130362	886	309	496	216	400.94	0	-9.69	2.45	-200.00	0.00
1	1326	2130403	886	309	488	216	408.72	0	-9.69	2.47	-200.00	0.00
1	1327	2130444	885	309	481	216	414.57	0	-9.69	2.48	-200.00	0.00
1	1328	2130484	885	309	471	216	424.32	0	-9.68	2.49	-200.00	0.00
1	1329	2130525	884	309	465	216	429.20	0	-9.68	2.50	-200.00	0.00
1	1330	2130566	884	309	456	216	437.99	0	-9.68	2.52	-200.00	0.00
1	1331	2130607	884	309	448	216	445.81	0	-9.67	2.53	-200.00	0.00
1	1332	2130648	883	309	448	216	444.83	0	-9.67	2.54	-200.00	0.00
1	1333	2130688	883	309	448	216	444.83	0	-9.67	2.56	-200.00	0.00
1	1334	2130729	882	310	448	216	444.06	0	-9.66	2.57	-200.00	0.00
1	1335	2130770	882	310	448	216	444.06	0	-9.66	2.58	-200.00	0.00
1	1336	2130811	882	310	448	216	444.06	0	-9.66	2.60	-200.00	0.00
1	1337	2130852	881	310	448	216	443.09	0	-9.65	2.61	-200.00	0.00
1	1338	2130893	881	310	448	216	443.09	0	-9.65	2.62	-200.00	0.00
1	1339	2130933	880	310	448	216	442.11	0	-9.65	2.64	-200.00	0.00
1	1340	2130974	880	310	448	216	442.11	0	-9.64	2.65	-200.00	0.00
1	1341	2131015	880	310	448	216	442.11	0	-9.64	2.66	-200.00	86.00
1	1342	2131055	879	310	448	219	440.50	0	-9.64	2.68	-186.00	200.00
1	1343	2131096	879	311	448	228	438.92	0	-9.63	2.69	-120.00	200.00
1	1344	2131137	878	311	448	236	436.49	0	-9.63	2.70	-103.00	200.00
1	1345	2131178	878	311	448	243	435.34	0	-9.62	2.71	-103.00	200.00
1	1346	2131218	878	311	448	252	434.03	0	-9.62	2.73	-103.00	200.00
1	1347	2131259	877	311	448	261	431.90	0	-9.62	2.74	-103.00	200.00
1	1348	2131300	877	311	448	268	431.15	0	-9.61	2.75	-103.00	200.00
1	1349	2131340	876	311	448	277	429.35	0	-9.61	2.77	-103.00	200.00
1	1350	2131381	876	311	448	284	428.85	0	-9.61	2.78	-103.00	200.00
1	1351	2131422	876	311	448	294	428.34	0	-9.60	2.80	-103.00	200.00
1	1352	2131463	875	312	448	301	427.14	0	-9.60	2.81	-103.00	200.00
1	1353	2131504	875	312	448	310	427.00	0	-9.59	2.82	-103.00	200.00
1	1354	2131545	874	312	448	318	426.04	0	-9.59	2.83	-103.00	200.00
1	1355	2131586	874	312	448	324	426.17	0	-9.59	2.85	-103.00	200.00
1	1356	2131626	874	312	448	333	426.52	0	-9.58	2.86	-103.00	200.00
1	1357	2131667	873	312	448	343	426.13	0	-9.58	2.87	-103.00	200.00
1	1358	2131708	873	312	448	350	426.70	0	-9.57	2.89	-103.00	200.00
1	1359	2131749	872	312	448	359	426.60	0	-9.57	2.90	-103.00	200.00
1	1360	2131790	872	312	448	366	427.42	0	-9.57	2.91	-103.00	200.00
1	1361	2131831	872	313	448	376	428.65	0	-9.56	2.93	-103.00	200.00
1	1362	2131872	871	313	448	383	428.75	0	-9.56	2.94	-103.00	200.00
1	1363	2131913	871	313	448	392	430.31	0	-9.55	2.95	-103.00	200.00
1	1364	2131953	871	313	448	399	431.65	0	-9.55	2.96	-103.00	200.00
1	1365	2131994	870	313	448	408	432.56	0	-9.55	2.98	-103.00	200.00
1	1366	2132035	870	313	448	415	434.15	0	-9.54	2.99	-103.00	200.00
1	1367	2132076	869	313	448	424	435.39	0	-9.54	3.00	-103.00	200.00
1	1368	2132117	869	313	448	433	437.77	0	-9.53	3.02	-103.00	200.00
1	1369	2132158	869	314	448	441	439.74	0	-9.53	3.03	-103.00	200.00
1	1370	2132199	868	314	448	448	440.86	0	-9.53	3.04	-103.00	200.00
1	1371	2132240	868	314	448	456	443.36	0	-9.52	3.06	-103.00	200.00
1	1372	2132280	867	314	448	465	445.38	0	-9.52	3.07	-103.00	200.00
1	1373	2132321	867	314	448	474	448.51	0	-9.51	3.08	-103.00	200.00
1	1374	2132362	867	314	448	481	451.05	0	-9.51	3.09	-103.00	200.00
1	1375	2132403	866	314	448	490	453.54	0	-9.50	3.11	-103.00	200.00
1	1376	2132443	866	314	448	498	456.71	0	-9.50	3.12	-103.00	200.00
1	1377	2132484	865	315	448	507	459.08	0	-9.50	3.13	-103.00	200.00
1	1378	2132524	865	315	448	514	462.05	0	-9.49	3.15	-103.00	200.00
1	1379	2132565	865	315	448	522	465.55	0	-9.49	3.16	-103.00	200.00
1	1380	2132606	864	315	448	531	468.73	0	-9.48	3.17	-103.00	200.00
1	1381	2132647	864	315	448	540	472.95	0	-9.48	3.19	-103.00	200.00
1	1382	2132688	864	315	448	547	476.32	0	-9.47	3.20	-103.00	200.00
1	1383	2132729	863	315	448	554	478.90	0	-9.47	3.21	-103.00	200.00
1	1384	2132770	863	316	448	563	482.94	0	-9.47	3.22	-103.00	200.00
1	1385	2132811	862	316	448	573	487.28	0	-9.46	3.24	-104.00	200.00
1	1386	2132852	862	316	448	580	491.01	0	-9.46	3.25	-103.00	200.00
1	1387	2132893	862	316	448	589	495.91	0	-9.45	3.26	-103.00	200.00
1	1388	2132933	861	316	448	596	498.97	0	-9.45	3.28	-103.00	200.00
1	1389	2132974	861	316	448	605	504.07	0	-9.44	3.29	-103.00	200.00
1	1390	2133015	860	316	448	612	507.31	0	-9.44	3.30	-104.00	200.00
1	1391	2133056	860	316	448	621	512.61	0	-9.43	3.31	-104.00	200.00
1	1392	2133097	860	317	448	630	517.41	0	-9.43	3.33	-104.00	200.00
1	1393	2133138	859	317	448	638	521.50	0	-9.43	3.34	-104.00	200.00
1	1394	2133179	859	317	448	645	525.84	0	-9.42	3.35	-104.00	200.00
1	1395	2133220	858	317	448	655	531.36	0	-9.42	3.37	-104.00	200.00
1	1396	2133261	858	317	448	662	535.84	0	-9.41	3.38	-104.00	200.00
1	1397	2133302	858	317	448	671	541.68	0	-9.41	3.39	-104.00	200.00
1	1398	2133343	857	317	448	678	545.53	0	-9.40	3.40	-104.00	200.00
1	1399	2133384	857	318	448	686	550.19	0	-9.40	3.42	-104.00	200.00
1	1400	2133424	857	318	448	695	556.25	0	-9.39	3.43	-104.00	200.00
1	1401	2133465	856	318	448	704	561.66	0	-9.39	3.44	-104.00	200.00
1	1402	2133506	856	318	448	711	566.49	0	-9.38	3.46	-104.00	200.00
1	1403	2133547	855	318	448	720	572.06	0	-9.38	3.47	-104.00	200.00
1	1404	2133587	855	318	448	727	577.00	0	-9.37	3.48	-104.00	200.00
1	1405	2133628	855	318	448	737	584.13	0	-9.37	3.50	-103.00	200.00
1	1406	2133668	854	319	448	744	587.76	0	-9.36	3.51	-104.00	200.00
1	1407	2133709	854	319	448	753	594.30	0	-9.36	3.52	-103.00	200.00
1	1408	2133749	853	319	448	761	599.49	0	-9.35	3.53	-104.00	200.00
1	1409	2133790	853	319	448	768	604.67	0	-9.35	3.54	-104.00	200.00
1	1410	2133831	853	319	448	776	610.63	0	-9.35	3.56	-104.00	200.00
1	1411	2133872	852	319	448	786	617.50	0	-9.34	3.57	-104.00	200.00
1	1412	2133913	852	319	448	794	623.57	0	-9.34	3.59	-104.00	200.00
1	1413	2133954	852	320	448	800	627.39	0	-9.33	3.60	-104.00	200.00
1	1414	2133995	851	320	448	809	633.66	0	-9.33	3.61	-104.00	200.00
1	1415	2134036	851	320	448	819	641.41	0	-9.32	3.62	-104.00	200.00
1	1416	2134077	850	320	448	826	646.25	0	-9.32	3.63	-104.00	200.00
1	1417	2134118	850	320	448	835	653.32	0	-9.31	3.65	-104.00	200.00
1	1418	2134158	850	320	448	842	658.85	0	-9.31	3.66	-104.00	200.00
1	1419	2134199	849	320	448	851	665.40	0	-9.30	3.67	-104.00	200.00
1	1420	2134239	849	321	448	858	670.20	0	-9.30	3.68	-104.00	200.00
1	1421	2134280	849	321	448	866	676.63	0	-9.29	3.70	-104.00	200.00
1	1422	2134321	848	321	448	875	683.31	0	-9.29	3.71	-104.00	200.00
1	1423	2134362	848	321	448	884	690.63	0	-9.28	3.73	-104.00	200.00
1	1424	2134402	847	321	448	892	696.59	0	-9.28	3.74	-104.00	200.00
1	1425	2134443	847	321	448	901	703.99	0	-9.27	3.75	-104.00	200.00
1	1426	2134484	847	322	448	907	708.11	0	-9.27	3.76	-104.00	200.00
1	1427	2134525	846	322	448	915	714.18	0	-9.26	3.77	-104.00	200.00
1	1428	2134566	846	322	448	924	721.67	0	-9.26	3.79	-104.00	200.00
1	1429	2134607	845	322	448	933	728.65	0	-9.25	3.80	-104.00	200.00
1	1430	2134648	845	322	448	940	734.53	0	-9.24	3.81	-104.00	200.00
1	1431	2134689	845	322	448	949	742.12	0	-9.24	3.83	-104.00	200.00
1	1432	2134730	844	322	448	957	748.36	0	-9.23	3.84	-104.00	200.00
1	1433	2134771	844	323	448	966	755.16	0	-9.23	3.85	-104.00	200.00
1	1434	2134812	844	323	448	973	761.13	0	-9.22	3.86	-104.00	200.00
1	1435	2134853	843	323	448	983	769.17	0	-9.22	3.88	-104.00	200.00
1	1436	2134894	843	323	448	984	770.03	0	-9.21	3.89	-104.00	200.00
1	1437	2134935	842	323	448	984	769.52	0	-9.21	3.90	-104.00	200.00
1	1438	2134976	842	323	448	984	769.52	0	-9.20	3.91	-104.00	200.00
1	1439	2135016	842	324	448	984	768.66	0	-9.20	3.93	-104.00	200.00
1	1440	2135056	841	324	448	984	768.15	0	-9.19	3.94	-104.00	200.00
1	1441	2135097	841	324	448	984	768.15	0	-9.19	3.95	-104.00	200.00
1	1442	2135138	841	324	448	984	768.15	0	-9.18	3.96	-104.00	200.00
1	1443	2135179	840	324	448	984	767.64	0	-9.18	3.98	-103.00	200.00
1	1444	2135220	840	324	448	984	767.64	0	-9.17	3.99	-65.00	200.00
1	1445	2135261	839	325	448	984	766.26	0	-9.16	4.00	0.00	200.00
1	1446	2135302	839	325	448	984	766.26	0	-9.16	4.02	83.00	200.00
1	1447	2135343	839	325	450	984	765.25	0	-9.15	4.03	158.00	200.00
1	1448	2135384	838	325	457	984	761.21	0	-9.15	4.04	200.00	200.00
1	1449	2135425	838	325	466	984	756.75	0	-9.14	4.05	200.00	200.00
1	1450	2135466	838	325	473	984	753.33	0	-9.14	4.06	200.00	200.00
1	1451	2135506	837	326	483	984	747.18	0	-9.13	4.08	200.00	200.00
1	1452	2135547	837	326	490	984	743.89	0	-9.13	4.09	200.00	200.00
1	1453	2135588	836	326	499	984	739.28	0	-9.12	4.10	200.00	200.00
1	1454	2135629	836	326	506	984	736.11	0	-9.11	4.11	200.00	200.00
1	1455	2135670	836	326	516	984	731.69	0	-9.11	4.13	200.00	200.00
1	1456	2135711	835	326	523	984	728.22	0	-9.10	4.14	200.00	200.00
1	1457	2135752	835	327	532	984	723.50	0	-9.10	4.15	200.00	200.00
1	1458	2135793	835	327	539	984	720.60	0	-9.09	4.16	200.00	200.00
1	1459	2135834	834	327	548	984	716.55	0	-9.09	4.18	200.00	200.00
1	1460	2135874	834	327	555	984	713.79	0	-9.08	4.19	200.00	200.00
1	1461	2135915	833	327	565	984	709.56	0	-9.07	4.20	200.00	200.00
1	1462	2135956	833	327	571	984	707.31	0	-9.07	4.21	200.00	200.00
1	1463	2135997	833	328	580	984	703.10	0	-9.06	4.23	200.00	200.00
1	1464	2136038	832	328	589	984	699.56	0	-9.06	4.24	200.00	200.00
