ID	Name	Sex	Session	DistanceError	AngleError	PracMode	ExperMode	Background	Track	Direction	MoveMode	SpeedMode	Pause	PauseNum	Speed	InitSpeed	SpeedMin	SpeedMax	AccelerationMin	AccelerationMax	AngleSpeedMin	AngleSpeedMax	RotateAngleMin	RotateAngleMax	PracTime	ExperTime	PracTimes	ExperTimes	Pra_Test	Trial	PointNum	PointTime	ObjPointX	ObjPointY	PostPointX	PostPointY	ObjRotate	PostRotate	Distance	RotateError	Hit	ObjSpeedX	ObjSpeedY	PostSpeedX	PostSpeedY	ObjRotateSpeed	PostRotateSpeed
11	1	ÄÐ	0	20.00	20.00	0	1	0	0	0	0	0	0	-1	5.00	-1.00	-1.00	-1.00	-1.00	-1.00	-1.00	-1.00	-1.00	-1.00	3	3	3	3	1	1	1	356975326	1260	540	960	540	0.00	0.00	300.00	0.00	0	-0.00	-5.00	0.00	-144.00	0.00	0.00
11	1	ÄÐ	0	20.00	20.00	0	1	0	0	0	0	0	0	-1	5.00	-1.00	-1.00	-1.00	-1.00	-1.00	-1.00	-1.00	-1.00	-1.00	3	3	3	3	1	1	2	356975367	1260	539	960	534	0.00	0.00	300.04	0.00	0	-0.00	-5.00	-56.00	-200.00	0.00	0.00
11	1	ÄÐ	0	20.00	20.00	0	1	0	0	0	0	0	0	-1	5.00	-1.00	-1.00	-1.00	-1.00	-1.00	-1.00	-1.00	-1.00	-1.00	3	3	3	3	1	1	3	356975407	1259	539	957	526	0.00	0.00	302.28	0.00	0	-0.01	-5.00	0.00	-200.00	0.00	0.00
11	1	ÄÐ	0	20.00	20.00	0	1	0	0	0	0	0	0	-1	5.00	-1.00	-1.00	-1.00	-1.00	-1.00	-1.00	-1.00	-1.00	-1.00	3	3	3	3	1	1	4	356975449	1259	539	957	517	0.00	0.00	302.80	0.00	0	-0.01	-5.00	59.00	-200.00	0.00	0.00
11	1	ÄÐ	0	20.00	20.00	0	1	0	0	0	0	0	0	-1	5.00	-1.00	-1.00	-1.00	-1.00	-1.00	-1.00	-1.00	-1.00	-1.00	3	3	3	3	1	1	5	356975489	1259	539	960	509	0.00	0.00	300.50	0.00	0	-0.01	-5.00	168.00	-200.00	0.00	0.00
11	1	ÄÐ	0	20.00	20.00	0	1	0	0	0	0	0	0	-1	5.00	-1.00	-1.00	-1.00	-1.00	-1.00	-1.00	-1.00	-1.00	-1.00	3	3	3	3	1	1	6	356975529	1259	538	966	501	0.00	0.00	295.33	0.00	0	-0.02	-5.00	190.00	-84.00	0.00	0.00
11	1	ÄÐ	0	20.00	20.00	0	1	0	0	0	0	0	0	-1	5.00	-1.00	-1.00	-1.00	-1.00	-1.00	-1.00	-1.00	-1.00	-1.00	3	3	3	3	1	1	7	356975570	1259	538	974	498	0.00	0.00	287.79	0.00	0	-0.02	-5.00	0.00	0.00	0.00	0.00
11	1	ÄÐ	0	20.00	20.00	0	1	0	0	0	0	0	0	-1	5.00	-1.00	-1.00	-1.00	-1.00	-1.00	-1.00	-1.00	-1.00	-1.00	3	3	3	3	1	1	8	356975611	1259	538	974	498	0.00	0.00	287.79	0.00	0	-0.02	-5.00	0.00	0.00	0.00	0.00
11	1	ÄÐ	0	20.00	20.00	0	1	0	0	0	0	0	0	-1	5.00	-1.00	-1.00	-1.00	-1.00	-1.00	-1.00	-1.00	-1.00	-1.00	3	3	3	3	1	1	9	356975652	1259	538	974	498	0.00	0.00	287.79	0.00	0	-0.03	-5.00	0.00	0.00	0.00	0.00
11	1	ÄÐ	0	20.00	20.00	0	1	0	0	0	0	0	0	-1	5.00	-1.00	-1.00	-1.00	-1.00	-1.00	-1.00	-1.00	-1.00	-1.00	3	3	3	3	1	1	10	356975693	1259	538	974	498	0.00	0.00	287.79	0.00	0	-0.03	-5.00	0.00	0.00	0.00	0.00
11	1	ÄÐ	0	20.00	20.00	0	1	0	0	0	0	0	0	-1	5.00	-1.00	-1.00	-1.00	-1.00	-1.00	-1.00	-1.00	-1.00	-1.00	3	3	3	3	1	1	11	356975733	1259	537	974	498	0.00	0.00	287.66	0.00	0	-0.03	-5.00	0.00	0.00	0.00	0.00
11	1	ÄÐ	0	20.00	20.00	0	1	0	0	0	0	0	0	-1	5.00	-1.00	-1.00	-1.00	-1.00	-1.00	-1.00	-1.00	-1.00	-1.00	3	3	3	3	1	1	12	356975774	1259	537	974	498	0.00	0.00	287.66	0.00	0	-0.04	-5.00	0.00	0.00	0.00	0.00
11	1	ÄÐ	0	20.00	20.00	0	1	0	0	0	0	0	0	-1	5.00	-1.00	-1.00	-1.00	-1.00	-1.00	-1.00	-1.00	-1.00	-1.00	3	3	3	3	1	1	13	356975816	1259	537	974	498	0.00	0.00	287.66	0.00	0	-0.04	-5.00	0.00	0.00	0.00	0.00
11	1	ÄÐ	0	20.00	20.00	0	1	0	0	0	0	0	0	-1	5.00	-1.00	-1.00	-1.00	-1.00	-1.00	-1.00	-1.00	-1.00	-1.00	3	3	3	3	1	1	14	356975856	1259	537	974	498	0.00	0.00	287.66	0.00	0	-0.04	-5.00	0.00	0.00	0.00	0.00
11	1	ÄÐ	0	20.00	20.00	0	1	0	0	0	0	0	0	-1	5.00	-1.00	-1.00	-1.00	-1.00	-1.00	-1.00	-1.00	-1.00	-1.00	3	3	3	3	1	1	15	356975896	1259	537	974	498	0.00	0.00	287.66	0.00	0	-0.05	-5.00	0.00	0.00	0.00	0.00
11	1	ÄÐ	0	20.00	20.00	0	1	0	0	0	0	0	0	-1	5.00	-1.00	-1.00	-1.00	-1.00	-1.00	-1.00	-1.00	-1.00	-1.00	3	3	3	3	1	1	16	356975936	1259	536	974	498	0.00	0.00	287.52	0.00	0	-0.05	-5.00	0.00	0.00	0.00	0.00
11	1	ÄÐ	0	20.00	20.00	0	1	0	0	0	0	0	0	-1	5.00	-1.00	-1.00	-1.00	-1.00	-1.00	-1.00	-1.00	-1.00	-1.00	3	3	3	3	1	1	17	356975976	1259	536	974	498	0.00	0.00	287.52	0.00	0	-0.05	-5.00	0.00	0.00	0.00	0.00
11	1	ÄÐ	0	20.00	20.00	0	1	0	0	0	0	0	0	-1	5.00	-1.00	-1.00	-1.00	-1.00	-1.00	-1.00	-1.00	-1.00	-1.00	3	3	3	3	1	1	18	356976017	1259	536	974	498	0.00	0.00	287.52	0.00	0	-0.06	-5.00	0.00	0.00	0.00	0.00
11	1	ÄÐ	0	20.00	20.00	0	1	0	0	0	0	0	0	-1	5.00	-1.00	-1.00	-1.00	-1.00	-1.00	-1.00	-1.00	-1.00	-1.00	3	3	3	3	1	1	19	356976058	1259	536	974	498	0.00	0.00	287.52	0.00	0	-0.06	-5.00	0.00	0.00	0.00	0.00
11	1	ÄÐ	0	20.00	20.00	0	1	0	0	0	0	0	0	-1	5.00	-1.00	-1.00	-1.00	-1.00	-1.00	-1.00	-1.00	-1.00	-1.00	3	3	3	3	1	1	20	356976098	1259	536	974	498	0.00	0.00	287.52	0.00	0	-0.06	-5.00	0.00	0.00	0.00	0.00
11	1	ÄÐ	0	20.00	20.00	0	1	0	0	0	0	0	0	-1	5.00	-1.00	-1.00	-1.00	-1.00	-1.00	-1.00	-1.00	-1.00	-1.00	3	3	3	3	1	1	21	356976139	1259	535	974	498	0.00	0.00	287.39	0.00	0	-0.07	-5.00	0.00	0.00	0.00	0.00
11	1	ÄÐ	0	20.00	20.00	0	1	0	0	0	0	0	0	-1	5.00	-1.00	-1.00	-1.00	-1.00	-1.00	-1.00	-1.00	-1.00	-1.00	3	3	3	3	1	1	22	356976179	1259	535	974	498	0.00	0.00	287.39	0.00	0	-0.07	-5.00	0.00	0.00	0.00	0.00
11	1	ÄÐ	0	20.00	20.00	0	1	0	0	0	0	0	0	-1	5.00	-1.00	-1.00	-1.00	-1.00	-1.00	-1.00	-1.00	-1.00	-1.00	3	3	3	3	1	1	23	356976219	1259	535	974	498	0.00	0.00	287.39	0.00	0	-0.08	-5.00	0.00	0.00	0.00	0.00
11	1	ÄÐ	0	20.00	20.00	0	1	0	0	0	0	0	0	-1	5.00	-1.00	-1.00	-1.00	-1.00	-1.00	-1.00	-1.00	-1.00	-1.00	3	3	3	3	1	1	24	356976259	1259	535	974	498	0.00	0.00	287.39	0.00	0	-0.08	-5.00	0.00	0.00	0.00	0.00
11	1	ÄÐ	0	20.00	20.00	0	1	0	0	0	0	0	0	-1	5.00	-1.00	-1.00	-1.00	-1.00	-1.00	-1.00	-1.00	-1.00	-1.00	3	3	3	3	1	1	25	356976299	1259	535	974	498	0.00	0.00	287.39	0.00	0	-0.08	-5.00	0.00	0.00	0.00	0.00
11	1	ÄÐ	0	20.00	20.00	0	1	0	0	0	0	0	0	-1	5.00	-1.00	-1.00	-1.00	-1.00	-1.00	-1.00	-1.00	-1.00	-1.00	3	3	3	3	1	1	26	356976340	1259	534	974	498	0.00	0.00	287.26	0.00	0	-0.09	-5.00	0.00	0.00	0.00	0.00
11	1	ÄÐ	0	20.00	20.00	0	1	0	0	0	0	0	0	-1	5.00	-1.00	-1.00	-1.00	-1.00	-1.00	-1.00	-1.00	-1.00	-1.00	3	3	3	3	1	1	27	356976381	1259	534	974	498	0.00	0.00	287.26	0.00	0	-0.09	-5.00	0.00	0.00	0.00	0.00
11	1	ÄÐ	0	20.00	20.00	0	1	0	0	0	0	0	0	-1	5.00	-1.00	-1.00	-1.00	-1.00	-1.00	-1.00	-1.00	-1.00	-1.00	3	3	3	3	1	1	28	356976421	1259	534	974	498	0.00	0.00	287.26	0.00	0	-0.09	-5.00	0.00	0.00	0.00	0.00
11	1	ÄÐ	0	20.00	20.00	0	1	0	0	0	0	0	0	-1	5.00	-1.00	-1.00	-1.00	-1.00	-1.00	-1.00	-1.00	-1.00	-1.00	3	3	3	3	1	1	29	356976463	1259	534	974	498	0.00	0.00	287.26	0.00	0	-0.10	-5.00	0.00	0.00	0.00	0.00
11	1	ÄÐ	0	20.00	20.00	0	1	0	0	0	0	0	0	-1	5.00	-1.00	-1.00	-1.00	-1.00	-1.00	-1.00	-1.00	-1.00	-1.00	3	3	3	3	1	1	30	356976504	1259	534	974	498	0.00	0.00	287.26	0.00	0	-0.10	-5.00	0.00	0.00	0.00	0.00
11	1	ÄÐ	0	20.00	20.00	0	1	0	0	0	0	0	0	-1	5.00	-1.00	-1.00	-1.00	-1.00	-1.00	-1.00	-1.00	-1.00	-1.00	3	3	3	3	1	1	31	356976544	1259	533	974	498	0.00	0.00	287.14	0.00	0	-0.10	-5.00	0.00	0.00	0.00	0.00
11	1	ÄÐ	0	20.00	20.00	0	1	0	0	0	0	0	0	-1	5.00	-1.00	-1.00	-1.00	-1.00	-1.00	-1.00	-1.00	-1.00	-1.00	3	3	3	3	1	1	32	356976586	1259	533	974	498	0.00	0.00	287.14	0.00	0	-0.11	-5.00	0.00	0.00	0.00	0.00
11	1	ÄÐ	0	20.00	20.00	0	1	0	0	0	0	0	0	-1	5.00	-1.00	-1.00	-1.00	-1.00	-1.00	-1.00	-1.00	-1.00	-1.00	3	3	3	3	1	1	33	356976626	1259	533	974	498	0.00	0.00	287.14	0.00	0	-0.11	-5.00	0.00	0.00	0.00	0.00
11	1	ÄÐ	0	20.00	20.00	0	1	0	0	0	0	0	0	-1	5.00	-1.00	-1.00	-1.00	-1.00	-1.00	-1.00	-1.00	-1.00	-1.00	3	3	3	3	1	1	34	356976666	1259	533	974	498	0.00	0.00	287.14	0.00	0	-0.11	-5.00	0.00	0.00	0.00	0.00
11	1	ÄÐ	0	20.00	20.00	0	1	0	0	0	0	0	0	-1	5.00	-1.00	-1.00	-1.00	-1.00	-1.00	-1.00	-1.00	-1.00	-1.00	3	3	3	3	1	1	35	356976706	1259	533	974	498	0.00	0.00	287.14	0.00	0	-0.12	-5.00	0.00	0.00	0.00	0.00
11	1	ÄÐ	0	20.00	20.00	0	1	0	0	0	0	0	0	-1	5.00	-1.00	-1.00	-1.00	-1.00	-1.00	-1.00	-1.00	-1.00	-1.00	3	3	3	3	1	1	36	356976747	1259	532	974	498	0.00	0.00	287.02	0.00	0	-0.12	-5.00	0.00	0.00	0.00	0.00
11	1	ÄÐ	0	20.00	20.00	0	1	0	0	0	0	0	0	-1	5.00	-1.00	-1.00	-1.00	-1.00	-1.00	-1.00	-1.00	-1.00	-1.00	3	3	3	3	1	1	37	356976787	1259	532	974	498	0.00	0.00	287.02	0.00	0	-0.12	-5.00	0.00	0.00	0.00	0.00
11	1	ÄÐ	0	20.00	20.00	0	1	0	0	0	0	0	0	-1	5.00	-1.00	-1.00	-1.00	-1.00	-1.00	-1.00	-1.00	-1.00	-1.00	3	3	3	3	1	1	38	356976828	1259	532	974	498	0.00	0.00	287.02	0.00	0	-0.13	-5.00	0.00	0.00	0.00	0.00
11	1	ÄÐ	0	20.00	20.00	0	1	0	0	0	0	0	0	-1	5.00	-1.00	-1.00	-1.00	-1.00	-1.00	-1.00	-1.00	-1.00	-1.00	3	3	3	3	1	1	39	356976868	1259	532	974	498	0.00	0.00	287.02	0.00	0	-0.13	-5.00	0.00	0.00	0.00	0.00
11	1	ÄÐ	0	20.00	20.00	0	1	0	0	0	0	0	0	-1	5.00	-1.00	-1.00	-1.00	-1.00	-1.00	-1.00	-1.00	-1.00	-1.00	3	3	3	3	1	1	40	356976909	1259	532	974	498	0.00	0.00	287.02	0.00	0	-0.13	-5.00	0.00	0.00	0.00	0.00
11	1	ÄÐ	0	20.00	20.00	0	1	0	0	0	0	0	0	-1	5.00	-1.00	-1.00	-1.00	-1.00	-1.00	-1.00	-1.00	-1.00	-1.00	3	3	3	3	1	1	41	356976949	1259	531	974	498	0.00	0.00	286.90	0.00	0	-0.14	-5.00	0.00	0.00	0.00	0.00
11	1	ÄÐ	0	20.00	20.00	0	1	0	0	0	0	0	0	-1	5.00	-1.00	-1.00	-1.00	-1.00	-1.00	-1.00	-1.00	-1.00	-1.00	3	3	3	3	1	1	42	356976990	1259	531	974	498	0.00	0.00	286.90	0.00	0	-0.14	-5.00	0.00	0.00	0.00	0.00
11	1	ÄÐ	0	20.00	20.00	0	1	0	0	0	0	0	0	-1	5.00	-1.00	-1.00	-1.00	-1.00	-1.00	-1.00	-1.00	-1.00	-1.00	3	3	3	3	1	1	43	356977031	1259	531	974	498	0.00	0.00	286.90	0.00	0	-0.14	-5.00	0.00	0.00	0.00	0.00
11	1	ÄÐ	0	20.00	20.00	0	1	0	0	0	0	0	0	-1	5.00	-1.00	-1.00	-1.00	-1.00	-1.00	-1.00	-1.00	-1.00	-1.00	3	3	3	3	1	1	44	356977071	1259	531	974	498	0.00	0.00	286.90	0.00	0	-0.15	-5.00	0.00	0.00	0.00	0.00
11	1	ÄÐ	0	20.00	20.00	0	1	0	0	0	0	0	0	-1	5.00	-1.00	-1.00	-1.00	-1.00	-1.00	-1.00	-1.00	-1.00	-1.00	3	3	3	3	1	1	45	356977111	1259	530	974	498	0.00	0.00	286.79	0.00	0	-0.15	-5.00	0.00	0.00	0.00	0.00
11	1	ÄÐ	0	20.00	20.00	0	1	0	0	0	0	0	0	-1	5.00	-1.00	-1.00	-1.00	-1.00	-1.00	-1.00	-1.00	-1.00	-1.00	3	3	3	3	1	1	46	356977152	1259	530	974	498	0.00	0.00	286.79	0.00	0	-0.15	-5.00	0.00	0.00	0.00	0.00
11	1	ÄÐ	0	20.00	20.00	0	1	0	0	0	0	0	0	-1	5.00	-1.00	-1.00	-1.00	-1.00	-1.00	-1.00	-1.00	-1.00	-1.00	3	3	3	3	1	1	47	356977192	1259	530	974	498	0.00	0.00	286.79	0.00	0	-0.16	-5.00	0.00	0.00	0.00	0.00
11	1	ÄÐ	0	20.00	20.00	0	1	0	0	0	0	0	0	-1	5.00	-1.00	-1.00	-1.00	-1.00	-1.00	-1.00	-1.00	-1.00	-1.00	3	3	3	3	1	1	48	356977233	1259	530	974	498	0.00	0.00	286.79	0.00	0	-0.16	-5.00	0.00	0.00	0.00	0.00
11	1	ÄÐ	0	20.00	20.00	0	1	0	0	0	0	0	0	-1	5.00	-1.00	-1.00	-1.00	-1.00	-1.00	-1.00	-1.00	-1.00	-1.00	3	3	3	3	1	1	49	356977273	1259	530	974	498	0.00	0.00	286.79	0.00	0	-0.16	-5.00	0.00	0.00	0.00	0.00
11	1	ÄÐ	0	20.00	20.00	0	1	0	0	0	0	0	0	-1	5.00	-1.00	-1.00	-1.00	-1.00	-1.00	-1.00	-1.00	-1.00	-1.00	3	3	3	3	1	1	50	356977313	1259	529	974	498	0.00	0.00	286.68	0.00	0	-0.17	-5.00	0.00	0.00	0.00	0.00
11	1	ÄÐ	0	20.00	20.00	0	1	0	0	0	0	0	0	-1	5.00	-1.00	-1.00	-1.00	-1.00	-1.00	-1.00	-1.00	-1.00	-1.00	3	3	3	3	1	1	51	356977355	1259	529	974	498	0.00	0.00	286.68	0.00	0	-0.17	-5.00	0.00	0.00	0.00	0.00
11	1	ÄÐ	0	20.00	20.00	0	1	0	0	0	0	0	0	-1	5.00	-1.00	-1.00	-1.00	-1.00	-1.00	-1.00	-1.00	-1.00	-1.00	3	3	3	3	1	1	52	356977395	1259	529	974	498	0.00	0.00	286.68	0.00	0	-0.17	-5.00	0.00	0.00	0.00	0.00
11	1	ÄÐ	0	20.00	20.00	0	1	0	0	0	0	0	0	-1	5.00	-1.00	-1.00	-1.00	-1.00	-1.00	-1.00	-1.00	-1.00	-1.00	3	3	3	3	1	1	53	356977435	1259	529	974	498	0.00	0.00	286.68	0.00	0	-0.18	-5.00	0.00	0.00	0.00	0.00
11	1	ÄÐ	0	20.00	20.00	0	1	0	0	0	0	0	0	-1	5.00	-1.00	-1.00	-1.00	-1.00	-1.00	-1.00	-1.00	-1.00	-1.00	3	3	3	3	1	1	54	356977476	1259	529	974	498	0.00	0.00	286.68	0.00	0	-0.18	-5.00	0.00	0.00	0.00	0.00
11	1	ÄÐ	0	20.00	20.00	0	1	0	0	0	0	0	0	-1	5.00	-1.00	-1.00	-1.00	-1.00	-1.00	-1.00	-1.00	-1.00	-1.00	3	3	3	3	1	1	55	356977517	1259	528	974	498	0.00	0.00	286.57	0.00	0	-0.18	-5.00	0.00	0.00	0.00	0.00
11	1	ÄÐ	0	20.00	20.00	0	1	0	0	0	0	0	0	-1	5.00	-1.00	-1.00	-1.00	-1.00	-1.00	-1.00	-1.00	-1.00	-1.00	3	3	3	3	1	1	56	356977557	1259	528	974	498	0.00	0.00	286.57	0.00	0	-0.19	-5.00	0.00	0.00	0.00	0.00
11	1	ÄÐ	0	20.00	20.00	0	1	0	0	0	0	0	0	-1	5.00	-1.00	-1.00	-1.00	-1.00	-1.00	-1.00	-1.00	-1.00	-1.00	3	3	3	3	1	1	57	356977598	1259	528	974	498	0.00	0.00	286.57	0.00	0	-0.19	-5.00	0.00	0.00	0.00	0.00
11	1	ÄÐ	0	20.00	20.00	0	1	0	0	0	0	0	0	-1	5.00	-1.00	-1.00	-1.00	-1.00	-1.00	-1.00	-1.00	-1.00	-1.00	3	3	3	3	1	1	58	356977639	1259	528	974	498	0.00	0.00	286.57	0.00	0	-0.19	-5.00	0.00	0.00	0.00	0.00
11	1	ÄÐ	0	20.00	20.00	0	1	0	0	0	0	0	0	-1	5.00	-1.00	-1.00	-1.00	-1.00	-1.00	-1.00	-1.00	-1.00	-1.00	3	3	3	3	1	1	59	356977679	1259	528	974	498	0.00	0.00	286.57	0.00	0	-0.20	-5.00	0.00	0.00	0.00	0.00
11	1	ÄÐ	0	20.00	20.00	0	1	0	0	0	0	0	0	-1	5.00	-1.00	-1.00	-1.00	-1.00	-1.00	-1.00	-1.00	-1.00	-1.00	3	3	3	3	1	1	60	356977719	1259	527	974	498	0.00	0.00	286.47	0.00	0	-0.20	-5.00	0.00	0.00	0.00	0.00
11	1	ÄÐ	0	20.00	20.00	0	1	0	0	0	0	0	0	-1	5.00	-1.00	-1.00	-1.00	-1.00	-1.00	-1.00	-1.00	-1.00	-1.00	3	3	3	3	1	1	61	356977759	1259	527	974	498	0.00	0.00	286.47	0.00	0	-0.20	-5.00	0.00	0.00	0.00	0.00
11	1	ÄÐ	0	20.00	20.00	0	1	0	0	0	0	0	0	-1	5.00	-1.00	-1.00	-1.00	-1.00	-1.00	-1.00	-1.00	-1.00	-1.00	3	3	3	3	1	1	62	356977799	1259	527	974	498	0.00	0.00	286.47	0.00	0	-0.21	-5.00	0.00	0.00	0.00	0.00
11	1	ÄÐ	0	20.00	20.00	0	1	0	0	0	0	0	0	-1	5.00	-1.00	-1.00	-1.00	-1.00	-1.00	-1.00	-1.00	-1.00	-1.00	3	3	3	3	1	1	63	356977841	1259	527	974	498	0.00	0.00	286.47	0.00	0	-0.21	-5.00	0.00	0.00	0.00	0.00
11	1	ÄÐ	0	20.00	20.00	0	1	0	0	0	0	0	0	-1	5.00	-1.00	-1.00	-1.00	-1.00	-1.00	-1.00	-1.00	-1.00	-1.00	3	3	3	3	1	1	64	356977882	1259	527	974	498	0.00	0.00	286.47	0.00	0	-0.21	-5.00	0.00	0.00	0.00	0.00
11	1	ÄÐ	0	20.00	20.00	0	1	0	0	0	0	0	0	-1	5.00	-1.00	-1.00	-1.00	-1.00	-1.00	-1.00	-1.00	-1.00	-1.00	3	3	3	3	1	1	65	356977923	1259	526	974	498	0.00	0.00	286.37	0.00	0	-0.22	-5.00	0.00	0.00	0.00	0.00
11	1	ÄÐ	0	20.00	20.00	0	1	0	0	0	0	0	0	-1	5.00	-1.00	-1.00	-1.00	-1.00	-1.00	-1.00	-1.00	-1.00	-1.00	3	3	3	3	1	1	66	356977963	1259	526	974	498	0.00	0.00	286.37	0.00	0	-0.22	-5.00	0.00	0.00	0.00	0.00
11	1	ÄÐ	0	20.00	20.00	0	1	0	0	0	0	0	0	-1	5.00	-1.00	-1.00	-1.00	-1.00	-1.00	-1.00	-1.00	-1.00	-1.00	3	3	3	3	1	1	67	356978004	1259	526	974	498	0.00	0.00	286.37	0.00	0	-0.23	-4.99	0.00	0.00	0.00	0.00
11	1	ÄÐ	0	20.00	20.00	0	1	0	0	0	0	0	0	-1	5.00	-1.00	-1.00	-1.00	-1.00	-1.00	-1.00	-1.00	-1.00	-1.00	3	3	3	3	1	1	68	356978044	1259	526	974	498	0.00	0.00	286.37	0.00	0	-0.23	-4.99	0.00	0.00	0.00	0.00
11	1	ÄÐ	0	20.00	20.00	0	1	0	0	0	0	0	0	-1	5.00	-1.00	-1.00	-1.00	-1.00	-1.00	-1.00	-1.00	-1.00	-1.00	3	3	3	3	1	1	69	356978084	1259	526	974	498	0.00	0.00	286.37	0.00	0	-0.23	-4.99	0.00	0.00	0.00	0.00
11	1	ÄÐ	0	20.00	20.00	0	1	0	0	0	0	0	0	-1	5.00	-1.00	-1.00	-1.00	-1.00	-1.00	-1.00	-1.00	-1.00	-1.00	3	3	3	3	1	1	70	356978124	1259	525	974	498	0.00	0.00	286.28	0.00	0	-0.24	-4.99	0.00	0.00	0.00	0.00
11	1	ÄÐ	0	20.00	20.00	0	1	0	0	0	0	0	0	-1	5.00	-1.00	-1.00	-1.00	-1.00	-1.00	-1.00	-1.00	-1.00	-1.00	3	3	3	3	1	1	71	356978165	1259	525	974	498	0.00	0.00	286.28	0.00	0	-0.24	-4.99	0.00	0.00	0.00	0.00
11	1	ÄÐ	0	20.00	20.00	0	1	0	0	0	0	0	0	-1	5.00	-1.00	-1.00	-1.00	-1.00	-1.00	-1.00	-1.00	-1.00	-1.00	3	3	3	3	1	1	72	356978205	1259	525	974	498	0.00	0.00	286.28	0.00	0	-0.24	-4.99	0.00	0.00	0.00	0.00
11	1	ÄÐ	0	20.00	20.00	0	1	0	0	0	0	0	0	-1	5.00	-1.00	-1.00	-1.00	-1.00	-1.00	-1.00	-1.00	-1.00	-1.00	3	3	3	3	1	1	73	356978247	1259	525	974	498	0.00	0.00	286.28	0.00	0	-0.25	-4.99	0.00	0.00	0.00	0.00
11	1	ÄÐ	0	20.00	20.00	0	1	0	0	0	0	0	0	-1	5.00	-1.00	-1.00	-1.00	-1.00	-1.00	-1.00	-1.00	-1.00	-1.00	3	3	3	3	1	1	74	356978288	1259	525	974	498	0.00	0.00	286.28	0.00	0	-0.25	-4.99	0.00	0.00	0.00	0.00
11	1	ÄÐ	0	20.00	20.00	0	1	0	0	0	0	0	0	-1	5.00	-1.00	-1.00	-1.00	-1.00	-1.00	-1.00	-1.00	-1.00	-1.00	3	3	3	3	1	2	1	356979725	1260	540	960	540	0.00	0.00	300.00	0.00	0	-0.00	-5.00	-68.00	-147.00	0.00	0.00
11	1	ÄÐ	0	20.00	20.00	0	1	0	0	0	0	0	0	-1	5.00	-1.00	-1.00	-1.00	-1.00	-1.00	-1.00	-1.00	-1.00	-1.00	3	3	3	3	1	2	2	356979766	1260	539	957	533	0.00	0.00	303.06	0.00	0	-0.00	-5.00	-197.00	-200.00	0.00	0.00
11	1	ÄÐ	0	20.00	20.00	0	1	0	0	0	0	0	0	-1	5.00	-1.00	-1.00	-1.00	-1.00	-1.00	-1.00	-1.00	-1.00	-1.00	3	3	3	3	1	2	3	356979808	1259	539	948	525	0.00	0.00	311.31	0.00	0	-0.01	-5.00	-197.00	-200.00	0.00	0.00
11	1	ÄÐ	0	20.00	20.00	0	1	0	0	0	0	0	0	-1	5.00	-1.00	-1.00	-1.00	-1.00	-1.00	-1.00	-1.00	-1.00	-1.00	3	3	3	3	1	2	4	356979848	1259	539	940	517	0.00	0.00	319.76	0.00	0	-0.01	-5.00	-197.00	-200.00	0.00	0.00
11	1	ÄÐ	0	20.00	20.00	0	1	0	0	0	0	0	0	-1	5.00	-1.00	-1.00	-1.00	-1.00	-1.00	-1.00	-1.00	-1.00	-1.00	3	3	3	3	1	2	5	356979888	1259	539	933	509	0.00	0.00	327.38	0.00	0	-0.01	-5.00	-163.00	-200.00	0.00	0.00
11	1	ÄÐ	0	20.00	20.00	0	1	0	0	0	0	0	0	-1	5.00	-1.00	-1.00	-1.00	-1.00	-1.00	-1.00	-1.00	-1.00	-1.00	3	3	3	3	1	2	6	356979930	1259	538	926	501	0.00	0.00	335.05	0.00	0	-0.02	-5.00	-71.00	-164.00	0.00	0.00
11	1	ÄÐ	0	20.00	20.00	0	1	0	0	0	0	0	0	-1	5.00	-1.00	-1.00	-1.00	-1.00	-1.00	-1.00	-1.00	-1.00	-1.00	3	3	3	3	1	2	7	356979971	1259	538	923	494	0.00	0.00	338.87	0.00	0	-0.02	-5.00	0.00	0.00	0.00	0.00
11	1	ÄÐ	0	20.00	20.00	0	1	0	0	0	0	0	0	-1	5.00	-1.00	-1.00	-1.00	-1.00	-1.00	-1.00	-1.00	-1.00	-1.00	3	3	3	3	1	2	8	356980012	1259	538	923	494	0.00	0.00	338.87	0.00	0	-0.02	-5.00	0.00	0.00	0.00	0.00
11	1	ÄÐ	0	20.00	20.00	0	1	0	0	0	0	0	0	-1	5.00	-1.00	-1.00	-1.00	-1.00	-1.00	-1.00	-1.00	-1.00	-1.00	3	3	3	3	1	2	9	356980052	1259	538	923	494	0.00	0.00	338.87	0.00	0	-0.03	-5.00	0.00	0.00	0.00	0.00
11	1	ÄÐ	0	20.00	20.00	0	1	0	0	0	0	0	0	-1	5.00	-1.00	-1.00	-1.00	-1.00	-1.00	-1.00	-1.00	-1.00	-1.00	3	3	3	3	1	2	10	356980093	1259	538	923	494	0.00	0.00	338.87	0.00	0	-0.03	-5.00	0.00	0.00	0.00	0.00
11	1	ÄÐ	0	20.00	20.00	0	1	0	0	0	0	0	0	-1	5.00	-1.00	-1.00	-1.00	-1.00	-1.00	-1.00	-1.00	-1.00	-1.00	3	3	3	3	1	2	11	356980134	1259	537	923	494	0.00	0.00	338.74	0.00	0	-0.03	-5.00	0.00	0.00	0.00	0.00
11	1	ÄÐ	0	20.00	20.00	0	1	0	0	0	0	0	0	-1	5.00	-1.00	-1.00	-1.00	-1.00	-1.00	-1.00	-1.00	-1.00	-1.00	3	3	3	3	1	2	12	356980174	1259	537	923	494	0.00	0.00	338.74	0.00	0	-0.04	-5.00	0.00	0.00	0.00	0.00
11	1	ÄÐ	0	20.00	20.00	0	1	0	0	0	0	0	0	-1	5.00	-1.00	-1.00	-1.00	-1.00	-1.00	-1.00	-1.00	-1.00	-1.00	3	3	3	3	1	2	13	356980214	1259	537	923	494	0.00	0.00	338.74	0.00	0	-0.04	-5.00	0.00	0.00	0.00	0.00
11	1	ÄÐ	0	20.00	20.00	0	1	0	0	0	0	0	0	-1	5.00	-1.00	-1.00	-1.00	-1.00	-1.00	-1.00	-1.00	-1.00	-1.00	3	3	3	3	1	2	14	356980255	1259	537	923	494	0.00	0.00	338.74	0.00	0	-0.04	-5.00	0.00	0.00	0.00	0.00
11	1	ÄÐ	0	20.00	20.00	0	1	0	0	0	0	0	0	-1	5.00	-1.00	-1.00	-1.00	-1.00	-1.00	-1.00	-1.00	-1.00	-1.00	3	3	3	3	1	2	15	356980296	1259	537	923	494	0.00	0.00	338.74	0.00	0	-0.05	-5.00	0.00	0.00	0.00	0.00
11	1	ÄÐ	0	20.00	20.00	0	1	0	0	0	0	0	0	-1	5.00	-1.00	-1.00	-1.00	-1.00	-1.00	-1.00	-1.00	-1.00	-1.00	3	3	3	3	1	2	16	356980337	1259	536	923	494	0.00	0.00	338.61	0.00	0	-0.05	-5.00	0.00	0.00	0.00	0.00
11	1	ÄÐ	0	20.00	20.00	0	1	0	0	0	0	0	0	-1	5.00	-1.00	-1.00	-1.00	-1.00	-1.00	-1.00	-1.00	-1.00	-1.00	3	3	3	3	1	2	17	356980377	1259	536	923	494	0.00	0.00	338.61	0.00	0	-0.05	-5.00	0.00	0.00	0.00	0.00
11	1	ÄÐ	0	20.00	20.00	0	1	0	0	0	0	0	0	-1	5.00	-1.00	-1.00	-1.00	-1.00	-1.00	-1.00	-1.00	-1.00	-1.00	3	3	3	3	1	2	18	356980417	1259	536	923	494	0.00	0.00	338.61	0.00	0	-0.06	-5.00	0.00	0.00	0.00	0.00
11	1	ÄÐ	0	20.00	20.00	0	1	0	0	0	0	0	0	-1	5.00	-1.00	-1.00	-1.00	-1.00	-1.00	-1.00	-1.00	-1.00	-1.00	3	3	3	3	1	2	19	356980457	1259	536	923	494	0.00	0.00	338.61	0.00	0	-0.06	-5.00	0.00	0.00	0.00	0.00
11	1	ÄÐ	0	20.00	20.00	0	1	0	0	0	0	0	0	-1	5.00	-1.00	-1.00	-1.00	-1.00	-1.00	-1.00	-1.00	-1.00	-1.00	3	3	3	3	1	2	20	356980498	1259	536	923	494	0.00	0.00	338.61	0.00	0	-0.06	-5.00	0.00	0.00	0.00	0.00
11	1	ÄÐ	0	20.00	20.00	0	1	0	0	0	0	0	0	-1	5.00	-1.00	-1.00	-1.00	-1.00	-1.00	-1.00	-1.00	-1.00	-1.00	3	3	3	3	1	2	21	356980539	1259	535	923	494	0.00	0.00	338.49	0.00	0	-0.07	-5.00	0.00	0.00	0.00	0.00
11	1	ÄÐ	0	20.00	20.00	0	1	0	0	0	0	0	0	-1	5.00	-1.00	-1.00	-1.00	-1.00	-1.00	-1.00	-1.00	-1.00	-1.00	3	3	3	3	1	2	22	356980579	1259	535	923	494	0.00	0.00	338.49	0.00	0	-0.07	-5.00	0.00	0.00	0.00	0.00
11	1	ÄÐ	0	20.00	20.00	0	1	0	0	0	0	0	0	-1	5.00	-1.00	-1.00	-1.00	-1.00	-1.00	-1.00	-1.00	-1.00	-1.00	3	3	3	3	1	2	23	356980620	1259	535	923	494	0.00	0.00	338.49	0.00	0	-0.08	-5.00	0.00	0.00	0.00	0.00
11	1	ÄÐ	0	20.00	20.00	0	1	0	0	0	0	0	0	-1	5.00	-1.00	-1.00	-1.00	-1.00	-1.00	-1.00	-1.00	-1.00	-1.00	3	3	3	3	1	2	24	356980660	1259	535	923	494	0.00	0.00	338.49	0.00	0	-0.08	-5.00	0.00	0.00	0.00	0.00
11	1	ÄÐ	0	20.00	20.00	0	1	0	0	0	0	0	0	-1	5.00	-1.00	-1.00	-1.00	-1.00	-1.00	-1.00	-1.00	-1.00	-1.00	3	3	3	3	1	2	25	356980700	1259	535	923	494	0.00	0.00	338.49	0.00	0	-0.08	-5.00	0.00	0.00	0.00	0.00
11	1	ÄÐ	0	20.00	20.00	0	1	0	0	0	0	0	0	-1	5.00	-1.00	-1.00	-1.00	-1.00	-1.00	-1.00	-1.00	-1.00	-1.00	3	3	3	3	1	2	26	356980740	1259	534	923	494	0.00	0.00	338.37	0.00	0	-0.09	-5.00	0.00	0.00	0.00	0.00
11	1	ÄÐ	0	20.00	20.00	0	1	0	0	0	0	0	0	-1	5.00	-1.00	-1.00	-1.00	-1.00	-1.00	-1.00	-1.00	-1.00	-1.00	3	3	3	3	1	2	27	356980782	1259	534	923	494	0.00	0.00	338.37	0.00	0	-0.09	-5.00	0.00	0.00	0.00	0.00
11	1	ÄÐ	0	20.00	20.00	0	1	0	0	0	0	0	0	-1	5.00	-1.00	-1.00	-1.00	-1.00	-1.00	-1.00	-1.00	-1.00	-1.00	3	3	3	3	1	2	28	356980823	1259	534	923	494	0.00	0.00	338.37	0.00	0	-0.09	-5.00	0.00	0.00	0.00	0.00
11	1	ÄÐ	0	20.00	20.00	0	1	0	0	0	0	0	0	-1	5.00	-1.00	-1.00	-1.00	-1.00	-1.00	-1.00	-1.00	-1.00	-1.00	3	3	3	3	1	2	29	356980863	1259	534	923	494	0.00	0.00	338.37	0.00	0	-0.10	-5.00	0.00	0.00	0.00	0.00
11	1	ÄÐ	0	20.00	20.00	0	1	0	0	0	0	0	0	-1	5.00	-1.00	-1.00	-1.00	-1.00	-1.00	-1.00	-1.00	-1.00	-1.00	3	3	3	3	1	2	30	356980904	1259	534	923	494	0.00	0.00	338.37	0.00	0	-0.10	-5.00	0.00	0.00	0.00	0.00
11	1	ÄÐ	0	20.00	20.00	0	1	0	0	0	0	0	0	-1	5.00	-1.00	-1.00	-1.00	-1.00	-1.00	-1.00	-1.00	-1.00	-1.00	3	3	3	3	1	2	31	356980945	1259	533	923	494	0.00	0.00	338.26	0.00	0	-0.10	-5.00	0.00	0.00	0.00	0.00
11	1	ÄÐ	0	20.00	20.00	0	1	0	0	0	0	0	0	-1	5.00	-1.00	-1.00	-1.00	-1.00	-1.00	-1.00	-1.00	-1.00	-1.00	3	3	3	3	1	2	32	356980986	1259	533	923	494	0.00	0.00	338.26	0.00	0	-0.11	-5.00	0.00	0.00	0.00	0.00
11	1	ÄÐ	0	20.00	20.00	0	1	0	0	0	0	0	0	-1	5.00	-1.00	-1.00	-1.00	-1.00	-1.00	-1.00	-1.00	-1.00	-1.00	3	3	3	3	1	2	33	356981026	1259	533	923	494	0.00	0.00	338.26	0.00	0	-0.11	-5.00	0.00	0.00	0.00	0.00
11	1	ÄÐ	0	20.00	20.00	0	1	0	0	0	0	0	0	-1	5.00	-1.00	-1.00	-1.00	-1.00	-1.00	-1.00	-1.00	-1.00	-1.00	3	3	3	3	1	2	34	356981066	1259	533	923	494	0.00	0.00	338.26	0.00	0	-0.11	-5.00	0.00	0.00	0.00	0.00
11	1	ÄÐ	0	20.00	20.00	0	1	0	0	0	0	0	0	-1	5.00	-1.00	-1.00	-1.00	-1.00	-1.00	-1.00	-1.00	-1.00	-1.00	3	3	3	3	1	2	35	356981107	1259	533	923	494	0.00	0.00	338.26	0.00	0	-0.12	-5.00	0.00	0.00	0.00	0.00
11	1	ÄÐ	0	20.00	20.00	0	1	0	0	0	0	0	0	-1	5.00	-1.00	-1.00	-1.00	-1.00	-1.00	-1.00	-1.00	-1.00	-1.00	3	3	3	3	1	2	36	356981147	1259	532	923	494	0.00	0.00	338.14	0.00	0	-0.12	-5.00	0.00	0.00	0.00	0.00
11	1	ÄÐ	0	20.00	20.00	0	1	0	0	0	0	0	0	-1	5.00	-1.00	-1.00	-1.00	-1.00	-1.00	-1.00	-1.00	-1.00	-1.00	3	3	3	3	1	2	37	356981187	1259	532	923	494	0.00	0.00	338.14	0.00	0	-0.12	-5.00	0.00	0.00	0.00	0.00
11	1	ÄÐ	0	20.00	20.00	0	1	0	0	0	0	0	0	-1	5.00	-1.00	-1.00	-1.00	-1.00	-1.00	-1.00	-1.00	-1.00	-1.00	3	3	3	3	1	2	38	356981228	1259	532	923	494	0.00	0.00	338.14	0.00	0	-0.13	-5.00	0.00	0.00	0.00	0.00
11	1	ÄÐ	0	20.00	20.00	0	1	0	0	0	0	0	0	-1	5.00	-1.00	-1.00	-1.00	-1.00	-1.00	-1.00	-1.00	-1.00	-1.00	3	3	3	3	1	2	39	356981268	1259	532	923	494	0.00	0.00	338.14	0.00	0	-0.13	-5.00	0.00	0.00	0.00	0.00
11	1	ÄÐ	0	20.00	20.00	0	1	0	0	0	0	0	0	-1	5.00	-1.00	-1.00	-1.00	-1.00	-1.00	-1.00	-1.00	-1.00	-1.00	3	3	3	3	1	2	40	356981308	1259	532	923	494	0.00	0.00	338.14	0.00	0	-0.13	-5.00	0.00	0.00	0.00	0.00
11	1	ÄÐ	0	20.00	20.00	0	1	0	0	0	0	0	0	-1	5.00	-1.00	-1.00	-1.00	-1.00	-1.00	-1.00	-1.00	-1.00	-1.00	3	3	3	3	1	2	41	356981348	1259	531	923	494	0.00	0.00	338.03	0.00	0	-0.14	-5.00	0.00	0.00	0.00	0.00
11	1	ÄÐ	0	20.00	20.00	0	1	0	0	0	0	0	0	-1	5.00	-1.00	-1.00	-1.00	-1.00	-1.00	-1.00	-1.00	-1.00	-1.00	3	3	3	3	1	2	42	356981388	1259	531	923	494	0.00	0.00	338.03	0.00	0	-0.14	-5.00	0.00	0.00	0.00	0.00
11	1	ÄÐ	0	20.00	20.00	0	1	0	0	0	0	0	0	-1	5.00	-1.00	-1.00	-1.00	-1.00	-1.00	-1.00	-1.00	-1.00	-1.00	3	3	3	3	1	2	43	356981428	1259	531	923	494	0.00	0.00	338.03	0.00	0	-0.14	-5.00	0.00	0.00	0.00	0.00
11	1	ÄÐ	0	20.00	20.00	0	1	0	0	0	0	0	0	-1	5.00	-1.00	-1.00	-1.00	-1.00	-1.00	-1.00	-1.00	-1.00	-1.00	3	3	3	3	1	2	44	356981468	1259	531	923	494	0.00	0.00	338.03	0.00	0	-0.15	-5.00	0.00	0.00	0.00	0.00
11	1	ÄÐ	0	20.00	20.00	0	1	0	0	0	0	0	0	-1	5.00	-1.00	-1.00	-1.00	-1.00	-1.00	-1.00	-1.00	-1.00	-1.00	3	3	3	3	1	2	45	356981509	1259	530	923	494	0.00	0.00	337.92	0.00	0	-0.15	-5.00	0.00	0.00	0.00	0.00
11	1	ÄÐ	0	20.00	20.00	0	1	0	0	0	0	0	0	-1	5.00	-1.00	-1.00	-1.00	-1.00	-1.00	-1.00	-1.00	-1.00	-1.00	3	3	3	3	1	2	46	356981550	1259	530	923	494	0.00	0.00	337.92	0.00	0	-0.15	-5.00	0.00	0.00	0.00	0.00
11	1	ÄÐ	0	20.00	20.00	0	1	0	0	0	0	0	0	-1	5.00	-1.00	-1.00	-1.00	-1.00	-1.00	-1.00	-1.00	-1.00	-1.00	3	3	3	3	1	2	47	356981592	1259	530	923	494	0.00	0.00	337.92	0.00	0	-0.16	-5.00	0.00	0.00	0.00	0.00
11	1	ÄÐ	0	20.00	20.00	0	1	0	0	0	0	0	0	-1	5.00	-1.00	-1.00	-1.00	-1.00	-1.00	-1.00	-1.00	-1.00	-1.00	3	3	3	3	1	2	48	356981632	1259	530	923	494	0.00	0.00	337.92	0.00	0	-0.16	-5.00	0.00	0.00	0.00	0.00
11	1	ÄÐ	0	20.00	20.00	0	1	0	0	0	0	0	0	-1	5.00	-1.00	-1.00	-1.00	-1.00	-1.00	-1.00	-1.00	-1.00	-1.00	3	3	3	3	1	2	49	356981673	1259	530	923	494	0.00	0.00	337.92	0.00	0	-0.16	-5.00	0.00	0.00	0.00	0.00
11	1	ÄÐ	0	20.00	20.00	0	1	0	0	0	0	0	0	-1	5.00	-1.00	-1.00	-1.00	-1.00	-1.00	-1.00	-1.00	-1.00	-1.00	3	3	3	3	1	2	50	356981713	1259	529	923	494	0.00	0.00	337.82	0.00	0	-0.17	-5.00	0.00	0.00	0.00	0.00
11	1	ÄÐ	0	20.00	20.00	0	1	0	0	0	0	0	0	-1	5.00	-1.00	-1.00	-1.00	-1.00	-1.00	-1.00	-1.00	-1.00	-1.00	3	3	3	3	1	2	51	356981754	1259	529	923	494	0.00	0.00	337.82	0.00	0	-0.17	-5.00	0.00	0.00	0.00	0.00
11	1	ÄÐ	0	20.00	20.00	0	1	0	0	0	0	0	0	-1	5.00	-1.00	-1.00	-1.00	-1.00	-1.00	-1.00	-1.00	-1.00	-1.00	3	3	3	3	1	2	52	356981796	1259	529	923	494	0.00	0.00	337.82	0.00	0	-0.17	-5.00	0.00	0.00	0.00	0.00
11	1	ÄÐ	0	20.00	20.00	0	1	0	0	0	0	0	0	-1	5.00	-1.00	-1.00	-1.00	-1.00	-1.00	-1.00	-1.00	-1.00	-1.00	3	3	3	3	1	2	53	356981837	1259	529	923	494	0.00	0.00	337.82	0.00	0	-0.18	-5.00	0.00	0.00	0.00	0.00
11	1	ÄÐ	0	20.00	20.00	0	1	0	0	0	0	0	0	-1	5.00	-1.00	-1.00	-1.00	-1.00	-1.00	-1.00	-1.00	-1.00	-1.00	3	3	3	3	1	2	54	356981878	1259	529	923	494	0.00	0.00	337.82	0.00	0	-0.18	-5.00	0.00	0.00	0.00	0.00
11	1	ÄÐ	0	20.00	20.00	0	1	0	0	0	0	0	0	-1	5.00	-1.00	-1.00	-1.00	-1.00	-1.00	-1.00	-1.00	-1.00	-1.00	3	3	3	3	1	2	55	356981919	1259	528	923	494	0.00	0.00	337.72	0.00	0	-0.18	-5.00	0.00	0.00	0.00	0.00
11	1	ÄÐ	0	20.00	20.00	0	1	0	0	0	0	0	0	-1	5.00	-1.00	-1.00	-1.00	-1.00	-1.00	-1.00	-1.00	-1.00	-1.00	3	3	3	3	1	2	56	356981959	1259	528	923	494	0.00	0.00	337.72	0.00	0	-0.19	-5.00	0.00	0.00	0.00	0.00
11	1	ÄÐ	0	20.00	20.00	0	1	0	0	0	0	0	0	-1	5.00	-1.00	-1.00	-1.00	-1.00	-1.00	-1.00	-1.00	-1.00	-1.00	3	3	3	3	1	2	57	356981999	1259	528	923	494	0.00	0.00	337.72	0.00	0	-0.19	-5.00	0.00	0.00	0.00	0.00
11	1	ÄÐ	0	20.00	20.00	0	1	0	0	0	0	0	0	-1	5.00	-1.00	-1.00	-1.00	-1.00	-1.00	-1.00	-1.00	-1.00	-1.00	3	3	3	3	1	2	58	356982040	1259	528	923	494	0.00	0.00	337.72	0.00	0	-0.19	-5.00	0.00	0.00	0.00	0.00
11	1	ÄÐ	0	20.00	20.00	0	1	0	0	0	0	0	0	-1	5.00	-1.00	-1.00	-1.00	-1.00	-1.00	-1.00	-1.00	-1.00	-1.00	3	3	3	3	1	2	59	356982080	1259	528	923	494	0.00	0.00	337.72	0.00	0	-0.20	-5.00	0.00	0.00	0.00	0.00
11	1	ÄÐ	0	20.00	20.00	0	1	0	0	0	0	0	0	-1	5.00	-1.00	-1.00	-1.00	-1.00	-1.00	-1.00	-1.00	-1.00	-1.00	3	3	3	3	1	2	60	356982120	1259	527	923	494	0.00	0.00	337.62	0.00	0	-0.20	-5.00	0.00	0.00	0.00	0.00
11	1	ÄÐ	0	20.00	20.00	0	1	0	0	0	0	0	0	-1	5.00	-1.00	-1.00	-1.00	-1.00	-1.00	-1.00	-1.00	-1.00	-1.00	3	3	3	3	1	2	61	356982161	1259	527	923	494	0.00	0.00	337.62	0.00	0	-0.20	-5.00	0.00	0.00	0.00	0.00
11	1	ÄÐ	0	20.00	20.00	0	1	0	0	0	0	0	0	-1	5.00	-1.00	-1.00	-1.00	-1.00	-1.00	-1.00	-1.00	-1.00	-1.00	3	3	3	3	1	2	62	356982201	1259	527	923	494	0.00	0.00	337.62	0.00	0	-0.21	-5.00	0.00	0.00	0.00	0.00
11	1	ÄÐ	0	20.00	20.00	0	1	0	0	0	0	0	0	-1	5.00	-1.00	-1.00	-1.00	-1.00	-1.00	-1.00	-1.00	-1.00	-1.00	3	3	3	3	1	2	63	356982241	1259	527	923	494	0.00	0.00	337.62	0.00	0	-0.21	-5.00	0.00	0.00	0.00	0.00
11	1	ÄÐ	0	20.00	20.00	0	1	0	0	0	0	0	0	-1	5.00	-1.00	-1.00	-1.00	-1.00	-1.00	-1.00	-1.00	-1.00	-1.00	3	3	3	3	1	2	64	356982281	1259	527	923	494	0.00	0.00	337.62	0.00	0	-0.21	-5.00	0.00	0.00	0.00	0.00
11	1	ÄÐ	0	20.00	20.00	0	1	0	0	0	0	0	0	-1	5.00	-1.00	-1.00	-1.00	-1.00	-1.00	-1.00	-1.00	-1.00	-1.00	3	3	3	3	1	2	65	356982322	1259	526	923	494	0.00	0.00	337.52	0.00	0	-0.22	-5.00	0.00	0.00	0.00	0.00
11	1	ÄÐ	0	20.00	20.00	0	1	0	0	0	0	0	0	-1	5.00	-1.00	-1.00	-1.00	-1.00	-1.00	-1.00	-1.00	-1.00	-1.00	3	3	3	3	1	2	66	356982362	1259	526	923	494	0.00	0.00	337.52	0.00	0	-0.22	-5.00	0.00	0.00	0.00	0.00
11	1	ÄÐ	0	20.00	20.00	0	1	0	0	0	0	0	0	-1	5.00	-1.00	-1.00	-1.00	-1.00	-1.00	-1.00	-1.00	-1.00	-1.00	3	3	3	3	1	2	67	356982403	1259	526	923	494	0.00	0.00	337.52	0.00	0	-0.23	-4.99	0.00	0.00	0.00	0.00
11	1	ÄÐ	0	20.00	20.00	0	1	0	0	0	0	0	0	-1	5.00	-1.00	-1.00	-1.00	-1.00	-1.00	-1.00	-1.00	-1.00	-1.00	3	3	3	3	1	2	68	356982444	1259	526	923	494	0.00	0.00	337.52	0.00	0	-0.23	-4.99	0.00	0.00	0.00	0.00
11	1	ÄÐ	0	20.00	20.00	0	1	0	0	0	0	0	0	-1	5.00	-1.00	-1.00	-1.00	-1.00	-1.00	-1.00	-1.00	-1.00	-1.00	3	3	3	3	1	2	69	356982484	1259	526	923	494	0.00	0.00	337.52	0.00	0	-0.23	-4.99	0.00	0.00	0.00	0.00
11	1	ÄÐ	0	20.00	20.00	0	1	0	0	0	0	0	0	-1	5.00	-1.00	-1.00	-1.00	-1.00	-1.00	-1.00	-1.00	-1.00	-1.00	3	3	3	3	1	2	70	356982525	1259	525	923	494	0.00	0.00	337.43	0.00	0	-0.24	-4.99	0.00	0.00	0.00	0.00
11	1	ÄÐ	0	20.00	20.00	0	1	0	0	0	0	0	0	-1	5.00	-1.00	-1.00	-1.00	-1.00	-1.00	-1.00	-1.00	-1.00	-1.00	3	3	3	3	1	2	71	356982566	1259	525	923	494	0.00	0.00	337.43	0.00	0	-0.24	-4.99	0.00	0.00	0.00	0.00
11	1	ÄÐ	0	20.00	20.00	0	1	0	0	0	0	0	0	-1	5.00	-1.00	-1.00	-1.00	-1.00	-1.00	-1.00	-1.00	-1.00	-1.00	3	3	3	3	1	2	72	356982607	1259	525	923	494	0.00	0.00	337.43	0.00	0	-0.24	-4.99	0.00	0.00	0.00	0.00
11	1	ÄÐ	0	20.00	20.00	0	1	0	0	0	0	0	0	-1	5.00	-1.00	-1.00	-1.00	-1.00	-1.00	-1.00	-1.00	-1.00	-1.00	3	3	3	3	1	2	73	356982649	1259	525	923	494	0.00	0.00	337.43	0.00	0	-0.25	-4.99	0.00	0.00	0.00	0.00
11	1	ÄÐ	0	20.00	20.00	0	1	0	0	0	0	0	0	-1	5.00	-1.00	-1.00	-1.00	-1.00	-1.00	-1.00	-1.00	-1.00	-1.00	3	3	3	3	1	2	74	356982691	1259	525	923	494	0.00	0.00	337.43	0.00	0	-0.25	-4.99	0.00	0.00	0.00	0.00
11	1	ÄÐ	0	20.00	20.00	0	1	0	0	0	0	0	0	-1	5.00	-1.00	-1.00	-1.00	-1.00	-1.00	-1.00	-1.00	-1.00	-1.00	3	3	3	3	1	3	1	356983642	1260	540	960	540	0.00	0.00	300.00	0.00	0	-0.00	-5.00	-75.00	-128.00	0.00	0.00
11	1	ÄÐ	0	20.00	20.00	0	1	0	0	0	0	0	0	-1	5.00	-1.00	-1.00	-1.00	-1.00	-1.00	-1.00	-1.00	-1.00	-1.00	3	3	3	3	1	3	2	356983683	1260	539	956	534	0.00	0.00	304.04	0.00	0	-0.00	-5.00	-200.00	-200.00	0.00	0.00
11	1	ÄÐ	0	20.00	20.00	0	1	0	0	0	0	0	0	-1	5.00	-1.00	-1.00	-1.00	-1.00	-1.00	-1.00	-1.00	-1.00	-1.00	3	3	3	3	1	3	3	356983723	1259	539	948	526	0.00	0.00	311.27	0.00	0	-0.01	-5.00	-200.00	-200.00	0.00	0.00
11	1	ÄÐ	0	20.00	20.00	0	1	0	0	0	0	0	0	-1	5.00	-1.00	-1.00	-1.00	-1.00	-1.00	-1.00	-1.00	-1.00	-1.00	3	3	3	3	1	3	4	356983764	1259	539	940	518	0.00	0.00	319.69	0.00	0	-0.01	-5.00	-200.00	-200.00	0.00	0.00
11	1	ÄÐ	0	20.00	20.00	0	1	0	0	0	0	0	0	-1	5.00	-1.00	-1.00	-1.00	-1.00	-1.00	-1.00	-1.00	-1.00	-1.00	3	3	3	3	1	3	5	356983804	1259	539	932	510	0.00	0.00	328.28	0.00	0	-0.01	-5.00	-200.00	-200.00	0.00	0.00
11	1	ÄÐ	0	20.00	20.00	0	1	0	0	0	0	0	0	-1	5.00	-1.00	-1.00	-1.00	-1.00	-1.00	-1.00	-1.00	-1.00	-1.00	3	3	3	3	1	3	6	356983844	1259	538	924	502	0.00	0.00	336.93	0.00	0	-0.02	-5.00	-92.00	-117.00	0.00	0.00
11	1	ÄÐ	0	20.00	20.00	0	1	0	0	0	0	0	0	-1	5.00	-1.00	-1.00	-1.00	-1.00	-1.00	-1.00	-1.00	-1.00	-1.00	3	3	3	3	1	3	7	356983884	1259	538	920	497	0.00	0.00	341.47	0.00	0	-0.02	-5.00	0.00	0.00	0.00	0.00
11	1	ÄÐ	0	20.00	20.00	0	1	0	0	0	0	0	0	-1	5.00	-1.00	-1.00	-1.00	-1.00	-1.00	-1.00	-1.00	-1.00	-1.00	3	3	3	3	1	3	8	356983925	1259	538	920	497	0.00	0.00	341.47	0.00	0	-0.02	-5.00	0.00	0.00	0.00	0.00
11	1	ÄÐ	0	20.00	20.00	0	1	0	0	0	0	0	0	-1	5.00	-1.00	-1.00	-1.00	-1.00	-1.00	-1.00	-1.00	-1.00	-1.00	3	3	3	3	1	3	9	356983966	1259	538	920	497	0.00	0.00	341.47	0.00	0	-0.03	-5.00	0.00	0.00	0.00	0.00
11	1	ÄÐ	0	20.00	20.00	0	1	0	0	0	0	0	0	-1	5.00	-1.00	-1.00	-1.00	-1.00	-1.00	-1.00	-1.00	-1.00	-1.00	3	3	3	3	1	3	10	356984007	1259	538	920	497	0.00	0.00	341.47	0.00	0	-0.03	-5.00	0.00	0.00	0.00	0.00
11	1	ÄÐ	0	20.00	20.00	0	1	0	0	0	0	0	0	-1	5.00	-1.00	-1.00	-1.00	-1.00	-1.00	-1.00	-1.00	-1.00	-1.00	3	3	3	3	1	3	11	356984047	1259	537	920	497	0.00	0.00	341.35	0.00	0	-0.03	-5.00	0.00	0.00	0.00	0.00
11	1	ÄÐ	0	20.00	20.00	0	1	0	0	0	0	0	0	-1	5.00	-1.00	-1.00	-1.00	-1.00	-1.00	-1.00	-1.00	-1.00	-1.00	3	3	3	3	1	3	12	356984088	1259	537	920	497	0.00	0.00	341.35	0.00	0	-0.04	-5.00	0.00	0.00	0.00	0.00
11	1	ÄÐ	0	20.00	20.00	0	1	0	0	0	0	0	0	-1	5.00	-1.00	-1.00	-1.00	-1.00	-1.00	-1.00	-1.00	-1.00	-1.00	3	3	3	3	1	3	13	356984129	1259	537	920	497	0.00	0.00	341.35	0.00	0	-0.04	-5.00	0.00	0.00	0.00	0.00
11	1	ÄÐ	0	20.00	20.00	0	1	0	0	0	0	0	0	-1	5.00	-1.00	-1.00	-1.00	-1.00	-1.00	-1.00	-1.00	-1.00	-1.00	3	3	3	3	1	3	14	356984169	1259	537	920	497	0.00	0.00	341.35	0.00	0	-0.04	-5.00	0.00	0.00	0.00	0.00
11	1	ÄÐ	0	20.00	20.00	0	1	0	0	0	0	0	0	-1	5.00	-1.00	-1.00	-1.00	-1.00	-1.00	-1.00	-1.00	-1.00	-1.00	3	3	3	3	1	3	15	356984211	1259	537	920	497	0.00	0.00	341.35	0.00	0	-0.05	-5.00	0.00	0.00	0.00	0.00
11	1	ÄÐ	0	20.00	20.00	0	1	0	0	0	0	0	0	-1	5.00	-1.00	-1.00	-1.00	-1.00	-1.00	-1.00	-1.00	-1.00	-1.00	3	3	3	3	1	3	16	356984251	1259	536	920	497	0.00	0.00	341.24	0.00	0	-0.05	-5.00	0.00	0.00	0.00	0.00
11	1	ÄÐ	0	20.00	20.00	0	1	0	0	0	0	0	0	-1	5.00	-1.00	-1.00	-1.00	-1.00	-1.00	-1.00	-1.00	-1.00	-1.00	3	3	3	3	1	3	17	356984293	1259	536	920	497	0.00	0.00	341.24	0.00	0	-0.05	-5.00	0.00	0.00	0.00	0.00
11	1	ÄÐ	0	20.00	20.00	0	1	0	0	0	0	0	0	-1	5.00	-1.00	-1.00	-1.00	-1.00	-1.00	-1.00	-1.00	-1.00	-1.00	3	3	3	3	1	3	18	356984335	1259	536	920	497	0.00	0.00	341.24	0.00	0	-0.06	-5.00	0.00	0.00	0.00	0.00
11	1	ÄÐ	0	20.00	20.00	0	1	0	0	0	0	0	0	-1	5.00	-1.00	-1.00	-1.00	-1.00	-1.00	-1.00	-1.00	-1.00	-1.00	3	3	3	3	1	3	19	356984376	1259	536	920	497	0.00	0.00	341.24	0.00	0	-0.06	-5.00	0.00	0.00	0.00	0.00
11	1	ÄÐ	0	20.00	20.00	0	1	0	0	0	0	0	0	-1	5.00	-1.00	-1.00	-1.00	-1.00	-1.00	-1.00	-1.00	-1.00	-1.00	3	3	3	3	1	3	20	356984416	1259	536	920	497	0.00	0.00	341.24	0.00	0	-0.07	-5.00	0.00	0.00	0.00	0.00
11	1	ÄÐ	0	20.00	20.00	0	1	0	0	0	0	0	0	-1	5.00	-1.00	-1.00	-1.00	-1.00	-1.00	-1.00	-1.00	-1.00	-1.00	3	3	3	3	1	3	21	356984456	1259	535	920	497	0.00	0.00	341.12	0.00	0	-0.07	-5.00	0.00	0.00	0.00	0.00
11	1	ÄÐ	0	20.00	20.00	0	1	0	0	0	0	0	0	-1	5.00	-1.00	-1.00	-1.00	-1.00	-1.00	-1.00	-1.00	-1.00	-1.00	3	3	3	3	1	3	22	356984496	1259	535	920	497	0.00	0.00	341.12	0.00	0	-0.07	-5.00	0.00	0.00	0.00	0.00
11	1	ÄÐ	0	20.00	20.00	0	1	0	0	0	0	0	0	-1	5.00	-1.00	-1.00	-1.00	-1.00	-1.00	-1.00	-1.00	-1.00	-1.00	3	3	3	3	1	3	23	356984537	1259	535	920	497	0.00	0.00	341.12	0.00	0	-0.08	-5.00	0.00	0.00	0.00	0.00
11	1	ÄÐ	0	20.00	20.00	0	1	0	0	0	0	0	0	-1	5.00	-1.00	-1.00	-1.00	-1.00	-1.00	-1.00	-1.00	-1.00	-1.00	3	3	3	3	1	3	24	356984577	1259	535	920	497	0.00	0.00	341.12	0.00	0	-0.08	-5.00	0.00	0.00	0.00	0.00
11	1	ÄÐ	0	20.00	20.00	0	1	0	0	0	0	0	0	-1	5.00	-1.00	-1.00	-1.00	-1.00	-1.00	-1.00	-1.00	-1.00	-1.00	3	3	3	3	1	3	25	356984618	1259	535	920	497	0.00	0.00	341.12	0.00	0	-0.08	-5.00	0.00	0.00	0.00	0.00
11	1	ÄÐ	0	20.00	20.00	0	1	0	0	0	0	0	0	-1	5.00	-1.00	-1.00	-1.00	-1.00	-1.00	-1.00	-1.00	-1.00	-1.00	3	3	3	3	1	3	26	356984659	1259	534	920	497	0.00	0.00	341.01	0.00	0	-0.09	-5.00	0.00	0.00	0.00	0.00
11	1	ÄÐ	0	20.00	20.00	0	1	0	0	0	0	0	0	-1	5.00	-1.00	-1.00	-1.00	-1.00	-1.00	-1.00	-1.00	-1.00	-1.00	3	3	3	3	1	3	27	356984699	1259	534	920	497	0.00	0.00	341.01	0.00	0	-0.09	-5.00	0.00	0.00	0.00	0.00
11	1	ÄÐ	0	20.00	20.00	0	1	0	0	0	0	0	0	-1	5.00	-1.00	-1.00	-1.00	-1.00	-1.00	-1.00	-1.00	-1.00	-1.00	3	3	3	3	1	3	28	356984740	1259	534	920	497	0.00	0.00	341.01	0.00	0	-0.09	-5.00	0.00	0.00	0.00	0.00
11	1	ÄÐ	0	20.00	20.00	0	1	0	0	0	0	0	0	-1	5.00	-1.00	-1.00	-1.00	-1.00	-1.00	-1.00	-1.00	-1.00	-1.00	3	3	3	3	1	3	29	356984780	1259	534	920	497	0.00	0.00	341.01	0.00	0	-0.10	-5.00	0.00	0.00	0.00	0.00
11	1	ÄÐ	0	20.00	20.00	0	1	0	0	0	0	0	0	-1	5.00	-1.00	-1.00	-1.00	-1.00	-1.00	-1.00	-1.00	-1.00	-1.00	3	3	3	3	1	3	30	356984821	1259	534	920	497	0.00	0.00	341.01	0.00	0	-0.10	-5.00	0.00	0.00	0.00	0.00
11	1	ÄÐ	0	20.00	20.00	0	1	0	0	0	0	0	0	-1	5.00	-1.00	-1.00	-1.00	-1.00	-1.00	-1.00	-1.00	-1.00	-1.00	3	3	3	3	1	3	31	356984862	1259	533	920	497	0.00	0.00	340.91	0.00	0	-0.10	-5.00	0.00	0.00	0.00	0.00
11	1	ÄÐ	0	20.00	20.00	0	1	0	0	0	0	0	0	-1	5.00	-1.00	-1.00	-1.00	-1.00	-1.00	-1.00	-1.00	-1.00	-1.00	3	3	3	3	1	3	32	356984902	1259	533	920	497	0.00	0.00	340.91	0.00	0	-0.11	-5.00	0.00	0.00	0.00	0.00
11	1	ÄÐ	0	20.00	20.00	0	1	0	0	0	0	0	0	-1	5.00	-1.00	-1.00	-1.00	-1.00	-1.00	-1.00	-1.00	-1.00	-1.00	3	3	3	3	1	3	33	356984943	1259	533	920	497	0.00	0.00	340.91	0.00	0	-0.11	-5.00	0.00	0.00	0.00	0.00
11	1	ÄÐ	0	20.00	20.00	0	1	0	0	0	0	0	0	-1	5.00	-1.00	-1.00	-1.00	-1.00	-1.00	-1.00	-1.00	-1.00	-1.00	3	3	3	3	1	3	34	356984983	1259	533	920	497	0.00	0.00	340.91	0.00	0	-0.11	-5.00	0.00	0.00	0.00	0.00
11	1	ÄÐ	0	20.00	20.00	0	1	0	0	0	0	0	0	-1	5.00	-1.00	-1.00	-1.00	-1.00	-1.00	-1.00	-1.00	-1.00	-1.00	3	3	3	3	1	3	35	356985023	1259	533	920	497	0.00	0.00	340.91	0.00	0	-0.12	-5.00	0.00	0.00	0.00	0.00
11	1	ÄÐ	0	20.00	20.00	0	1	0	0	0	0	0	0	-1	5.00	-1.00	-1.00	-1.00	-1.00	-1.00	-1.00	-1.00	-1.00	-1.00	3	3	3	3	1	3	36	356985064	1259	532	920	497	0.00	0.00	340.80	0.00	0	-0.12	-5.00	0.00	0.00	0.00	0.00
11	1	ÄÐ	0	20.00	20.00	0	1	0	0	0	0	0	0	-1	5.00	-1.00	-1.00	-1.00	-1.00	-1.00	-1.00	-1.00	-1.00	-1.00	3	3	3	3	1	3	37	356985104	1259	532	920	497	0.00	0.00	340.80	0.00	0	-0.12	-5.00	0.00	0.00	0.00	0.00
11	1	ÄÐ	0	20.00	20.00	0	1	0	0	0	0	0	0	-1	5.00	-1.00	-1.00	-1.00	-1.00	-1.00	-1.00	-1.00	-1.00	-1.00	3	3	3	3	1	3	38	356985144	1259	532	920	497	0.00	0.00	340.80	0.00	0	-0.13	-5.00	0.00	0.00	0.00	0.00
11	1	ÄÐ	0	20.00	20.00	0	1	0	0	0	0	0	0	-1	5.00	-1.00	-1.00	-1.00	-1.00	-1.00	-1.00	-1.00	-1.00	-1.00	3	3	3	3	1	3	39	356985184	1259	532	920	497	0.00	0.00	340.80	0.00	0	-0.13	-5.00	0.00	0.00	0.00	0.00
11	1	ÄÐ	0	20.00	20.00	0	1	0	0	0	0	0	0	-1	5.00	-1.00	-1.00	-1.00	-1.00	-1.00	-1.00	-1.00	-1.00	-1.00	3	3	3	3	1	3	40	356985226	1259	532	920	497	0.00	0.00	340.80	0.00	0	-0.13	-5.00	0.00	0.00	0.00	0.00
11	1	ÄÐ	0	20.00	20.00	0	1	0	0	0	0	0	0	-1	5.00	-1.00	-1.00	-1.00	-1.00	-1.00	-1.00	-1.00	-1.00	-1.00	3	3	3	3	1	3	41	356985267	1259	531	920	497	0.00	0.00	340.70	0.00	0	-0.14	-5.00	0.00	0.00	0.00	0.00
11	1	ÄÐ	0	20.00	20.00	0	1	0	0	0	0	0	0	-1	5.00	-1.00	-1.00	-1.00	-1.00	-1.00	-1.00	-1.00	-1.00	-1.00	3	3	3	3	1	3	42	356985307	1259	531	920	497	0.00	0.00	340.70	0.00	0	-0.14	-5.00	0.00	0.00	0.00	0.00
11	1	ÄÐ	0	20.00	20.00	0	1	0	0	0	0	0	0	-1	5.00	-1.00	-1.00	-1.00	-1.00	-1.00	-1.00	-1.00	-1.00	-1.00	3	3	3	3	1	3	43	356985347	1259	531	920	497	0.00	0.00	340.70	0.00	0	-0.14	-5.00	0.00	0.00	0.00	0.00
11	1	ÄÐ	0	20.00	20.00	0	1	0	0	0	0	0	0	-1	5.00	-1.00	-1.00	-1.00	-1.00	-1.00	-1.00	-1.00	-1.00	-1.00	3	3	3	3	1	3	44	356985387	1259	531	920	497	0.00	0.00	340.70	0.00	0	-0.15	-5.00	0.00	0.00	0.00	0.00
11	1	ÄÐ	0	20.00	20.00	0	1	0	0	0	0	0	0	-1	5.00	-1.00	-1.00	-1.00	-1.00	-1.00	-1.00	-1.00	-1.00	-1.00	3	3	3	3	1	3	45	356985428	1259	530	920	497	0.00	0.00	340.60	0.00	0	-0.15	-5.00	0.00	0.00	0.00	0.00
11	1	ÄÐ	0	20.00	20.00	0	1	0	0	0	0	0	0	-1	5.00	-1.00	-1.00	-1.00	-1.00	-1.00	-1.00	-1.00	-1.00	-1.00	3	3	3	3	1	3	46	356985469	1259	530	920	497	0.00	0.00	340.60	0.00	0	-0.15	-5.00	0.00	0.00	0.00	0.00
11	1	ÄÐ	0	20.00	20.00	0	1	0	0	0	0	0	0	-1	5.00	-1.00	-1.00	-1.00	-1.00	-1.00	-1.00	-1.00	-1.00	-1.00	3	3	3	3	1	3	47	356985510	1259	530	920	497	0.00	0.00	340.60	0.00	0	-0.16	-5.00	0.00	0.00	0.00	0.00
11	1	ÄÐ	0	20.00	20.00	0	1	0	0	0	0	0	0	-1	5.00	-1.00	-1.00	-1.00	-1.00	-1.00	-1.00	-1.00	-1.00	-1.00	3	3	3	3	1	3	48	356985550	1259	530	920	497	0.00	0.00	340.60	0.00	0	-0.16	-5.00	0.00	0.00	0.00	0.00
11	1	ÄÐ	0	20.00	20.00	0	1	0	0	0	0	0	0	-1	5.00	-1.00	-1.00	-1.00	-1.00	-1.00	-1.00	-1.00	-1.00	-1.00	3	3	3	3	1	3	49	356985590	1259	530	920	497	0.00	0.00	340.60	0.00	0	-0.16	-5.00	0.00	0.00	0.00	0.00
11	1	ÄÐ	0	20.00	20.00	0	1	0	0	0	0	0	0	-1	5.00	-1.00	-1.00	-1.00	-1.00	-1.00	-1.00	-1.00	-1.00	-1.00	3	3	3	3	1	3	50	356985630	1259	529	920	497	0.00	0.00	340.51	0.00	0	-0.17	-5.00	0.00	0.00	0.00	0.00
11	1	ÄÐ	0	20.00	20.00	0	1	0	0	0	0	0	0	-1	5.00	-1.00	-1.00	-1.00	-1.00	-1.00	-1.00	-1.00	-1.00	-1.00	3	3	3	3	1	3	51	356985670	1259	529	920	497	0.00	0.00	340.51	0.00	0	-0.17	-5.00	0.00	0.00	0.00	0.00
11	1	ÄÐ	0	20.00	20.00	0	1	0	0	0	0	0	0	-1	5.00	-1.00	-1.00	-1.00	-1.00	-1.00	-1.00	-1.00	-1.00	-1.00	3	3	3	3	1	3	52	356985710	1259	529	920	497	0.00	0.00	340.51	0.00	0	-0.17	-5.00	0.00	0.00	0.00	0.00
11	1	ÄÐ	0	20.00	20.00	0	1	0	0	0	0	0	0	-1	5.00	-1.00	-1.00	-1.00	-1.00	-1.00	-1.00	-1.00	-1.00	-1.00	3	3	3	3	1	3	53	356985751	1259	529	920	497	0.00	0.00	340.51	0.00	0	-0.18	-5.00	0.00	0.00	0.00	0.00
11	1	ÄÐ	0	20.00	20.00	0	1	0	0	0	0	0	0	-1	5.00	-1.00	-1.00	-1.00	-1.00	-1.00	-1.00	-1.00	-1.00	-1.00	3	3	3	3	1	3	54	356985791	1259	529	920	497	0.00	0.00	340.51	0.00	0	-0.18	-5.00	0.00	0.00	0.00	0.00
11	1	ÄÐ	0	20.00	20.00	0	1	0	0	0	0	0	0	-1	5.00	-1.00	-1.00	-1.00	-1.00	-1.00	-1.00	-1.00	-1.00	-1.00	3	3	3	3	1	3	55	356985831	1259	528	920	497	0.00	0.00	340.41	0.00	0	-0.18	-5.00	0.00	0.00	0.00	0.00
11	1	ÄÐ	0	20.00	20.00	0	1	0	0	0	0	0	0	-1	5.00	-1.00	-1.00	-1.00	-1.00	-1.00	-1.00	-1.00	-1.00	-1.00	3	3	3	3	1	3	56	356985872	1259	528	920	497	0.00	0.00	340.41	0.00	0	-0.19	-5.00	0.00	0.00	0.00	0.00
11	1	ÄÐ	0	20.00	20.00	0	1	0	0	0	0	0	0	-1	5.00	-1.00	-1.00	-1.00	-1.00	-1.00	-1.00	-1.00	-1.00	-1.00	3	3	3	3	1	3	57	356985913	1259	528	920	497	0.00	0.00	340.41	0.00	0	-0.19	-5.00	0.00	0.00	0.00	0.00
11	1	ÄÐ	0	20.00	20.00	0	1	0	0	0	0	0	0	-1	5.00	-1.00	-1.00	-1.00	-1.00	-1.00	-1.00	-1.00	-1.00	-1.00	3	3	3	3	1	3	58	356985954	1259	528	920	497	0.00	0.00	340.41	0.00	0	-0.19	-5.00	0.00	0.00	0.00	0.00
11	1	ÄÐ	0	20.00	20.00	0	1	0	0	0	0	0	0	-1	5.00	-1.00	-1.00	-1.00	-1.00	-1.00	-1.00	-1.00	-1.00	-1.00	3	3	3	3	1	3	59	356985994	1259	528	920	497	0.00	0.00	340.41	0.00	0	-0.20	-5.00	0.00	0.00	0.00	0.00
11	1	ÄÐ	0	20.00	20.00	0	1	0	0	0	0	0	0	-1	5.00	-1.00	-1.00	-1.00	-1.00	-1.00	-1.00	-1.00	-1.00	-1.00	3	3	3	3	1	3	60	356986036	1259	527	920	497	0.00	0.00	340.32	0.00	0	-0.20	-5.00	0.00	0.00	0.00	0.00
11	1	ÄÐ	0	20.00	20.00	0	1	0	0	0	0	0	0	-1	5.00	-1.00	-1.00	-1.00	-1.00	-1.00	-1.00	-1.00	-1.00	-1.00	3	3	3	3	1	3	61	356986077	1259	527	920	497	0.00	0.00	340.32	0.00	0	-0.20	-5.00	0.00	0.00	0.00	0.00
11	1	ÄÐ	0	20.00	20.00	0	1	0	0	0	0	0	0	-1	5.00	-1.00	-1.00	-1.00	-1.00	-1.00	-1.00	-1.00	-1.00	-1.00	3	3	3	3	1	3	62	356986117	1259	527	920	497	0.00	0.00	340.32	0.00	0	-0.21	-5.00	0.00	0.00	0.00	0.00
11	1	ÄÐ	0	20.00	20.00	0	1	0	0	0	0	0	0	-1	5.00	-1.00	-1.00	-1.00	-1.00	-1.00	-1.00	-1.00	-1.00	-1.00	3	3	3	3	1	3	63	356986158	1259	527	920	497	0.00	0.00	340.32	0.00	0	-0.21	-5.00	0.00	0.00	0.00	0.00
11	1	ÄÐ	0	20.00	20.00	0	1	0	0	0	0	0	0	-1	5.00	-1.00	-1.00	-1.00	-1.00	-1.00	-1.00	-1.00	-1.00	-1.00	3	3	3	3	1	3	64	356986200	1259	527	920	497	0.00	0.00	340.32	0.00	0	-0.22	-5.00	0.00	0.00	0.00	0.00
11	1	ÄÐ	0	20.00	20.00	0	1	0	0	0	0	0	0	-1	5.00	-1.00	-1.00	-1.00	-1.00	-1.00	-1.00	-1.00	-1.00	-1.00	3	3	3	3	1	3	65	356986241	1259	526	920	497	0.00	0.00	340.24	0.00	0	-0.22	-5.00	0.00	0.00	0.00	0.00
11	1	ÄÐ	0	20.00	20.00	0	1	0	0	0	0	0	0	-1	5.00	-1.00	-1.00	-1.00	-1.00	-1.00	-1.00	-1.00	-1.00	-1.00	3	3	3	3	1	3	66	356986281	1259	526	920	497	0.00	0.00	340.24	0.00	0	-0.22	-5.00	0.00	0.00	0.00	0.00
11	1	ÄÐ	0	20.00	20.00	0	1	0	0	0	0	0	0	-1	5.00	-1.00	-1.00	-1.00	-1.00	-1.00	-1.00	-1.00	-1.00	-1.00	3	3	3	3	1	3	67	356986322	1259	526	920	497	0.00	0.00	340.24	0.00	0	-0.23	-4.99	0.00	0.00	0.00	0.00
11	1	ÄÐ	0	20.00	20.00	0	1	0	0	0	0	0	0	-1	5.00	-1.00	-1.00	-1.00	-1.00	-1.00	-1.00	-1.00	-1.00	-1.00	3	3	3	3	1	3	68	356986362	1259	526	920	497	0.00	0.00	340.24	0.00	0	-0.23	-4.99	0.00	0.00	0.00	0.00
11	1	ÄÐ	0	20.00	20.00	0	1	0	0	0	0	0	0	-1	5.00	-1.00	-1.00	-1.00	-1.00	-1.00	-1.00	-1.00	-1.00	-1.00	3	3	3	3	1	3	69	356986403	1259	526	920	497	0.00	0.00	340.24	0.00	0	-0.23	-4.99	0.00	0.00	0.00	0.00
11	1	ÄÐ	0	20.00	20.00	0	1	0	0	0	0	0	0	-1	5.00	-1.00	-1.00	-1.00	-1.00	-1.00	-1.00	-1.00	-1.00	-1.00	3	3	3	3	1	3	70	356986444	1259	525	920	497	0.00	0.00	340.15	0.00	0	-0.24	-4.99	0.00	0.00	0.00	0.00
11	1	ÄÐ	0	20.00	20.00	0	1	0	0	0	0	0	0	-1	5.00	-1.00	-1.00	-1.00	-1.00	-1.00	-1.00	-1.00	-1.00	-1.00	3	3	3	3	1	3	71	356986486	1259	525	920	497	0.00	0.00	340.15	0.00	0	-0.24	-4.99	0.00	0.00	0.00	0.00
11	1	ÄÐ	0	20.00	20.00	0	1	0	0	0	0	0	0	-1	5.00	-1.00	-1.00	-1.00	-1.00	-1.00	-1.00	-1.00	-1.00	-1.00	3	3	3	3	1	3	72	356986526	1259	525	920	497	0.00	0.00	340.15	0.00	0	-0.24	-4.99	0.00	0.00	0.00	0.00
11	1	ÄÐ	0	20.00	20.00	0	1	0	0	0	0	0	0	-1	5.00	-1.00	-1.00	-1.00	-1.00	-1.00	-1.00	-1.00	-1.00	-1.00	3	3	3	3	1	3	73	356986567	1259	525	920	497	0.00	0.00	340.15	0.00	0	-0.25	-4.99	0.00	0.00	0.00	0.00
11	1	ÄÐ	0	20.00	20.00	0	1	0	0	0	0	0	0	-1	5.00	-1.00	-1.00	-1.00	-1.00	-1.00	-1.00	-1.00	-1.00	-1.00	3	3	3	3	1	3	74	356986607	1259	525	920	497	0.00	0.00	340.15	0.00	0	-0.25	-4.99	0.00	0.00	0.00	0.00
