ID	Name	Sex	Session	DistanceError	PracMode	ExperMode	MainTask	SubTask	Background	Direction	InitSpeed	HoldTimeNum	HoldTime1	HoldTime2	HoldTime3	HoldTime4	HoldTime5	HoldTime6	HoldTime7	HoldTime8	HoldTime9	HoldTime10	HoldTime11	HoldTime12	PracTime	ExperTime	PracTimes	ExperTimes	Pra_Test	PointNum	PointTime	ObjPointX	ObjPointY	PostPointX	PostPointY	Distance	Hit	ObjSpeedX	ObjSpeedY	PostSpeedX	PostSpeedY
1	11	ÄÐ	0	20.00	0	1	1	1	0	-1	23.00	5	1.0	2.0	3.0	4.0	5.0	-1.0	-1.0	-1.0	-1.0	-1.0	-1.0	-1.0	3	3	2	2	1	1	359937827	560	340	960	540	447.21	0	23.00	0.00	-57.00	0.00
1	11	ÄÐ	0	20.00	0	1	1	1	0	-1	23.00	5	1.0	2.0	3.0	4.0	5.0	-1.0	-1.0	-1.0	-1.0	-1.0	-1.0	-1.0	3	3	2	2	1	2	359937867	560	340	957	540	444.53	0	23.00	0.00	-200.00	-93.00
1	11	ÄÐ	0	20.00	0	1	1	1	0	-1	23.00	5	1.0	2.0	3.0	4.0	5.0	-1.0	-1.0	-1.0	-1.0	-1.0	-1.0	-1.0	3	3	2	2	1	3	359937907	561	340	949	536	434.70	0	23.00	0.00	-200.00	-89.00
1	11	ÄÐ	0	20.00	0	1	1	1	0	-1	23.00	5	1.0	2.0	3.0	4.0	5.0	-1.0	-1.0	-1.0	-1.0	-1.0	-1.0	-1.0	3	3	2	2	1	4	359937947	562	340	941	532	424.86	0	23.00	0.00	-200.00	-82.00
1	11	ÄÐ	0	20.00	0	1	1	1	0	-1	23.00	5	1.0	2.0	3.0	4.0	5.0	-1.0	-1.0	-1.0	-1.0	-1.0	-1.0	-1.0	3	3	2	2	1	5	359937987	563	340	933	529	415.48	0	23.00	0.00	-200.00	-70.00
1	11	ÄÐ	0	20.00	0	1	1	1	0	-1	23.00	5	1.0	2.0	3.0	4.0	5.0	-1.0	-1.0	-1.0	-1.0	-1.0	-1.0	-1.0	3	3	2	2	1	6	359938027	564	340	925	526	406.10	0	23.00	0.00	-200.00	-57.00
1	11	ÄÐ	0	20.00	0	1	1	1	0	-1	23.00	5	1.0	2.0	3.0	4.0	5.0	-1.0	-1.0	-1.0	-1.0	-1.0	-1.0	-1.0	3	3	2	2	1	7	359938067	565	340	917	524	397.19	0	23.00	0.00	-200.00	0.00
1	11	ÄÐ	0	20.00	0	1	1	1	0	-1	23.00	5	1.0	2.0	3.0	4.0	5.0	-1.0	-1.0	-1.0	-1.0	-1.0	-1.0	-1.0	3	3	2	2	1	8	359938107	566	340	909	524	389.24	0	23.00	0.00	-89.00	0.00
1	11	ÄÐ	0	20.00	0	1	1	1	0	-1	23.00	5	1.0	2.0	3.0	4.0	5.0	-1.0	-1.0	-1.0	-1.0	-1.0	-1.0	-1.0	3	3	2	2	1	9	359938147	567	340	906	524	385.72	0	23.00	0.00	0.00	0.00
1	11	ÄÐ	0	20.00	0	1	1	1	0	-1	23.00	5	1.0	2.0	3.0	4.0	5.0	-1.0	-1.0	-1.0	-1.0	-1.0	-1.0	-1.0	3	3	2	2	1	10	359938187	568	340	906	524	384.84	0	23.00	0.00	0.00	0.00
1	11	ÄÐ	0	20.00	0	1	1	1	0	-1	23.00	5	1.0	2.0	3.0	4.0	5.0	-1.0	-1.0	-1.0	-1.0	-1.0	-1.0	-1.0	3	3	2	2	1	11	359938227	569	340	906	524	383.96	0	23.00	0.00	0.00	0.00
1	11	ÄÐ	0	20.00	0	1	1	1	0	-1	23.00	5	1.0	2.0	3.0	4.0	5.0	-1.0	-1.0	-1.0	-1.0	-1.0	-1.0	-1.0	3	3	2	2	1	12	359938267	570	340	906	524	383.08	0	23.00	0.00	0.00	0.00
1	11	ÄÐ	0	20.00	0	1	1	1	0	-1	23.00	5	1.0	2.0	3.0	4.0	5.0	-1.0	-1.0	-1.0	-1.0	-1.0	-1.0	-1.0	3	3	2	2	1	13	359938307	571	340	906	524	382.21	0	23.00	0.00	0.00	0.00
1	11	ÄÐ	0	20.00	0	1	1	1	0	-1	23.00	5	1.0	2.0	3.0	4.0	5.0	-1.0	-1.0	-1.0	-1.0	-1.0	-1.0	-1.0	3	3	2	2	1	14	359938347	571	340	906	524	382.21	0	23.00	0.00	0.00	0.00
1	11	ÄÐ	0	20.00	0	1	1	1	0	-1	23.00	5	1.0	2.0	3.0	4.0	5.0	-1.0	-1.0	-1.0	-1.0	-1.0	-1.0	-1.0	3	3	2	2	1	15	359938387	572	340	906	524	381.33	0	23.00	0.00	0.00	0.00
1	11	ÄÐ	0	20.00	0	1	1	1	0	-1	23.00	5	1.0	2.0	3.0	4.0	5.0	-1.0	-1.0	-1.0	-1.0	-1.0	-1.0	-1.0	3	3	2	2	1	16	359938427	573	340	906	524	380.45	0	23.00	0.00	0.00	0.00
1	11	ÄÐ	0	20.00	0	1	1	1	0	-1	23.00	5	1.0	2.0	3.0	4.0	5.0	-1.0	-1.0	-1.0	-1.0	-1.0	-1.0	-1.0	3	3	2	2	1	17	359938467	574	340	906	524	379.58	0	23.00	0.00	0.00	0.00
1	11	ÄÐ	0	20.00	0	1	1	1	0	-1	23.00	5	1.0	2.0	3.0	4.0	5.0	-1.0	-1.0	-1.0	-1.0	-1.0	-1.0	-1.0	3	3	2	2	1	18	359938507	575	340	906	524	378.70	0	23.00	0.00	0.00	0.00
1	11	ÄÐ	0	20.00	0	1	1	1	0	-1	23.00	5	1.0	2.0	3.0	4.0	5.0	-1.0	-1.0	-1.0	-1.0	-1.0	-1.0	-1.0	3	3	2	2	1	19	359938547	576	340	906	524	377.83	0	23.00	0.00	0.00	0.00
1	11	ÄÐ	0	20.00	0	1	1	1	0	-1	23.00	5	1.0	2.0	3.0	4.0	5.0	-1.0	-1.0	-1.0	-1.0	-1.0	-1.0	-1.0	3	3	2	2	1	20	359938587	577	340	906	524	376.96	0	23.00	0.00	0.00	0.00
1	11	ÄÐ	0	20.00	0	1	1	1	0	-1	23.00	5	1.0	2.0	3.0	4.0	5.0	-1.0	-1.0	-1.0	-1.0	-1.0	-1.0	-1.0	3	3	2	2	1	21	359938627	578	340	906	524	376.09	0	23.00	0.00	0.00	0.00
1	11	ÄÐ	0	20.00	0	1	1	1	0	-1	23.00	5	1.0	2.0	3.0	4.0	5.0	-1.0	-1.0	-1.0	-1.0	-1.0	-1.0	-1.0	3	3	2	2	1	22	359938667	579	340	906	524	375.21	0	23.00	0.00	0.00	0.00
1	11	ÄÐ	0	20.00	0	1	1	1	0	-1	23.00	5	1.0	2.0	3.0	4.0	5.0	-1.0	-1.0	-1.0	-1.0	-1.0	-1.0	-1.0	3	3	2	2	1	23	359938707	580	340	906	524	374.34	0	23.00	0.00	0.00	0.00
1	11	ÄÐ	0	20.00	0	1	1	1	0	-1	23.00	5	1.0	2.0	3.0	4.0	5.0	-1.0	-1.0	-1.0	-1.0	-1.0	-1.0	-1.0	3	3	2	2	1	24	359938747	581	340	906	524	373.47	0	23.00	0.00	0.00	0.00
1	11	ÄÐ	0	20.00	0	1	1	1	0	-1	23.00	5	1.0	2.0	3.0	4.0	5.0	-1.0	-1.0	-1.0	-1.0	-1.0	-1.0	-1.0	3	3	2	2	1	25	359938787	582	340	906	524	372.60	0	23.00	0.00	0.00	0.00
1	11	ÄÐ	0	20.00	0	1	1	1	0	-1	23.00	5	1.0	2.0	3.0	4.0	5.0	-1.0	-1.0	-1.0	-1.0	-1.0	-1.0	-1.0	3	3	2	2	1	26	359938827	583	340	906	524	371.73	0	23.00	0.00	0.00	0.00
1	11	ÄÐ	0	20.00	0	1	1	1	0	-1	23.00	5	1.0	2.0	3.0	4.0	5.0	-1.0	-1.0	-1.0	-1.0	-1.0	-1.0	-1.0	3	3	2	2	1	27	359938867	583	340	906	524	371.73	0	23.00	0.00	0.00	0.00
1	11	ÄÐ	0	20.00	0	1	1	1	0	-1	23.00	5	1.0	2.0	3.0	4.0	5.0	-1.0	-1.0	-1.0	-1.0	-1.0	-1.0	-1.0	3	3	2	2	1	28	359938907	584	340	906	524	370.86	0	23.00	0.00	0.00	0.00
1	11	ÄÐ	0	20.00	0	1	1	1	0	-1	23.00	5	1.0	2.0	3.0	4.0	5.0	-1.0	-1.0	-1.0	-1.0	-1.0	-1.0	-1.0	3	3	2	2	1	29	359938947	585	340	906	524	370.00	0	23.00	0.00	0.00	0.00
1	11	ÄÐ	0	20.00	0	1	1	1	0	-1	23.00	5	1.0	2.0	3.0	4.0	5.0	-1.0	-1.0	-1.0	-1.0	-1.0	-1.0	-1.0	3	3	2	2	1	30	359938987	586	340	906	524	369.13	0	23.00	0.00	0.00	0.00
1	11	ÄÐ	0	20.00	0	1	1	1	0	-1	23.00	5	1.0	2.0	3.0	4.0	5.0	-1.0	-1.0	-1.0	-1.0	-1.0	-1.0	-1.0	3	3	2	2	1	31	359939027	587	340	906	524	368.26	0	23.00	0.00	0.00	0.00
1	11	ÄÐ	0	20.00	0	1	1	1	0	-1	23.00	5	1.0	2.0	3.0	4.0	5.0	-1.0	-1.0	-1.0	-1.0	-1.0	-1.0	-1.0	3	3	2	2	1	32	359939067	588	340	906	524	367.40	0	23.00	0.00	0.00	0.00
1	11	ÄÐ	0	20.00	0	1	1	1	0	-1	23.00	5	1.0	2.0	3.0	4.0	5.0	-1.0	-1.0	-1.0	-1.0	-1.0	-1.0	-1.0	3	3	2	2	1	33	359939107	589	340	906	524	366.53	0	23.00	0.00	0.00	0.00
1	11	ÄÐ	0	20.00	0	1	1	1	0	-1	23.00	5	1.0	2.0	3.0	4.0	5.0	-1.0	-1.0	-1.0	-1.0	-1.0	-1.0	-1.0	3	3	2	2	1	34	359939147	590	340	906	524	365.67	0	23.00	0.00	0.00	0.00
1	11	ÄÐ	0	20.00	0	1	1	1	0	-1	23.00	5	1.0	2.0	3.0	4.0	5.0	-1.0	-1.0	-1.0	-1.0	-1.0	-1.0	-1.0	3	3	2	2	1	35	359939187	591	340	906	524	364.80	0	23.00	0.00	0.00	0.00
1	11	ÄÐ	0	20.00	0	1	1	1	0	-1	23.00	5	1.0	2.0	3.0	4.0	5.0	-1.0	-1.0	-1.0	-1.0	-1.0	-1.0	-1.0	3	3	2	2	1	36	359939227	592	340	906	524	363.94	0	23.00	0.00	0.00	0.00
1	11	ÄÐ	0	20.00	0	1	1	1	0	-1	23.00	5	1.0	2.0	3.0	4.0	5.0	-1.0	-1.0	-1.0	-1.0	-1.0	-1.0	-1.0	3	3	2	2	1	37	359939267	593	340	906	524	363.08	0	23.00	0.00	0.00	0.00
1	11	ÄÐ	0	20.00	0	1	1	1	0	-1	23.00	5	1.0	2.0	3.0	4.0	5.0	-1.0	-1.0	-1.0	-1.0	-1.0	-1.0	-1.0	3	3	2	2	1	38	359939307	594	340	906	524	362.22	0	23.00	0.00	0.00	0.00
1	11	ÄÐ	0	20.00	0	1	1	1	0	-1	23.00	5	1.0	2.0	3.0	4.0	5.0	-1.0	-1.0	-1.0	-1.0	-1.0	-1.0	-1.0	3	3	2	2	1	39	359939347	594	340	906	524	362.22	0	23.00	0.00	0.00	0.00
1	11	ÄÐ	0	20.00	0	1	1	1	0	-1	23.00	5	1.0	2.0	3.0	4.0	5.0	-1.0	-1.0	-1.0	-1.0	-1.0	-1.0	-1.0	3	3	2	2	1	40	359939387	595	340	906	524	361.35	0	23.00	0.00	0.00	0.00
1	11	ÄÐ	0	20.00	0	1	1	1	0	-1	23.00	5	1.0	2.0	3.0	4.0	5.0	-1.0	-1.0	-1.0	-1.0	-1.0	-1.0	-1.0	3	3	2	2	1	41	359939427	596	340	906	524	360.49	0	23.00	0.00	0.00	0.00
1	11	ÄÐ	0	20.00	0	1	1	1	0	-1	23.00	5	1.0	2.0	3.0	4.0	5.0	-1.0	-1.0	-1.0	-1.0	-1.0	-1.0	-1.0	3	3	2	2	1	42	359939467	597	340	906	524	359.63	0	23.00	0.00	0.00	0.00
1	11	ÄÐ	0	20.00	0	1	1	1	0	-1	23.00	5	1.0	2.0	3.0	4.0	5.0	-1.0	-1.0	-1.0	-1.0	-1.0	-1.0	-1.0	3	3	2	2	1	43	359939507	598	340	906	524	358.78	0	23.00	0.00	0.00	0.00
1	11	ÄÐ	0	20.00	0	1	1	1	0	-1	23.00	5	1.0	2.0	3.0	4.0	5.0	-1.0	-1.0	-1.0	-1.0	-1.0	-1.0	-1.0	3	3	2	2	1	44	359939547	599	340	906	524	357.92	0	23.00	0.00	0.00	0.00
1	11	ÄÐ	0	20.00	0	1	1	1	0	-1	23.00	5	1.0	2.0	3.0	4.0	5.0	-1.0	-1.0	-1.0	-1.0	-1.0	-1.0	-1.0	3	3	2	2	1	45	359939587	600	340	906	524	357.06	0	23.00	0.00	0.00	0.00
1	11	ÄÐ	0	20.00	0	1	1	1	0	-1	23.00	5	1.0	2.0	3.0	4.0	5.0	-1.0	-1.0	-1.0	-1.0	-1.0	-1.0	-1.0	3	3	2	2	1	46	359939627	601	340	906	524	356.20	0	23.00	0.00	0.00	0.00
1	11	ÄÐ	0	20.00	0	1	1	1	0	-1	23.00	5	1.0	2.0	3.0	4.0	5.0	-1.0	-1.0	-1.0	-1.0	-1.0	-1.0	-1.0	3	3	2	2	1	47	359939667	602	340	906	524	355.35	0	23.00	0.00	0.00	0.00
1	11	ÄÐ	0	20.00	0	1	1	1	0	-1	23.00	5	1.0	2.0	3.0	4.0	5.0	-1.0	-1.0	-1.0	-1.0	-1.0	-1.0	-1.0	3	3	2	2	1	48	359939707	603	340	906	524	354.49	0	23.00	0.00	0.00	0.00
1	11	ÄÐ	0	20.00	0	1	1	1	0	-1	23.00	5	1.0	2.0	3.0	4.0	5.0	-1.0	-1.0	-1.0	-1.0	-1.0	-1.0	-1.0	3	3	2	2	1	49	359939747	604	340	906	524	353.64	0	23.00	0.00	0.00	0.00
1	11	ÄÐ	0	20.00	0	1	1	1	0	-1	23.00	5	1.0	2.0	3.0	4.0	5.0	-1.0	-1.0	-1.0	-1.0	-1.0	-1.0	-1.0	3	3	2	2	1	50	359939787	605	340	906	524	352.78	0	23.00	0.00	0.00	0.00
1	11	ÄÐ	0	20.00	0	1	1	1	0	-1	23.00	5	1.0	2.0	3.0	4.0	5.0	-1.0	-1.0	-1.0	-1.0	-1.0	-1.0	-1.0	3	3	2	2	1	51	359939827	606	340	906	524	351.93	0	23.00	0.00	0.00	0.00
1	11	ÄÐ	0	20.00	0	1	1	1	0	-1	23.00	5	1.0	2.0	3.0	4.0	5.0	-1.0	-1.0	-1.0	-1.0	-1.0	-1.0	-1.0	3	3	2	2	1	52	359939867	606	340	906	524	351.93	0	23.00	0.00	0.00	0.00
1	11	ÄÐ	0	20.00	0	1	1	1	0	-1	23.00	5	1.0	2.0	3.0	4.0	5.0	-1.0	-1.0	-1.0	-1.0	-1.0	-1.0	-1.0	3	3	2	2	1	53	359939907	607	340	906	524	351.08	0	23.00	0.00	0.00	0.00
1	11	ÄÐ	0	20.00	0	1	1	1	0	-1	23.00	5	1.0	2.0	3.0	4.0	5.0	-1.0	-1.0	-1.0	-1.0	-1.0	-1.0	-1.0	3	3	2	2	1	54	359939947	608	340	906	524	350.23	0	23.00	0.00	0.00	0.00
1	11	ÄÐ	0	20.00	0	1	1	1	0	-1	23.00	5	1.0	2.0	3.0	4.0	5.0	-1.0	-1.0	-1.0	-1.0	-1.0	-1.0	-1.0	3	3	2	2	1	55	359939987	609	340	906	524	349.38	0	23.00	0.00	0.00	0.00
1	11	ÄÐ	0	20.00	0	1	1	1	0	-1	23.00	5	1.0	2.0	3.0	4.0	5.0	-1.0	-1.0	-1.0	-1.0	-1.0	-1.0	-1.0	3	3	2	2	1	56	359940027	610	340	906	524	348.53	0	23.00	0.00	0.00	0.00
1	11	ÄÐ	0	20.00	0	1	1	1	0	-1	23.00	5	1.0	2.0	3.0	4.0	5.0	-1.0	-1.0	-1.0	-1.0	-1.0	-1.0	-1.0	3	3	2	2	1	57	359940067	611	340	906	524	347.68	0	23.00	0.00	0.00	0.00
1	11	ÄÐ	0	20.00	0	1	1	1	0	-1	23.00	5	1.0	2.0	3.0	4.0	5.0	-1.0	-1.0	-1.0	-1.0	-1.0	-1.0	-1.0	3	3	2	2	1	58	359940107	612	340	906	524	346.83	0	23.00	0.00	0.00	0.00
1	11	ÄÐ	0	20.00	0	1	1	1	0	-1	23.00	5	1.0	2.0	3.0	4.0	5.0	-1.0	-1.0	-1.0	-1.0	-1.0	-1.0	-1.0	3	3	2	2	1	59	359940147	613	340	906	524	345.98	0	23.00	0.00	0.00	0.00
1	11	ÄÐ	0	20.00	0	1	1	1	0	-1	23.00	5	1.0	2.0	3.0	4.0	5.0	-1.0	-1.0	-1.0	-1.0	-1.0	-1.0	-1.0	3	3	2	2	1	60	359940187	614	340	906	524	345.14	0	23.00	0.00	0.00	0.00
1	11	ÄÐ	0	20.00	0	1	1	1	0	-1	23.00	5	1.0	2.0	3.0	4.0	5.0	-1.0	-1.0	-1.0	-1.0	-1.0	-1.0	-1.0	3	3	2	2	1	61	359940227	615	340	906	524	344.29	0	23.00	0.00	0.00	0.00
1	11	ÄÐ	0	20.00	0	1	1	1	0	-1	23.00	5	1.0	2.0	3.0	4.0	5.0	-1.0	-1.0	-1.0	-1.0	-1.0	-1.0	-1.0	3	3	2	2	1	62	359940267	616	340	906	524	343.45	0	23.00	0.00	0.00	0.00
1	11	ÄÐ	0	20.00	0	1	1	1	0	-1	23.00	5	1.0	2.0	3.0	4.0	5.0	-1.0	-1.0	-1.0	-1.0	-1.0	-1.0	-1.0	3	3	2	2	1	63	359940307	617	340	906	524	342.60	0	23.00	0.00	0.00	0.00
1	11	ÄÐ	0	20.00	0	1	1	1	0	-1	23.00	5	1.0	2.0	3.0	4.0	5.0	-1.0	-1.0	-1.0	-1.0	-1.0	-1.0	-1.0	3	3	2	2	1	64	359940347	617	340	906	524	342.60	0	23.00	0.00	0.00	0.00
1	11	ÄÐ	0	20.00	0	1	1	1	0	-1	23.00	5	1.0	2.0	3.0	4.0	5.0	-1.0	-1.0	-1.0	-1.0	-1.0	-1.0	-1.0	3	3	2	2	1	65	359940387	618	340	906	524	341.76	0	23.00	0.00	0.00	0.00
1	11	ÄÐ	0	20.00	0	1	1	1	0	-1	23.00	5	1.0	2.0	3.0	4.0	5.0	-1.0	-1.0	-1.0	-1.0	-1.0	-1.0	-1.0	3	3	2	2	1	66	359940427	619	340	906	524	340.92	0	23.00	0.00	0.00	0.00
1	11	ÄÐ	0	20.00	0	1	1	1	0	-1	23.00	5	1.0	2.0	3.0	4.0	5.0	-1.0	-1.0	-1.0	-1.0	-1.0	-1.0	-1.0	3	3	2	2	1	67	359940467	620	340	906	524	340.08	0	23.00	0.00	0.00	0.00
1	11	ÄÐ	0	20.00	0	1	1	1	0	-1	23.00	5	1.0	2.0	3.0	4.0	5.0	-1.0	-1.0	-1.0	-1.0	-1.0	-1.0	-1.0	3	3	2	2	1	68	359940507	621	340	906	524	339.24	0	23.00	0.00	0.00	0.00
1	11	ÄÐ	0	20.00	0	1	1	1	0	-1	23.00	5	1.0	2.0	3.0	4.0	5.0	-1.0	-1.0	-1.0	-1.0	-1.0	-1.0	-1.0	3	3	2	2	1	69	359940547	622	340	906	524	338.40	0	23.00	0.00	0.00	0.00
1	11	ÄÐ	0	20.00	0	1	1	1	0	-1	23.00	5	1.0	2.0	3.0	4.0	5.0	-1.0	-1.0	-1.0	-1.0	-1.0	-1.0	-1.0	3	3	2	2	1	70	359940587	623	340	906	524	337.56	0	23.00	0.00	0.00	0.00
1	11	ÄÐ	0	20.00	0	1	1	1	0	-1	23.00	5	1.0	2.0	3.0	4.0	5.0	-1.0	-1.0	-1.0	-1.0	-1.0	-1.0	-1.0	3	3	2	2	1	71	359940627	624	340	906	524	336.72	0	23.00	0.00	0.00	0.00
1	11	ÄÐ	0	20.00	0	1	1	1	0	-1	23.00	5	1.0	2.0	3.0	4.0	5.0	-1.0	-1.0	-1.0	-1.0	-1.0	-1.0	-1.0	3	3	2	2	1	72	359940667	625	340	906	524	335.88	0	23.00	0.00	0.00	0.00
1	11	ÄÐ	0	20.00	0	1	1	1	0	-1	23.00	5	1.0	2.0	3.0	4.0	5.0	-1.0	-1.0	-1.0	-1.0	-1.0	-1.0	-1.0	3	3	2	2	1	73	359940707	626	340	906	524	335.05	0	23.00	0.00	0.00	0.00
1	11	ÄÐ	0	20.00	0	1	1	1	0	-1	23.00	5	1.0	2.0	3.0	4.0	5.0	-1.0	-1.0	-1.0	-1.0	-1.0	-1.0	-1.0	3	3	2	2	1	74	359940747	627	340	906	524	334.21	0	23.00	0.00	0.00	0.00
1	11	ÄÐ	0	20.00	0	1	1	1	0	-1	23.00	5	1.0	2.0	3.0	4.0	5.0	-1.0	-1.0	-1.0	-1.0	-1.0	-1.0	-1.0	3	3	2	2	1	75	359940787	628	340	906	524	333.38	0	23.00	0.00	0.00	0.00
1	11	ÄÐ	0	20.00	0	1	1	1	0	-1	23.00	5	1.0	2.0	3.0	4.0	5.0	-1.0	-1.0	-1.0	-1.0	-1.0	-1.0	-1.0	3	3	2	2	1	76	359940827	629	340	906	524	332.54	0	23.00	0.00	0.00	0.00
1	11	ÄÐ	0	20.00	0	1	1	1	0	-1	23.00	5	1.0	2.0	3.0	4.0	5.0	-1.0	-1.0	-1.0	-1.0	-1.0	-1.0	-1.0	3	3	2	2	1	77	359940867	629	340	906	524	332.54	0	23.00	0.00	0.00	0.00
1	11	ÄÐ	0	20.00	0	1	1	1	0	-1	23.00	5	1.0	2.0	3.0	4.0	5.0	-1.0	-1.0	-1.0	-1.0	-1.0	-1.0	-1.0	3	3	2	2	1	78	359940907	630	340	906	524	331.71	0	23.00	0.00	0.00	0.00
1	11	ÄÐ	0	20.00	0	1	1	1	0	-1	23.00	5	1.0	2.0	3.0	4.0	5.0	-1.0	-1.0	-1.0	-1.0	-1.0	-1.0	-1.0	3	3	2	2	1	79	359940947	631	340	906	524	330.88	0	23.00	0.00	0.00	-68.00
1	11	ÄÐ	0	20.00	0	1	1	1	0	-1	23.00	5	1.0	2.0	3.0	4.0	5.0	-1.0	-1.0	-1.0	-1.0	-1.0	-1.0	-1.0	3	3	2	2	1	80	359940987	632	340	906	521	328.39	0	23.00	0.00	-60.00	-200.00
1	11	ÄÐ	0	20.00	0	1	1	1	0	-1	23.00	5	1.0	2.0	3.0	4.0	5.0	-1.0	-1.0	-1.0	-1.0	-1.0	-1.0	-1.0	3	3	2	2	1	81	359941027	633	340	903	513	320.67	0	23.00	0.00	-131.00	-200.00
1	11	ÄÐ	0	20.00	0	1	1	1	0	-1	23.00	5	1.0	2.0	3.0	4.0	5.0	-1.0	-1.0	-1.0	-1.0	-1.0	-1.0	-1.0	3	3	2	2	1	82	359941067	634	340	898	505	311.32	0	23.00	0.00	-131.00	-200.00
1	11	ÄÐ	0	20.00	0	1	1	1	0	-1	23.00	5	1.0	2.0	3.0	4.0	5.0	-1.0	-1.0	-1.0	-1.0	-1.0	-1.0	-1.0	3	3	2	2	1	83	359941107	635	340	893	497	302.01	0	23.00	0.00	-134.00	-200.00
1	11	ÄÐ	0	20.00	0	1	1	1	0	-1	23.00	5	1.0	2.0	3.0	4.0	5.0	-1.0	-1.0	-1.0	-1.0	-1.0	-1.0	-1.0	3	3	2	2	1	84	359941147	636	340	887	489	291.89	0	23.00	0.00	-108.00	-200.00
1	11	ÄÐ	0	20.00	0	1	1	1	0	-1	23.00	5	1.0	2.0	3.0	4.0	5.0	-1.0	-1.0	-1.0	-1.0	-1.0	-1.0	-1.0	3	3	2	2	1	85	359941187	637	340	883	481	283.54	0	23.00	0.00	-35.00	-200.00
1	11	ÄÐ	0	20.00	0	1	1	1	0	-1	23.00	5	1.0	2.0	3.0	4.0	5.0	-1.0	-1.0	-1.0	-1.0	-1.0	-1.0	-1.0	3	3	2	2	1	86	359941227	638	340	882	473	277.89	0	23.00	0.00	0.00	-97.00
1	11	ÄÐ	0	20.00	0	1	1	1	0	-1	23.00	5	1.0	2.0	3.0	4.0	5.0	-1.0	-1.0	-1.0	-1.0	-1.0	-1.0	-1.0	3	3	2	2	1	87	359941267	639	340	882	469	275.12	0	23.00	0.00	0.00	0.00
1	11	ÄÐ	0	20.00	0	1	1	1	0	-1	23.00	5	1.0	2.0	3.0	4.0	5.0	-1.0	-1.0	-1.0	-1.0	-1.0	-1.0	-1.0	3	3	2	2	1	88	359941307	640	340	882	469	274.24	0	23.00	0.00	0.00	0.00
1	11	ÄÐ	0	20.00	0	1	1	1	0	-1	23.00	5	1.0	2.0	3.0	4.0	5.0	-1.0	-1.0	-1.0	-1.0	-1.0	-1.0	-1.0	3	3	2	2	1	89	359941347	640	340	882	469	274.24	0	23.00	0.00	0.00	0.00
1	11	ÄÐ	0	20.00	0	1	1	1	0	-1	23.00	5	1.0	2.0	3.0	4.0	5.0	-1.0	-1.0	-1.0	-1.0	-1.0	-1.0	-1.0	3	3	2	2	1	90	359941387	641	340	882	469	273.35	0	23.00	0.00	0.00	0.00
1	11	ÄÐ	0	20.00	0	1	1	1	0	-1	23.00	5	1.0	2.0	3.0	4.0	5.0	-1.0	-1.0	-1.0	-1.0	-1.0	-1.0	-1.0	3	3	2	2	1	91	359941427	642	340	882	469	272.47	0	23.00	0.00	0.00	0.00
1	11	ÄÐ	0	20.00	0	1	1	1	0	-1	23.00	5	1.0	2.0	3.0	4.0	5.0	-1.0	-1.0	-1.0	-1.0	-1.0	-1.0	-1.0	3	3	2	2	1	92	359941467	643	340	882	469	271.59	0	23.00	0.00	0.00	0.00
1	11	ÄÐ	0	20.00	0	1	1	1	0	-1	23.00	5	1.0	2.0	3.0	4.0	5.0	-1.0	-1.0	-1.0	-1.0	-1.0	-1.0	-1.0	3	3	2	2	1	93	359941507	644	340	882	469	270.71	0	23.00	0.00	0.00	0.00
1	11	ÄÐ	0	20.00	0	1	1	1	0	-1	23.00	5	1.0	2.0	3.0	4.0	5.0	-1.0	-1.0	-1.0	-1.0	-1.0	-1.0	-1.0	3	3	2	2	1	94	359941547	645	340	882	469	269.83	0	23.00	0.00	0.00	0.00
1	11	ÄÐ	0	20.00	0	1	1	1	0	-1	23.00	5	1.0	2.0	3.0	4.0	5.0	-1.0	-1.0	-1.0	-1.0	-1.0	-1.0	-1.0	3	3	2	2	1	95	359941587	646	340	882	469	268.96	0	23.00	0.00	0.00	0.00
1	11	ÄÐ	0	20.00	0	1	1	1	0	-1	23.00	5	1.0	2.0	3.0	4.0	5.0	-1.0	-1.0	-1.0	-1.0	-1.0	-1.0	-1.0	3	3	2	2	1	96	359941627	647	340	882	469	268.08	0	23.00	0.00	0.00	0.00
1	11	ÄÐ	0	20.00	0	1	1	1	0	-1	23.00	5	1.0	2.0	3.0	4.0	5.0	-1.0	-1.0	-1.0	-1.0	-1.0	-1.0	-1.0	3	3	2	2	1	97	359941667	648	340	882	469	267.20	0	23.00	0.00	0.00	0.00
1	11	ÄÐ	0	20.00	0	1	1	1	0	-1	23.00	5	1.0	2.0	3.0	4.0	5.0	-1.0	-1.0	-1.0	-1.0	-1.0	-1.0	-1.0	3	3	2	2	1	98	359941707	649	340	882	469	266.33	0	23.00	0.00	0.00	0.00
1	11	ÄÐ	0	20.00	0	1	1	1	0	-1	23.00	5	1.0	2.0	3.0	4.0	5.0	-1.0	-1.0	-1.0	-1.0	-1.0	-1.0	-1.0	3	3	2	2	1	99	359941747	650	340	882	469	265.45	0	23.00	0.00	0.00	0.00
1	11	ÄÐ	0	20.00	0	1	1	1	0	-1	23.00	5	1.0	2.0	3.0	4.0	5.0	-1.0	-1.0	-1.0	-1.0	-1.0	-1.0	-1.0	3	3	2	2	1	100	359941787	651	340	882	469	264.58	0	23.00	0.00	0.00	0.00
1	11	ÄÐ	0	20.00	0	1	1	1	0	-1	23.00	5	1.0	2.0	3.0	4.0	5.0	-1.0	-1.0	-1.0	-1.0	-1.0	-1.0	-1.0	3	3	2	2	1	101	359941827	652	340	882	469	263.71	0	23.00	0.00	0.00	0.00
1	11	ÄÐ	0	20.00	0	1	1	1	0	-1	23.00	5	1.0	2.0	3.0	4.0	5.0	-1.0	-1.0	-1.0	-1.0	-1.0	-1.0	-1.0	3	3	2	2	1	102	359941867	652	340	882	469	263.71	0	23.00	0.00	0.00	0.00
1	11	ÄÐ	0	20.00	0	1	1	1	0	-1	23.00	5	1.0	2.0	3.0	4.0	5.0	-1.0	-1.0	-1.0	-1.0	-1.0	-1.0	-1.0	3	3	2	2	1	103	359941907	653	340	882	469	262.83	0	23.00	0.00	0.00	0.00
1	11	ÄÐ	0	20.00	0	1	1	1	0	-1	23.00	5	1.0	2.0	3.0	4.0	5.0	-1.0	-1.0	-1.0	-1.0	-1.0	-1.0	-1.0	3	3	2	2	1	104	359941947	654	340	882	469	261.96	0	23.00	0.00	0.00	0.00
1	11	ÄÐ	0	20.00	0	1	1	1	0	-1	23.00	5	1.0	2.0	3.0	4.0	5.0	-1.0	-1.0	-1.0	-1.0	-1.0	-1.0	-1.0	3	3	2	2	1	105	359941987	655	340	882	469	261.09	0	23.00	0.00	0.00	0.00
1	11	ÄÐ	0	20.00	0	1	1	1	0	-1	23.00	5	1.0	2.0	3.0	4.0	5.0	-1.0	-1.0	-1.0	-1.0	-1.0	-1.0	-1.0	3	3	2	2	1	106	359942027	656	340	882	469	260.22	0	23.00	0.00	0.00	0.00
1	11	ÄÐ	0	20.00	0	1	1	1	0	-1	23.00	5	1.0	2.0	3.0	4.0	5.0	-1.0	-1.0	-1.0	-1.0	-1.0	-1.0	-1.0	3	3	2	2	1	107	359942067	657	340	882	469	259.36	0	23.00	0.00	0.00	0.00
1	11	ÄÐ	0	20.00	0	1	1	1	0	-1	23.00	5	1.0	2.0	3.0	4.0	5.0	-1.0	-1.0	-1.0	-1.0	-1.0	-1.0	-1.0	3	3	2	2	1	108	359942107	658	340	882	469	258.49	0	23.00	0.00	0.00	0.00
1	11	ÄÐ	0	20.00	0	1	1	1	0	-1	23.00	5	1.0	2.0	3.0	4.0	5.0	-1.0	-1.0	-1.0	-1.0	-1.0	-1.0	-1.0	3	3	2	2	1	109	359942147	659	340	882	469	257.62	0	23.00	0.00	0.00	0.00
1	11	ÄÐ	0	20.00	0	1	1	1	0	-1	23.00	5	1.0	2.0	3.0	4.0	5.0	-1.0	-1.0	-1.0	-1.0	-1.0	-1.0	-1.0	3	3	2	2	1	110	359942187	660	340	882	469	256.76	0	23.00	0.00	0.00	0.00
1	11	ÄÐ	0	20.00	0	1	1	1	0	-1	23.00	5	1.0	2.0	3.0	4.0	5.0	-1.0	-1.0	-1.0	-1.0	-1.0	-1.0	-1.0	3	3	2	2	1	111	359942227	661	340	882	469	255.89	0	23.00	0.00	0.00	0.00
1	11	ÄÐ	0	20.00	0	1	1	1	0	-1	23.00	5	1.0	2.0	3.0	4.0	5.0	-1.0	-1.0	-1.0	-1.0	-1.0	-1.0	-1.0	3	3	2	2	1	112	359942267	662	340	882	469	255.03	0	23.00	0.00	0.00	0.00
1	11	ÄÐ	0	20.00	0	1	1	1	0	-1	23.00	5	1.0	2.0	3.0	4.0	5.0	-1.0	-1.0	-1.0	-1.0	-1.0	-1.0	-1.0	3	3	2	2	1	113	359942307	663	340	882	469	254.17	0	23.00	0.00	0.00	0.00
1	11	ÄÐ	0	20.00	0	1	1	1	0	-1	23.00	5	1.0	2.0	3.0	4.0	5.0	-1.0	-1.0	-1.0	-1.0	-1.0	-1.0	-1.0	3	3	2	2	1	114	359942347	663	340	882	469	254.17	0	23.00	0.00	0.00	0.00
1	11	ÄÐ	0	20.00	0	1	1	1	0	-1	23.00	5	1.0	2.0	3.0	4.0	5.0	-1.0	-1.0	-1.0	-1.0	-1.0	-1.0	-1.0	3	3	2	2	1	115	359942387	664	340	882	469	253.31	0	23.00	0.00	0.00	0.00
1	11	ÄÐ	0	20.00	0	1	1	1	0	-1	23.00	5	1.0	2.0	3.0	4.0	5.0	-1.0	-1.0	-1.0	-1.0	-1.0	-1.0	-1.0	3	3	2	2	1	116	359942427	665	340	882	469	252.45	0	23.00	0.00	0.00	0.00
1	11	ÄÐ	0	20.00	0	1	1	1	0	-1	23.00	5	1.0	2.0	3.0	4.0	5.0	-1.0	-1.0	-1.0	-1.0	-1.0	-1.0	-1.0	3	3	2	2	1	117	359942467	666	340	882	469	251.59	0	23.00	0.00	0.00	0.00
1	11	ÄÐ	0	20.00	0	1	1	1	0	-1	23.00	5	1.0	2.0	3.0	4.0	5.0	-1.0	-1.0	-1.0	-1.0	-1.0	-1.0	-1.0	3	3	2	2	1	118	359942507	667	340	882	469	250.73	0	23.00	0.00	0.00	0.00
1	11	ÄÐ	0	20.00	0	1	1	1	0	-1	23.00	5	1.0	2.0	3.0	4.0	5.0	-1.0	-1.0	-1.0	-1.0	-1.0	-1.0	-1.0	3	3	2	2	1	119	359942547	668	340	882	469	249.87	0	23.00	0.00	0.00	0.00
1	11	ÄÐ	0	20.00	0	1	1	1	0	-1	23.00	5	1.0	2.0	3.0	4.0	5.0	-1.0	-1.0	-1.0	-1.0	-1.0	-1.0	-1.0	3	3	2	2	1	120	359942587	669	340	882	469	249.02	0	23.00	0.00	0.00	0.00
1	11	ÄÐ	0	20.00	0	1	1	1	0	-1	23.00	5	1.0	2.0	3.0	4.0	5.0	-1.0	-1.0	-1.0	-1.0	-1.0	-1.0	-1.0	3	3	2	2	1	121	359942627	670	340	882	469	248.16	0	23.00	0.00	0.00	0.00
1	11	ÄÐ	0	20.00	0	1	1	1	0	-1	23.00	5	1.0	2.0	3.0	4.0	5.0	-1.0	-1.0	-1.0	-1.0	-1.0	-1.0	-1.0	3	3	2	2	1	122	359942667	671	340	882	469	247.31	0	23.00	0.00	0.00	0.00
1	11	ÄÐ	0	20.00	0	1	1	1	0	-1	23.00	5	1.0	2.0	3.0	4.0	5.0	-1.0	-1.0	-1.0	-1.0	-1.0	-1.0	-1.0	3	3	2	2	1	123	359942707	672	340	882	469	246.46	0	23.00	0.00	0.00	0.00
1	11	ÄÐ	0	20.00	0	1	1	1	0	-1	23.00	5	1.0	2.0	3.0	4.0	5.0	-1.0	-1.0	-1.0	-1.0	-1.0	-1.0	-1.0	3	3	2	2	1	124	359942747	673	340	882	469	245.61	0	23.00	0.00	0.00	0.00
1	11	ÄÐ	0	20.00	0	1	1	1	0	-1	23.00	5	1.0	2.0	3.0	4.0	5.0	-1.0	-1.0	-1.0	-1.0	-1.0	-1.0	-1.0	3	3	2	2	1	125	359942787	674	340	882	469	244.75	0	23.00	0.00	0.00	0.00
1	11	ÄÐ	0	20.00	0	1	1	1	0	-1	23.00	5	1.0	2.0	3.0	4.0	5.0	-1.0	-1.0	-1.0	-1.0	-1.0	-1.0	-1.0	3	3	2	2	1	126	359942827	675	340	882	469	243.91	0	23.00	0.00	0.00	0.00
1	11	ÄÐ	0	20.00	0	1	1	1	0	-1	23.00	5	1.0	2.0	3.0	4.0	5.0	-1.0	-1.0	-1.0	-1.0	-1.0	-1.0	-1.0	3	3	2	2	1	127	359942867	675	340	882	469	243.91	0	23.00	0.00	0.00	0.00
1	11	ÄÐ	0	20.00	0	1	1	1	0	-1	23.00	5	1.0	2.0	3.0	4.0	5.0	-1.0	-1.0	-1.0	-1.0	-1.0	-1.0	-1.0	3	3	2	2	1	128	359942907	676	340	882	469	243.06	0	23.00	0.00	0.00	0.00
1	11	ÄÐ	0	20.00	0	1	1	1	0	-1	23.00	5	1.0	2.0	3.0	4.0	5.0	-1.0	-1.0	-1.0	-1.0	-1.0	-1.0	-1.0	3	3	2	2	1	129	359942947	677	340	882	469	242.21	0	23.00	0.00	0.00	0.00
1	11	ÄÐ	0	20.00	0	1	1	1	0	-1	23.00	5	1.0	2.0	3.0	4.0	5.0	-1.0	-1.0	-1.0	-1.0	-1.0	-1.0	-1.0	3	3	2	2	1	130	359942987	678	340	882	469	241.36	0	23.00	0.00	0.00	0.00
1	11	ÄÐ	0	20.00	0	1	1	1	0	-1	23.00	5	1.0	2.0	3.0	4.0	5.0	-1.0	-1.0	-1.0	-1.0	-1.0	-1.0	-1.0	3	3	2	2	1	131	359943027	679	340	882	469	240.52	0	23.00	0.00	0.00	0.00
1	11	ÄÐ	0	20.00	0	1	1	1	0	-1	23.00	5	1.0	2.0	3.0	4.0	5.0	-1.0	-1.0	-1.0	-1.0	-1.0	-1.0	-1.0	3	3	2	2	1	132	359943067	680	340	882	469	239.68	0	23.00	0.00	0.00	-115.00
1	11	ÄÐ	0	20.00	0	1	1	1	0	-1	23.00	5	1.0	2.0	3.0	4.0	5.0	-1.0	-1.0	-1.0	-1.0	-1.0	-1.0	-1.0	3	3	2	2	1	133	359943107	681	340	882	465	236.70	0	23.00	0.00	-103.00	-200.00
1	11	ÄÐ	0	20.00	0	1	1	1	0	-1	23.00	5	1.0	2.0	3.0	4.0	5.0	-1.0	-1.0	-1.0	-1.0	-1.0	-1.0	-1.0	3	3	2	2	1	134	359943147	682	340	878	457	228.27	0	23.00	0.00	-199.00	-200.00
1	11	ÄÐ	0	20.00	0	1	1	1	0	-1	23.00	5	1.0	2.0	3.0	4.0	5.0	-1.0	-1.0	-1.0	-1.0	-1.0	-1.0	-1.0	3	3	2	2	1	135	359943187	683	340	870	449	216.45	0	23.00	0.00	-199.00	-200.00
1	11	ÄÐ	0	20.00	0	1	1	1	0	-1	23.00	5	1.0	2.0	3.0	4.0	5.0	-1.0	-1.0	-1.0	-1.0	-1.0	-1.0	-1.0	3	3	2	2	1	136	359943227	684	340	862	441	204.66	0	23.00	0.00	-200.00	-200.00
1	11	ÄÐ	0	20.00	0	1	1	1	0	-1	23.00	5	1.0	2.0	3.0	4.0	5.0	-1.0	-1.0	-1.0	-1.0	-1.0	-1.0	-1.0	3	3	2	2	1	137	359943267	685	340	854	433	192.90	0	23.00	0.00	-200.00	-200.00
1	11	ÄÐ	0	20.00	0	1	1	1	0	-1	23.00	5	1.0	2.0	3.0	4.0	5.0	-1.0	-1.0	-1.0	-1.0	-1.0	-1.0	-1.0	3	3	2	2	1	138	359943307	686	340	846	425	181.18	0	23.00	0.00	-174.00	-200.00
1	11	ÄÐ	0	20.00	0	1	1	1	0	-1	23.00	5	1.0	2.0	3.0	4.0	5.0	-1.0	-1.0	-1.0	-1.0	-1.0	-1.0	-1.0	3	3	2	2	1	139	359943347	686	340	839	417	171.28	0	23.00	0.00	-32.00	-174.00
1	11	ÄÐ	0	20.00	0	1	1	1	0	-1	23.00	5	1.0	2.0	3.0	4.0	5.0	-1.0	-1.0	-1.0	-1.0	-1.0	-1.0	-1.0	3	3	2	2	1	140	359943387	687	340	837	410	165.53	0	23.00	0.00	0.00	0.00
1	11	ÄÐ	0	20.00	0	1	1	1	0	-1	23.00	5	1.0	2.0	3.0	4.0	5.0	-1.0	-1.0	-1.0	-1.0	-1.0	-1.0	-1.0	3	3	2	2	1	141	359943427	688	340	837	410	164.62	0	23.00	0.00	0.00	0.00
1	11	ÄÐ	0	20.00	0	1	1	1	0	-1	23.00	5	1.0	2.0	3.0	4.0	5.0	-1.0	-1.0	-1.0	-1.0	-1.0	-1.0	-1.0	3	3	2	2	1	142	359943467	689	340	837	410	163.72	0	23.00	0.00	0.00	0.00
1	11	ÄÐ	0	20.00	0	1	1	1	0	-1	23.00	5	1.0	2.0	3.0	4.0	5.0	-1.0	-1.0	-1.0	-1.0	-1.0	-1.0	-1.0	3	3	2	2	1	143	359943507	690	340	837	410	162.82	0	23.00	0.00	0.00	0.00
1	11	ÄÐ	0	20.00	0	1	1	1	0	-1	23.00	5	1.0	2.0	3.0	4.0	5.0	-1.0	-1.0	-1.0	-1.0	-1.0	-1.0	-1.0	3	3	2	2	1	144	359943547	691	340	837	410	161.91	0	23.00	0.00	0.00	0.00
1	11	ÄÐ	0	20.00	0	1	1	1	0	-1	23.00	5	1.0	2.0	3.0	4.0	5.0	-1.0	-1.0	-1.0	-1.0	-1.0	-1.0	-1.0	3	3	2	2	1	145	359943587	692	340	837	410	161.01	0	23.00	0.00	0.00	0.00
1	11	ÄÐ	0	20.00	0	1	1	1	0	-1	23.00	5	1.0	2.0	3.0	4.0	5.0	-1.0	-1.0	-1.0	-1.0	-1.0	-1.0	-1.0	3	3	2	2	1	146	359943627	693	340	837	410	160.11	0	23.00	0.00	0.00	0.00
1	11	ÄÐ	0	20.00	0	1	1	1	0	-1	23.00	5	1.0	2.0	3.0	4.0	5.0	-1.0	-1.0	-1.0	-1.0	-1.0	-1.0	-1.0	3	3	2	2	1	147	359943667	694	340	837	410	159.21	0	23.00	0.00	0.00	0.00
1	11	ÄÐ	0	20.00	0	1	1	1	0	-1	23.00	5	1.0	2.0	3.0	4.0	5.0	-1.0	-1.0	-1.0	-1.0	-1.0	-1.0	-1.0	3	3	2	2	1	148	359943707	695	340	837	410	158.32	0	23.00	0.00	0.00	0.00
1	11	ÄÐ	0	20.00	0	1	1	1	0	-1	23.00	5	1.0	2.0	3.0	4.0	5.0	-1.0	-1.0	-1.0	-1.0	-1.0	-1.0	-1.0	3	3	2	2	1	149	359943747	696	340	837	410	157.42	0	23.00	0.00	0.00	0.00
1	11	ÄÐ	0	20.00	0	1	1	1	0	-1	23.00	5	1.0	2.0	3.0	4.0	5.0	-1.0	-1.0	-1.0	-1.0	-1.0	-1.0	-1.0	3	3	2	2	1	150	359943787	697	340	837	410	156.52	0	23.00	0.00	0.00	0.00
1	11	ÄÐ	0	20.00	0	1	1	1	0	-1	23.00	5	1.0	2.0	3.0	4.0	5.0	-1.0	-1.0	-1.0	-1.0	-1.0	-1.0	-1.0	3	3	2	2	1	151	359943827	698	340	837	410	155.63	0	23.00	0.00	0.00	0.00
1	11	ÄÐ	0	20.00	0	1	1	1	0	-1	23.00	5	1.0	2.0	3.0	4.0	5.0	-1.0	-1.0	-1.0	-1.0	-1.0	-1.0	-1.0	3	3	2	2	1	152	359943867	698	340	837	410	155.63	0	23.00	0.00	0.00	0.00
1	11	ÄÐ	0	20.00	0	1	1	1	0	-1	23.00	5	1.0	2.0	3.0	4.0	5.0	-1.0	-1.0	-1.0	-1.0	-1.0	-1.0	-1.0	3	3	2	2	1	153	359943907	699	340	837	410	154.74	0	23.00	0.00	-100.00	-71.00
1	11	ÄÐ	0	20.00	0	1	1	1	0	-1	23.00	5	1.0	2.0	3.0	4.0	5.0	-1.0	-1.0	-1.0	-1.0	-1.0	-1.0	-1.0	3	3	2	2	1	154	359943947	700	340	833	407	148.92	0	23.00	0.00	-200.00	-200.00
1	11	ÄÐ	0	20.00	0	1	1	1	0	-1	23.00	5	1.0	2.0	3.0	4.0	5.0	-1.0	-1.0	-1.0	-1.0	-1.0	-1.0	-1.0	3	3	2	2	1	155	359943987	701	340	825	399	137.32	0	23.00	0.00	-200.00	-158.00
1	11	ÄÐ	0	20.00	0	1	1	1	0	-1	23.00	5	1.0	2.0	3.0	4.0	5.0	-1.0	-1.0	-1.0	-1.0	-1.0	-1.0	-1.0	3	3	2	2	1	156	359944027	702	340	817	393	126.63	0	23.00	0.00	-200.00	-139.00
1	11	ÄÐ	0	20.00	0	1	1	1	0	-1	23.00	5	1.0	2.0	3.0	4.0	5.0	-1.0	-1.0	-1.0	-1.0	-1.0	-1.0	-1.0	3	3	2	2	1	157	359944067	703	340	809	387	115.95	0	23.00	0.00	-200.00	-141.00
1	11	ÄÐ	0	20.00	0	1	1	1	0	-1	23.00	5	1.0	2.0	3.0	4.0	5.0	-1.0	-1.0	-1.0	-1.0	-1.0	-1.0	-1.0	3	3	2	2	1	158	359944107	704	340	801	381	105.31	0	23.00	0.00	-200.00	-139.00
1	11	ÄÐ	0	20.00	0	1	1	1	0	-1	23.00	5	1.0	2.0	3.0	4.0	5.0	-1.0	-1.0	-1.0	-1.0	-1.0	-1.0	-1.0	3	3	2	2	1	159	359944147	705	340	793	376	95.08	0	23.00	0.00	-200.00	-139.00
1	11	ÄÐ	0	20.00	0	1	1	1	0	-1	23.00	5	1.0	2.0	3.0	4.0	5.0	-1.0	-1.0	-1.0	-1.0	-1.0	-1.0	-1.0	3	3	2	2	1	160	359944187	706	340	785	370	84.50	0	23.00	0.00	-200.00	-106.00
1	11	ÄÐ	0	20.00	0	1	1	1	0	-1	23.00	5	1.0	2.0	3.0	4.0	5.0	-1.0	-1.0	-1.0	-1.0	-1.0	-1.0	-1.0	3	3	2	2	1	161	359944227	707	340	777	366	74.67	0	23.00	0.00	0.00	0.00
1	11	ÄÐ	0	20.00	0	1	1	1	0	-1	23.00	5	1.0	2.0	3.0	4.0	5.0	-1.0	-1.0	-1.0	-1.0	-1.0	-1.0	-1.0	3	3	2	2	1	162	359944267	708	340	777	366	73.74	0	23.00	0.00	0.00	0.00
1	11	ÄÐ	0	20.00	0	1	1	1	0	-1	23.00	5	1.0	2.0	3.0	4.0	5.0	-1.0	-1.0	-1.0	-1.0	-1.0	-1.0	-1.0	3	3	2	2	1	163	359944307	709	340	777	366	72.80	0	23.00	0.00	0.00	0.00
1	11	ÄÐ	0	20.00	0	1	1	1	0	-1	23.00	5	1.0	2.0	3.0	4.0	5.0	-1.0	-1.0	-1.0	-1.0	-1.0	-1.0	-1.0	3	3	2	2	1	164	359944347	709	340	777	366	72.80	0	23.00	0.00	0.00	0.00
1	11	ÄÐ	0	20.00	0	1	1	1	0	-1	23.00	5	1.0	2.0	3.0	4.0	5.0	-1.0	-1.0	-1.0	-1.0	-1.0	-1.0	-1.0	3	3	2	2	1	165	359944387	710	340	777	366	71.87	0	23.00	0.00	0.00	0.00
1	11	ÄÐ	0	20.00	0	1	1	1	0	-1	23.00	5	1.0	2.0	3.0	4.0	5.0	-1.0	-1.0	-1.0	-1.0	-1.0	-1.0	-1.0	3	3	2	2	1	166	359944427	711	340	777	366	70.94	0	23.00	0.00	0.00	0.00
1	11	ÄÐ	0	20.00	0	1	1	1	0	-1	23.00	5	1.0	2.0	3.0	4.0	5.0	-1.0	-1.0	-1.0	-1.0	-1.0	-1.0	-1.0	3	3	2	2	1	167	359944467	712	340	777	366	70.01	0	23.00	0.00	0.00	0.00
1	11	ÄÐ	0	20.00	0	1	1	1	0	-1	23.00	5	1.0	2.0	3.0	4.0	5.0	-1.0	-1.0	-1.0	-1.0	-1.0	-1.0	-1.0	3	3	2	2	1	168	359944507	713	340	777	366	69.08	0	23.00	0.00	0.00	0.00
1	11	ÄÐ	0	20.00	0	1	1	1	0	-1	23.00	5	1.0	2.0	3.0	4.0	5.0	-1.0	-1.0	-1.0	-1.0	-1.0	-1.0	-1.0	3	3	2	2	1	169	359944547	714	340	777	366	68.15	0	23.00	0.00	0.00	0.00
1	11	ÄÐ	0	20.00	0	1	1	1	0	-1	23.00	5	1.0	2.0	3.0	4.0	5.0	-1.0	-1.0	-1.0	-1.0	-1.0	-1.0	-1.0	3	3	2	2	1	170	359944587	715	340	777	366	67.23	0	23.00	0.00	0.00	0.00
1	11	ÄÐ	0	20.00	0	1	1	1	0	-1	23.00	5	1.0	2.0	3.0	4.0	5.0	-1.0	-1.0	-1.0	-1.0	-1.0	-1.0	-1.0	3	3	2	2	1	171	359944627	716	340	777	366	66.31	0	23.00	0.00	0.00	0.00
1	11	ÄÐ	0	20.00	0	1	1	1	0	-1	23.00	5	1.0	2.0	3.0	4.0	5.0	-1.0	-1.0	-1.0	-1.0	-1.0	-1.0	-1.0	3	3	2	2	1	172	359944667	717	340	777	366	65.39	0	23.00	0.00	0.00	0.00
1	11	ÄÐ	0	20.00	0	1	1	1	0	-1	23.00	5	1.0	2.0	3.0	4.0	5.0	-1.0	-1.0	-1.0	-1.0	-1.0	-1.0	-1.0	3	3	2	2	1	173	359944707	718	340	777	366	64.47	0	23.00	0.00	0.00	0.00
1	11	ÄÐ	0	20.00	0	1	1	1	0	-1	23.00	5	1.0	2.0	3.0	4.0	5.0	-1.0	-1.0	-1.0	-1.0	-1.0	-1.0	-1.0	3	3	2	2	1	174	359944747	719	340	777	366	63.56	0	23.00	0.00	0.00	0.00
1	11	ÄÐ	0	20.00	0	1	1	1	0	-1	23.00	5	1.0	2.0	3.0	4.0	5.0	-1.0	-1.0	-1.0	-1.0	-1.0	-1.0	-1.0	3	3	2	2	1	175	359944787	720	340	777	366	62.65	0	23.00	0.00	0.00	0.00
1	11	ÄÐ	0	20.00	0	1	1	1	0	-1	23.00	5	1.0	2.0	3.0	4.0	5.0	-1.0	-1.0	-1.0	-1.0	-1.0	-1.0	-1.0	3	3	2	2	1	176	359944827	721	340	777	366	61.74	0	23.00	0.00	-56.00	0.00
1	11	ÄÐ	0	20.00	0	1	1	1	0	-1	23.00	5	1.0	2.0	3.0	4.0	5.0	-1.0	-1.0	-1.0	-1.0	-1.0	-1.0	-1.0	3	3	2	2	1	177	359944867	721	340	775	366	59.93	0	23.00	0.00	-200.00	-130.00
1	11	ÄÐ	0	20.00	0	1	1	1	0	-1	23.00	5	1.0	2.0	3.0	4.0	5.0	-1.0	-1.0	-1.0	-1.0	-1.0	-1.0	-1.0	3	3	2	2	1	178	359944907	722	340	767	361	49.66	0	23.00	0.00	-200.00	-197.00
1	11	ÄÐ	0	20.00	0	1	1	1	0	-1	23.00	5	1.0	2.0	3.0	4.0	5.0	-1.0	-1.0	-1.0	-1.0	-1.0	-1.0	-1.0	3	3	2	2	1	179	359944947	723	340	759	353	38.28	0	23.00	0.00	-200.00	-200.00
1	11	ÄÐ	0	20.00	0	1	1	1	0	-1	23.00	5	1.0	2.0	3.0	4.0	5.0	-1.0	-1.0	-1.0	-1.0	-1.0	-1.0	-1.0	3	3	2	2	1	180	359944987	724	340	751	345	27.46	0	23.00	0.00	-200.00	-200.00
1	11	ÄÐ	0	20.00	0	1	1	1	0	-1	23.00	5	1.0	2.0	3.0	4.0	5.0	-1.0	-1.0	-1.0	-1.0	-1.0	-1.0	-1.0	3	3	2	2	1	181	359945027	725	340	743	337	18.25	1	23.00	0.00	-52.00	-38.00
1	11	ÄÐ	0	20.00	0	1	1	1	0	-1	23.00	5	1.0	2.0	3.0	4.0	5.0	-1.0	-1.0	-1.0	-1.0	-1.0	-1.0	-1.0	3	3	2	2	1	182	359945067	726	340	741	335	15.81	1	23.00	0.00	0.00	0.00
1	11	ÄÐ	0	20.00	0	1	1	1	0	-1	23.00	5	1.0	2.0	3.0	4.0	5.0	-1.0	-1.0	-1.0	-1.0	-1.0	-1.0	-1.0	3	3	2	2	1	183	359945107	727	340	741	335	14.87	1	23.00	0.00	0.00	0.00
1	11	ÄÐ	0	20.00	0	1	1	1	0	-1	23.00	5	1.0	2.0	3.0	4.0	5.0	-1.0	-1.0	-1.0	-1.0	-1.0	-1.0	-1.0	3	3	2	2	1	184	359945147	728	340	741	335	13.93	1	23.00	0.00	0.00	0.00
1	11	ÄÐ	0	20.00	0	1	1	1	0	-1	23.00	5	1.0	2.0	3.0	4.0	5.0	-1.0	-1.0	-1.0	-1.0	-1.0	-1.0	-1.0	3	3	2	2	1	185	359945187	729	340	741	335	13.00	1	23.00	0.00	0.00	0.00
1	11	ÄÐ	0	20.00	0	1	1	1	0	-1	23.00	5	1.0	2.0	3.0	4.0	5.0	-1.0	-1.0	-1.0	-1.0	-1.0	-1.0	-1.0	3	3	2	2	1	186	359945227	730	340	741	335	12.08	1	23.00	0.00	0.00	0.00
1	11	ÄÐ	0	20.00	0	1	1	1	0	-1	23.00	5	1.0	2.0	3.0	4.0	5.0	-1.0	-1.0	-1.0	-1.0	-1.0	-1.0	-1.0	3	3	2	2	1	187	359945267	731	340	741	335	11.18	1	23.00	0.00	0.00	0.00
1	11	ÄÐ	0	20.00	0	1	1	1	0	-1	23.00	5	1.0	2.0	3.0	4.0	5.0	-1.0	-1.0	-1.0	-1.0	-1.0	-1.0	-1.0	3	3	2	2	1	188	359945307	732	340	741	335	10.30	1	23.00	0.00	0.00	0.00
1	11	ÄÐ	0	20.00	0	1	1	1	0	-1	23.00	5	1.0	2.0	3.0	4.0	5.0	-1.0	-1.0	-1.0	-1.0	-1.0	-1.0	-1.0	3	3	2	2	1	189	359945347	732	340	741	335	10.30	1	23.00	0.00	0.00	0.00
1	11	ÄÐ	0	20.00	0	1	1	1	0	-1	23.00	5	1.0	2.0	3.0	4.0	5.0	-1.0	-1.0	-1.0	-1.0	-1.0	-1.0	-1.0	3	3	2	2	1	190	359945387	733	340	741	335	9.43	1	23.00	0.00	0.00	0.00
1	11	ÄÐ	0	20.00	0	1	1	1	0	-1	23.00	5	1.0	2.0	3.0	4.0	5.0	-1.0	-1.0	-1.0	-1.0	-1.0	-1.0	-1.0	3	3	2	2	1	191	359945427	734	340	741	335	8.60	1	23.00	0.00	0.00	0.00
1	11	ÄÐ	0	20.00	0	1	1	1	0	-1	23.00	5	1.0	2.0	3.0	4.0	5.0	-1.0	-1.0	-1.0	-1.0	-1.0	-1.0	-1.0	3	3	2	2	1	192	359945467	735	340	741	335	7.81	1	23.00	0.00	0.00	0.00
1	11	ÄÐ	0	20.00	0	1	1	1	0	-1	23.00	5	1.0	2.0	3.0	4.0	5.0	-1.0	-1.0	-1.0	-1.0	-1.0	-1.0	-1.0	3	3	2	2	1	193	359945507	736	340	741	335	7.07	1	23.00	0.00	0.00	0.00
1	11	ÄÐ	0	20.00	0	1	1	1	0	-1	23.00	5	1.0	2.0	3.0	4.0	5.0	-1.0	-1.0	-1.0	-1.0	-1.0	-1.0	-1.0	3	3	2	2	1	194	359945547	737	340	741	335	6.40	1	23.00	0.00	0.00	0.00
1	11	ÄÐ	0	20.00	0	1	1	1	0	-1	23.00	5	1.0	2.0	3.0	4.0	5.0	-1.0	-1.0	-1.0	-1.0	-1.0	-1.0	-1.0	3	3	2	2	1	195	359945587	738	340	741	335	5.83	1	23.00	0.00	0.00	0.00
1	11	ÄÐ	0	20.00	0	1	1	1	0	-1	23.00	5	1.0	2.0	3.0	4.0	5.0	-1.0	-1.0	-1.0	-1.0	-1.0	-1.0	-1.0	3	3	2	2	1	196	359945627	739	340	741	335	5.39	1	23.00	0.00	0.00	0.00
1	11	ÄÐ	0	20.00	0	1	1	1	0	-1	23.00	5	1.0	2.0	3.0	4.0	5.0	-1.0	-1.0	-1.0	-1.0	-1.0	-1.0	-1.0	3	3	2	2	1	197	359945667	740	340	741	335	5.10	1	23.00	0.00	0.00	0.00
1	11	ÄÐ	0	20.00	0	1	1	1	0	-1	23.00	5	1.0	2.0	3.0	4.0	5.0	-1.0	-1.0	-1.0	-1.0	-1.0	-1.0	-1.0	3	3	2	2	1	198	359945707	741	340	741	335	5.00	1	23.00	0.00	0.00	0.00
1	11	ÄÐ	0	20.00	0	1	1	1	0	-1	23.00	5	1.0	2.0	3.0	4.0	5.0	-1.0	-1.0	-1.0	-1.0	-1.0	-1.0	-1.0	3	3	2	2	1	199	359945747	742	340	741	335	5.10	1	23.00	0.00	0.00	0.00
1	11	ÄÐ	0	20.00	0	1	1	1	0	-1	23.00	5	1.0	2.0	3.0	4.0	5.0	-1.0	-1.0	-1.0	-1.0	-1.0	-1.0	-1.0	3	3	2	2	1	200	359945787	743	340	741	335	5.39	1	23.00	0.00	0.00	0.00
1	11	ÄÐ	0	20.00	0	1	1	1	0	-1	23.00	5	1.0	2.0	3.0	4.0	5.0	-1.0	-1.0	-1.0	-1.0	-1.0	-1.0	-1.0	3	3	2	2	1	201	359945827	744	340	741	335	5.83	1	23.00	0.00	0.00	0.00
1	11	ÄÐ	0	20.00	0	1	1	1	0	-1	23.00	5	1.0	2.0	3.0	4.0	5.0	-1.0	-1.0	-1.0	-1.0	-1.0	-1.0	-1.0	3	3	2	2	1	202	359945867	744	340	741	335	5.83	1	23.00	0.00	0.00	0.00
1	11	ÄÐ	0	20.00	0	1	1	1	0	-1	23.00	5	1.0	2.0	3.0	4.0	5.0	-1.0	-1.0	-1.0	-1.0	-1.0	-1.0	-1.0	3	3	2	2	1	203	359945907	745	340	741	335	6.40	1	23.00	0.00	0.00	0.00
1	11	ÄÐ	0	20.00	0	1	1	1	0	-1	23.00	5	1.0	2.0	3.0	4.0	5.0	-1.0	-1.0	-1.0	-1.0	-1.0	-1.0	-1.0	3	3	2	2	1	204	359945947	746	340	741	335	7.07	1	23.00	0.00	0.00	0.00
1	11	ÄÐ	0	20.00	0	1	1	1	0	-1	23.00	5	1.0	2.0	3.0	4.0	5.0	-1.0	-1.0	-1.0	-1.0	-1.0	-1.0	-1.0	3	3	2	2	1	205	359945987	747	340	741	335	7.81	1	23.00	0.00	0.00	0.00
1	11	ÄÐ	0	20.00	0	1	1	1	0	-1	23.00	5	1.0	2.0	3.0	4.0	5.0	-1.0	-1.0	-1.0	-1.0	-1.0	-1.0	-1.0	3	3	2	2	1	206	359946027	748	340	741	335	8.60	1	23.00	0.00	0.00	0.00
1	11	ÄÐ	0	20.00	0	1	1	1	0	-1	23.00	5	1.0	2.0	3.0	4.0	5.0	-1.0	-1.0	-1.0	-1.0	-1.0	-1.0	-1.0	3	3	2	2	1	207	359946067	749	340	741	335	9.43	1	23.00	0.00	0.00	0.00
1	11	ÄÐ	0	20.00	0	1	1	1	0	-1	23.00	5	1.0	2.0	3.0	4.0	5.0	-1.0	-1.0	-1.0	-1.0	-1.0	-1.0	-1.0	3	3	2	2	1	208	359946107	750	340	741	335	10.30	1	23.00	0.00	0.00	0.00
1	11	ÄÐ	0	20.00	0	1	1	1	0	-1	23.00	5	1.0	2.0	3.0	4.0	5.0	-1.0	-1.0	-1.0	-1.0	-1.0	-1.0	-1.0	3	3	2	2	1	209	359946147	751	340	741	335	11.18	1	23.00	0.00	0.00	0.00
1	11	ÄÐ	0	20.00	0	1	1	1	0	-1	23.00	5	1.0	2.0	3.0	4.0	5.0	-1.0	-1.0	-1.0	-1.0	-1.0	-1.0	-1.0	3	3	2	2	1	210	359946187	752	340	741	335	12.08	1	23.00	0.00	0.00	0.00
1	11	ÄÐ	0	20.00	0	1	1	1	0	-1	23.00	5	1.0	2.0	3.0	4.0	5.0	-1.0	-1.0	-1.0	-1.0	-1.0	-1.0	-1.0	3	3	2	2	1	211	359946227	753	340	741	335	13.00	1	23.00	0.00	0.00	0.00
1	11	ÄÐ	0	20.00	0	1	1	1	0	-1	23.00	5	1.0	2.0	3.0	4.0	5.0	-1.0	-1.0	-1.0	-1.0	-1.0	-1.0	-1.0	3	3	2	2	1	212	359946267	754	340	741	335	13.93	1	23.00	0.00	0.00	0.00
1	11	ÄÐ	0	20.00	0	1	1	1	0	-1	23.00	5	1.0	2.0	3.0	4.0	5.0	-1.0	-1.0	-1.0	-1.0	-1.0	-1.0	-1.0	3	3	2	2	1	213	359946307	755	340	741	335	14.87	1	23.00	0.00	0.00	0.00
1	11	ÄÐ	0	20.00	0	1	1	1	0	-1	23.00	5	1.0	2.0	3.0	4.0	5.0	-1.0	-1.0	-1.0	-1.0	-1.0	-1.0	-1.0	3	3	2	2	1	214	359946347	755	340	741	335	14.87	1	23.00	0.00	0.00	0.00
1	11	ÄÐ	0	20.00	0	1	1	1	0	-1	23.00	5	1.0	2.0	3.0	4.0	5.0	-1.0	-1.0	-1.0	-1.0	-1.0	-1.0	-1.0	3	3	2	2	1	215	359946387	756	340	741	335	15.81	1	23.00	0.00	0.00	0.00
1	11	ÄÐ	0	20.00	0	1	1	1	0	-1	23.00	5	1.0	2.0	3.0	4.0	5.0	-1.0	-1.0	-1.0	-1.0	-1.0	-1.0	-1.0	3	3	2	2	1	216	359946427	757	340	741	335	16.76	1	23.00	0.00	0.00	0.00
1	11	ÄÐ	0	20.00	0	1	1	1	0	-1	23.00	5	1.0	2.0	3.0	4.0	5.0	-1.0	-1.0	-1.0	-1.0	-1.0	-1.0	-1.0	3	3	2	2	1	217	359946467	758	340	741	335	17.72	1	23.00	0.00	0.00	0.00
1	11	ÄÐ	0	20.00	0	1	1	1	0	-1	23.00	5	1.0	2.0	3.0	4.0	5.0	-1.0	-1.0	-1.0	-1.0	-1.0	-1.0	-1.0	3	3	2	2	1	218	359946507	759	340	741	335	18.68	1	23.00	0.00	0.00	0.00
1	11	ÄÐ	0	20.00	0	1	1	1	0	-1	23.00	5	1.0	2.0	3.0	4.0	5.0	-1.0	-1.0	-1.0	-1.0	-1.0	-1.0	-1.0	3	3	2	2	1	219	359946547	760	340	741	335	19.65	1	23.00	0.00	0.00	0.00
1	11	ÄÐ	0	20.00	0	1	1	1	0	-1	23.00	5	1.0	2.0	3.0	4.0	5.0	-1.0	-1.0	-1.0	-1.0	-1.0	-1.0	-1.0	3	3	2	2	1	220	359946587	761	340	741	335	20.62	0	23.00	0.00	0.00	0.00
1	11	ÄÐ	0	20.00	0	1	1	1	0	-1	23.00	5	1.0	2.0	3.0	4.0	5.0	-1.0	-1.0	-1.0	-1.0	-1.0	-1.0	-1.0	3	3	2	2	1	221	359946627	762	340	741	335	21.59	0	23.00	0.00	0.00	0.00
1	11	ÄÐ	0	20.00	0	1	1	1	0	-1	23.00	5	1.0	2.0	3.0	4.0	5.0	-1.0	-1.0	-1.0	-1.0	-1.0	-1.0	-1.0	3	3	2	2	1	222	359946667	763	340	741	335	22.56	0	23.00	0.00	137.00	91.00
1	11	ÄÐ	0	20.00	0	1	1	1	0	-1	23.00	5	1.0	2.0	3.0	4.0	5.0	-1.0	-1.0	-1.0	-1.0	-1.0	-1.0	-1.0	3	3	2	2	1	223	359946707	764	340	747	339	17.03	1	23.00	0.00	200.00	200.00
1	11	ÄÐ	0	20.00	0	1	1	1	0	-1	23.00	5	1.0	2.0	3.0	4.0	5.0	-1.0	-1.0	-1.0	-1.0	-1.0	-1.0	-1.0	3	3	2	2	1	224	359946747	765	340	755	347	12.21	1	23.00	0.00	200.00	200.00
1	11	ÄÐ	0	20.00	0	1	1	1	0	-1	23.00	5	1.0	2.0	3.0	4.0	5.0	-1.0	-1.0	-1.0	-1.0	-1.0	-1.0	-1.0	3	3	2	2	1	225	359946787	766	340	763	355	15.30	1	23.00	0.00	200.00	200.00
1	11	ÄÐ	0	20.00	0	1	1	1	0	-1	23.00	5	1.0	2.0	3.0	4.0	5.0	-1.0	-1.0	-1.0	-1.0	-1.0	-1.0	-1.0	3	3	2	2	1	226	359946827	767	340	771	363	23.35	0	23.00	0.00	200.00	200.00
1	11	ÄÐ	0	20.00	0	1	1	1	0	-1	23.00	5	1.0	2.0	3.0	4.0	5.0	-1.0	-1.0	-1.0	-1.0	-1.0	-1.0	-1.0	3	3	2	2	1	227	359946867	767	340	779	371	33.24	0	23.00	0.00	200.00	200.00
1	11	ÄÐ	0	20.00	0	1	1	1	0	-1	23.00	5	1.0	2.0	3.0	4.0	5.0	-1.0	-1.0	-1.0	-1.0	-1.0	-1.0	-1.0	3	3	2	2	1	228	359946907	768	340	787	379	43.38	0	23.00	0.00	141.00	0.00
1	11	ÄÐ	0	20.00	0	1	1	1	0	-1	23.00	5	1.0	2.0	3.0	4.0	5.0	-1.0	-1.0	-1.0	-1.0	-1.0	-1.0	-1.0	3	3	2	2	1	229	359946947	769	340	792	379	45.28	0	23.00	0.00	50.00	0.00
1	11	ÄÐ	0	20.00	0	1	1	1	0	-1	23.00	5	1.0	2.0	3.0	4.0	5.0	-1.0	-1.0	-1.0	-1.0	-1.0	-1.0	-1.0	3	3	2	2	1	230	359946987	770	340	794	379	45.79	0	23.00	0.00	31.00	0.00
1	11	ÄÐ	0	20.00	0	1	1	1	0	-1	23.00	5	1.0	2.0	3.0	4.0	5.0	-1.0	-1.0	-1.0	-1.0	-1.0	-1.0	-1.0	3	3	2	2	1	231	359947027	771	340	795	379	45.79	0	23.00	0.00	0.00	0.00
1	11	ÄÐ	0	20.00	0	1	1	1	0	-1	23.00	5	1.0	2.0	3.0	4.0	5.0	-1.0	-1.0	-1.0	-1.0	-1.0	-1.0	-1.0	3	3	2	2	1	232	359947067	772	340	795	379	45.28	0	23.00	0.00	0.00	0.00
1	11	ÄÐ	0	20.00	0	1	1	1	0	-1	23.00	5	1.0	2.0	3.0	4.0	5.0	-1.0	-1.0	-1.0	-1.0	-1.0	-1.0	-1.0	3	3	2	2	1	233	359947107	773	340	795	379	44.78	0	23.00	0.00	0.00	0.00
1	11	ÄÐ	0	20.00	0	1	1	1	0	-1	23.00	5	1.0	2.0	3.0	4.0	5.0	-1.0	-1.0	-1.0	-1.0	-1.0	-1.0	-1.0	3	3	2	2	1	234	359947147	774	340	795	379	44.29	0	23.00	0.00	0.00	0.00
1	11	ÄÐ	0	20.00	0	1	1	1	0	-1	23.00	5	1.0	2.0	3.0	4.0	5.0	-1.0	-1.0	-1.0	-1.0	-1.0	-1.0	-1.0	3	3	2	2	1	235	359947187	775	340	795	379	43.83	0	23.00	0.00	0.00	0.00
1	11	ÄÐ	0	20.00	0	1	1	1	0	-1	23.00	5	1.0	2.0	3.0	4.0	5.0	-1.0	-1.0	-1.0	-1.0	-1.0	-1.0	-1.0	3	3	2	2	1	236	359947227	776	340	795	379	43.38	0	23.00	0.00	0.00	0.00
1	11	ÄÐ	0	20.00	0	1	1	1	0	-1	23.00	5	1.0	2.0	3.0	4.0	5.0	-1.0	-1.0	-1.0	-1.0	-1.0	-1.0	-1.0	3	3	2	2	1	237	359947267	777	340	795	379	42.95	0	23.00	0.00	0.00	0.00
1	11	ÄÐ	0	20.00	0	1	1	1	0	-1	23.00	5	1.0	2.0	3.0	4.0	5.0	-1.0	-1.0	-1.0	-1.0	-1.0	-1.0	-1.0	3	3	2	2	1	238	359947307	778	340	795	379	42.54	0	23.00	0.00	0.00	0.00
1	11	ÄÐ	0	20.00	0	1	1	1	0	-1	23.00	5	1.0	2.0	3.0	4.0	5.0	-1.0	-1.0	-1.0	-1.0	-1.0	-1.0	-1.0	3	3	2	2	1	239	359947347	778	340	795	379	42.54	0	23.00	0.00	0.00	0.00
1	11	ÄÐ	0	20.00	0	1	1	1	0	-1	23.00	5	1.0	2.0	3.0	4.0	5.0	-1.0	-1.0	-1.0	-1.0	-1.0	-1.0	-1.0	3	3	2	2	1	240	359947387	779	340	795	379	42.15	0	23.00	0.00	0.00	0.00
1	11	ÄÐ	0	20.00	0	1	1	1	0	-1	23.00	5	1.0	2.0	3.0	4.0	5.0	-1.0	-1.0	-1.0	-1.0	-1.0	-1.0	-1.0	3	3	2	2	1	241	359947427	780	340	795	379	41.79	0	23.00	0.00	0.00	0.00
1	11	ÄÐ	0	20.00	0	1	1	1	0	-1	23.00	5	1.0	2.0	3.0	4.0	5.0	-1.0	-1.0	-1.0	-1.0	-1.0	-1.0	-1.0	3	3	2	2	1	242	359947467	781	340	795	379	41.44	0	23.00	0.00	0.00	0.00
1	11	ÄÐ	0	20.00	0	1	1	1	0	-1	23.00	5	1.0	2.0	3.0	4.0	5.0	-1.0	-1.0	-1.0	-1.0	-1.0	-1.0	-1.0	3	3	2	2	1	243	359947507	782	340	795	379	41.11	0	23.00	0.00	0.00	0.00
1	11	ÄÐ	0	20.00	0	1	1	1	0	-1	23.00	5	1.0	2.0	3.0	4.0	5.0	-1.0	-1.0	-1.0	-1.0	-1.0	-1.0	-1.0	3	3	2	2	1	244	359947547	783	340	795	379	40.80	0	23.00	0.00	0.00	0.00
1	11	ÄÐ	0	20.00	0	1	1	1	0	-1	23.00	5	1.0	2.0	3.0	4.0	5.0	-1.0	-1.0	-1.0	-1.0	-1.0	-1.0	-1.0	3	3	2	2	1	245	359947587	784	340	795	379	40.52	0	23.00	0.00	0.00	0.00
1	11	ÄÐ	0	20.00	0	1	1	1	0	-1	23.00	5	1.0	2.0	3.0	4.0	5.0	-1.0	-1.0	-1.0	-1.0	-1.0	-1.0	-1.0	3	3	2	2	1	246	359947627	785	340	795	379	40.26	0	23.00	0.00	0.00	0.00
1	11	ÄÐ	0	20.00	0	1	1	1	0	-1	23.00	5	1.0	2.0	3.0	4.0	5.0	-1.0	-1.0	-1.0	-1.0	-1.0	-1.0	-1.0	3	3	2	2	1	247	359947667	786	340	795	379	40.02	0	23.00	0.00	0.00	0.00
1	11	ÄÐ	0	20.00	0	1	1	1	0	-1	23.00	5	1.0	2.0	3.0	4.0	5.0	-1.0	-1.0	-1.0	-1.0	-1.0	-1.0	-1.0	3	3	2	2	1	248	359947707	787	340	795	379	39.81	0	23.00	0.00	0.00	0.00
1	11	ÄÐ	0	20.00	0	1	1	1	0	-1	23.00	5	1.0	2.0	3.0	4.0	5.0	-1.0	-1.0	-1.0	-1.0	-1.0	-1.0	-1.0	3	3	2	2	1	249	359947747	788	340	795	379	39.62	0	23.00	0.00	85.00	72.00
1	11	ÄÐ	0	20.00	0	1	1	1	0	-1	23.00	5	1.0	2.0	3.0	4.0	5.0	-1.0	-1.0	-1.0	-1.0	-1.0	-1.0	-1.0	3	3	2	2	1	250	359947787	789	340	799	382	43.17	0	23.00	0.00	136.00	74.00
1	11	ÄÐ	0	20.00	0	1	1	1	0	-1	23.00	5	1.0	2.0	3.0	4.0	5.0	-1.0	-1.0	-1.0	-1.0	-1.0	-1.0	-1.0	3	3	2	2	1	251	359947827	790	340	804	385	47.13	0	23.00	0.00	137.00	80.00
1	11	ÄÐ	0	20.00	0	1	1	1	0	-1	23.00	5	1.0	2.0	3.0	4.0	5.0	-1.0	-1.0	-1.0	-1.0	-1.0	-1.0	-1.0	3	3	2	2	1	252	359947867	790	340	810	388	52.00	0	23.00	0.00	200.00	163.00
1	11	ÄÐ	0	20.00	0	1	1	1	0	-1	23.00	5	1.0	2.0	3.0	4.0	5.0	-1.0	-1.0	-1.0	-1.0	-1.0	-1.0	-1.0	3	3	2	2	1	253	359947907	791	340	818	395	61.27	0	23.00	0.00	200.00	200.00
1	11	ÄÐ	0	20.00	0	1	1	1	0	-1	23.00	5	1.0	2.0	3.0	4.0	5.0	-1.0	-1.0	-1.0	-1.0	-1.0	-1.0	-1.0	3	3	2	2	1	254	359947947	792	340	826	403	71.59	0	23.00	0.00	200.00	200.00
1	11	ÄÐ	0	20.00	0	1	1	1	0	-1	23.00	5	1.0	2.0	3.0	4.0	5.0	-1.0	-1.0	-1.0	-1.0	-1.0	-1.0	-1.0	3	3	2	2	1	255	359947987	793	340	834	411	81.99	0	23.00	0.00	200.00	200.00
1	11	ÄÐ	0	20.00	0	1	1	1	0	-1	23.00	5	1.0	2.0	3.0	4.0	5.0	-1.0	-1.0	-1.0	-1.0	-1.0	-1.0	-1.0	3	3	2	2	1	256	359948027	794	340	842	419	92.44	0	23.00	0.00	200.00	200.00
1	11	ÄÐ	0	20.00	0	1	1	1	0	-1	23.00	5	1.0	2.0	3.0	4.0	5.0	-1.0	-1.0	-1.0	-1.0	-1.0	-1.0	-1.0	3	3	2	2	1	257	359948067	795	340	850	427	102.93	0	23.00	0.00	157.00	0.00
1	11	ÄÐ	0	20.00	0	1	1	1	0	-1	23.00	5	1.0	2.0	3.0	4.0	5.0	-1.0	-1.0	-1.0	-1.0	-1.0	-1.0	-1.0	3	3	2	2	1	258	359948107	796	340	856	427	105.68	0	23.00	0.00	0.00	0.00
1	11	ÄÐ	0	20.00	0	1	1	1	0	-1	23.00	5	1.0	2.0	3.0	4.0	5.0	-1.0	-1.0	-1.0	-1.0	-1.0	-1.0	-1.0	3	3	2	2	1	259	359948147	797	340	856	427	105.12	0	23.00	0.00	0.00	0.00
1	11	ÄÐ	0	20.00	0	1	1	1	0	-1	23.00	5	1.0	2.0	3.0	4.0	5.0	-1.0	-1.0	-1.0	-1.0	-1.0	-1.0	-1.0	3	3	2	2	1	260	359948187	798	340	856	427	104.56	0	23.00	0.00	0.00	0.00
1	11	ÄÐ	0	20.00	0	1	1	1	0	-1	23.00	5	1.0	2.0	3.0	4.0	5.0	-1.0	-1.0	-1.0	-1.0	-1.0	-1.0	-1.0	3	3	2	2	1	261	359948227	799	340	856	427	104.01	0	23.00	0.00	0.00	0.00
1	11	ÄÐ	0	20.00	0	1	1	1	0	-1	23.00	5	1.0	2.0	3.0	4.0	5.0	-1.0	-1.0	-1.0	-1.0	-1.0	-1.0	-1.0	3	3	2	2	1	262	359948267	800	340	856	427	103.46	0	23.00	0.00	0.00	0.00
1	11	ÄÐ	0	20.00	0	1	1	1	0	-1	23.00	5	1.0	2.0	3.0	4.0	5.0	-1.0	-1.0	-1.0	-1.0	-1.0	-1.0	-1.0	3	3	2	2	1	263	359948307	801	340	856	427	102.93	0	23.00	0.00	0.00	0.00
1	11	ÄÐ	0	20.00	0	1	1	1	0	-1	23.00	5	1.0	2.0	3.0	4.0	5.0	-1.0	-1.0	-1.0	-1.0	-1.0	-1.0	-1.0	3	3	2	2	1	264	359948347	801	340	856	427	102.93	0	23.00	0.00	0.00	0.00
1	11	ÄÐ	0	20.00	0	1	1	1	0	-1	23.00	5	1.0	2.0	3.0	4.0	5.0	-1.0	-1.0	-1.0	-1.0	-1.0	-1.0	-1.0	3	3	2	2	1	265	359948387	802	340	856	427	102.40	0	23.00	0.00	0.00	0.00
1	11	ÄÐ	0	20.00	0	1	1	1	0	-1	23.00	5	1.0	2.0	3.0	4.0	5.0	-1.0	-1.0	-1.0	-1.0	-1.0	-1.0	-1.0	3	3	2	2	1	266	359948427	803	340	856	427	101.87	0	23.00	0.00	0.00	0.00
1	11	ÄÐ	0	20.00	0	1	1	1	0	-1	23.00	5	1.0	2.0	3.0	4.0	5.0	-1.0	-1.0	-1.0	-1.0	-1.0	-1.0	-1.0	3	3	2	2	1	267	359948467	804	340	856	427	101.36	0	23.00	0.00	0.00	0.00
1	11	ÄÐ	0	20.00	0	1	1	1	0	-1	23.00	5	1.0	2.0	3.0	4.0	5.0	-1.0	-1.0	-1.0	-1.0	-1.0	-1.0	-1.0	3	3	2	2	1	268	359948507	805	340	856	427	100.85	0	23.00	0.00	0.00	0.00
1	11	ÄÐ	0	20.00	0	1	1	1	0	-1	23.00	5	1.0	2.0	3.0	4.0	5.0	-1.0	-1.0	-1.0	-1.0	-1.0	-1.0	-1.0	3	3	2	2	1	269	359948547	806	340	856	427	100.34	0	23.00	0.00	0.00	0.00
1	11	ÄÐ	0	20.00	0	1	1	1	0	-1	23.00	5	1.0	2.0	3.0	4.0	5.0	-1.0	-1.0	-1.0	-1.0	-1.0	-1.0	-1.0	3	3	2	2	1	270	359948587	807	340	856	427	99.85	0	23.00	0.00	0.00	0.00
1	11	ÄÐ	0	20.00	0	1	1	1	0	-1	23.00	5	1.0	2.0	3.0	4.0	5.0	-1.0	-1.0	-1.0	-1.0	-1.0	-1.0	-1.0	3	3	2	2	1	271	359948627	808	340	856	427	99.36	0	23.00	0.00	0.00	0.00
1	11	ÄÐ	0	20.00	0	1	1	1	0	-1	23.00	5	1.0	2.0	3.0	4.0	5.0	-1.0	-1.0	-1.0	-1.0	-1.0	-1.0	-1.0	3	3	2	2	1	272	359948667	809	340	856	427	98.88	0	23.00	0.00	0.00	0.00
1	11	ÄÐ	0	20.00	0	1	1	1	0	-1	23.00	5	1.0	2.0	3.0	4.0	5.0	-1.0	-1.0	-1.0	-1.0	-1.0	-1.0	-1.0	3	3	2	2	1	273	359948707	810	340	856	427	98.41	0	23.00	0.00	0.00	0.00
1	11	ÄÐ	0	20.00	0	1	1	1	0	-1	23.00	5	1.0	2.0	3.0	4.0	5.0	-1.0	-1.0	-1.0	-1.0	-1.0	-1.0	-1.0	3	3	2	2	1	274	359948747	811	340	856	427	97.95	0	23.00	0.00	0.00	0.00
1	11	ÄÐ	0	20.00	0	1	1	1	0	-1	23.00	5	1.0	2.0	3.0	4.0	5.0	-1.0	-1.0	-1.0	-1.0	-1.0	-1.0	-1.0	3	3	2	2	1	275	359948787	812	340	856	427	97.49	0	23.00	0.00	0.00	0.00
1	11	ÄÐ	0	20.00	0	1	1	1	0	-1	23.00	5	1.0	2.0	3.0	4.0	5.0	-1.0	-1.0	-1.0	-1.0	-1.0	-1.0	-1.0	3	3	2	2	1	276	359948827	813	340	856	427	97.05	0	23.00	0.00	0.00	0.00
1	11	ÄÐ	0	20.00	0	1	1	1	0	-1	23.00	5	1.0	2.0	3.0	4.0	5.0	-1.0	-1.0	-1.0	-1.0	-1.0	-1.0	-1.0	3	3	2	2	1	277	359948867	813	340	856	427	97.05	0	23.00	0.00	0.00	0.00
1	11	ÄÐ	0	20.00	0	1	1	1	0	-1	23.00	5	1.0	2.0	3.0	4.0	5.0	-1.0	-1.0	-1.0	-1.0	-1.0	-1.0	-1.0	3	3	2	2	1	278	359948907	814	340	856	427	96.61	0	23.00	0.00	0.00	0.00
1	11	ÄÐ	0	20.00	0	1	1	1	0	-1	23.00	5	1.0	2.0	3.0	4.0	5.0	-1.0	-1.0	-1.0	-1.0	-1.0	-1.0	-1.0	3	3	2	2	1	279	359948947	815	340	856	427	96.18	0	23.00	0.00	0.00	0.00
1	11	ÄÐ	0	20.00	0	1	1	1	0	-1	23.00	5	1.0	2.0	3.0	4.0	5.0	-1.0	-1.0	-1.0	-1.0	-1.0	-1.0	-1.0	3	3	2	2	1	280	359948987	816	340	856	427	95.75	0	23.00	0.00	0.00	0.00
1	11	ÄÐ	0	20.00	0	1	1	1	0	-1	23.00	5	1.0	2.0	3.0	4.0	5.0	-1.0	-1.0	-1.0	-1.0	-1.0	-1.0	-1.0	3	3	2	2	1	281	359949027	817	340	856	427	95.34	0	23.00	0.00	0.00	0.00
1	11	ÄÐ	0	20.00	0	1	1	1	0	-1	23.00	5	1.0	2.0	3.0	4.0	5.0	-1.0	-1.0	-1.0	-1.0	-1.0	-1.0	-1.0	3	3	2	2	1	282	359949067	818	340	856	427	94.94	0	23.00	0.00	0.00	0.00
1	11	ÄÐ	0	20.00	0	1	1	1	0	-1	23.00	5	1.0	2.0	3.0	4.0	5.0	-1.0	-1.0	-1.0	-1.0	-1.0	-1.0	-1.0	3	3	2	2	1	283	359949107	819	340	856	427	94.54	0	23.00	0.00	0.00	0.00
1	11	ÄÐ	0	20.00	0	1	1	1	0	-1	23.00	5	1.0	2.0	3.0	4.0	5.0	-1.0	-1.0	-1.0	-1.0	-1.0	-1.0	-1.0	3	3	2	2	1	284	359949147	820	340	856	427	94.15	0	23.00	0.00	0.00	0.00
1	11	ÄÐ	0	20.00	0	1	1	1	0	-1	23.00	5	1.0	2.0	3.0	4.0	5.0	-1.0	-1.0	-1.0	-1.0	-1.0	-1.0	-1.0	3	3	2	2	1	285	359949187	821	340	856	427	93.78	0	23.00	0.00	0.00	0.00
1	11	ÄÐ	0	20.00	0	1	1	1	0	-1	23.00	5	1.0	2.0	3.0	4.0	5.0	-1.0	-1.0	-1.0	-1.0	-1.0	-1.0	-1.0	3	3	2	2	1	286	359949227	822	340	856	427	93.41	0	23.00	0.00	0.00	0.00
1	11	ÄÐ	0	20.00	0	1	1	1	0	-1	23.00	5	1.0	2.0	3.0	4.0	5.0	-1.0	-1.0	-1.0	-1.0	-1.0	-1.0	-1.0	3	3	2	2	1	287	359949267	823	340	856	427	93.05	0	23.00	0.00	0.00	0.00
1	11	ÄÐ	0	20.00	0	1	1	1	0	-1	23.00	5	1.0	2.0	3.0	4.0	5.0	-1.0	-1.0	-1.0	-1.0	-1.0	-1.0	-1.0	3	3	2	2	1	288	359949307	824	340	856	427	92.70	0	23.00	0.00	0.00	0.00
1	11	ÄÐ	0	20.00	0	1	1	1	0	-1	23.00	5	1.0	2.0	3.0	4.0	5.0	-1.0	-1.0	-1.0	-1.0	-1.0	-1.0	-1.0	3	3	2	2	1	289	359949347	824	340	856	427	92.70	0	23.00	0.00	0.00	0.00
1	11	ÄÐ	0	20.00	0	1	1	1	0	-1	23.00	5	1.0	2.0	3.0	4.0	5.0	-1.0	-1.0	-1.0	-1.0	-1.0	-1.0	-1.0	3	3	2	2	1	290	359949387	825	340	856	427	92.36	0	23.00	0.00	0.00	0.00
1	11	ÄÐ	0	20.00	0	1	1	1	0	-1	23.00	5	1.0	2.0	3.0	4.0	5.0	-1.0	-1.0	-1.0	-1.0	-1.0	-1.0	-1.0	3	3	2	2	1	291	359949427	826	340	856	427	92.03	0	23.00	0.00	0.00	0.00
1	11	ÄÐ	0	20.00	0	1	1	1	0	-1	23.00	5	1.0	2.0	3.0	4.0	5.0	-1.0	-1.0	-1.0	-1.0	-1.0	-1.0	-1.0	3	3	2	2	1	292	359949467	827	340	856	427	91.71	0	23.00	0.00	0.00	0.00
1	11	ÄÐ	0	20.00	0	1	1	1	0	-1	23.00	5	1.0	2.0	3.0	4.0	5.0	-1.0	-1.0	-1.0	-1.0	-1.0	-1.0	-1.0	3	3	2	2	1	293	359949507	828	340	856	427	91.39	0	23.00	0.00	0.00	0.00
1	11	ÄÐ	0	20.00	0	1	1	1	0	-1	23.00	5	1.0	2.0	3.0	4.0	5.0	-1.0	-1.0	-1.0	-1.0	-1.0	-1.0	-1.0	3	3	2	2	1	294	359949547	829	340	856	427	91.09	0	23.00	0.00	0.00	0.00
1	11	ÄÐ	0	20.00	0	1	1	1	0	-1	23.00	5	1.0	2.0	3.0	4.0	5.0	-1.0	-1.0	-1.0	-1.0	-1.0	-1.0	-1.0	3	3	2	2	1	295	359949587	830	340	856	427	90.80	0	23.00	0.00	0.00	0.00
1	11	ÄÐ	0	20.00	0	1	1	1	0	-1	23.00	5	1.0	2.0	3.0	4.0	5.0	-1.0	-1.0	-1.0	-1.0	-1.0	-1.0	-1.0	3	3	2	2	1	296	359949627	831	340	856	427	90.52	0	23.00	0.00	0.00	0.00
1	11	ÄÐ	0	20.00	0	1	1	1	0	-1	23.00	5	1.0	2.0	3.0	4.0	5.0	-1.0	-1.0	-1.0	-1.0	-1.0	-1.0	-1.0	3	3	2	2	1	297	359949667	832	340	856	427	90.25	0	23.00	0.00	0.00	0.00
1	11	ÄÐ	0	20.00	0	1	1	1	0	-1	23.00	5	1.0	2.0	3.0	4.0	5.0	-1.0	-1.0	-1.0	-1.0	-1.0	-1.0	-1.0	3	3	2	2	1	298	359949707	833	340	856	427	89.99	0	23.00	0.00	0.00	0.00
1	11	ÄÐ	0	20.00	0	1	1	1	0	-1	23.00	5	1.0	2.0	3.0	4.0	5.0	-1.0	-1.0	-1.0	-1.0	-1.0	-1.0	-1.0	3	3	2	2	1	299	359949747	834	340	856	427	89.74	0	23.00	0.00	0.00	0.00
1	11	ÄÐ	0	20.00	0	1	1	1	0	-1	23.00	5	1.0	2.0	3.0	4.0	5.0	-1.0	-1.0	-1.0	-1.0	-1.0	-1.0	-1.0	3	3	2	2	1	300	359949787	835	340	856	427	89.50	0	23.00	0.00	0.00	0.00
1	11	ÄÐ	0	20.00	0	1	1	1	0	-1	23.00	5	1.0	2.0	3.0	4.0	5.0	-1.0	-1.0	-1.0	-1.0	-1.0	-1.0	-1.0	3	3	2	2	1	301	359949827	836	340	856	427	89.27	0	23.00	0.00	0.00	0.00
1	11	ÄÐ	0	20.00	0	1	1	1	0	-1	23.00	5	1.0	2.0	3.0	4.0	5.0	-1.0	-1.0	-1.0	-1.0	-1.0	-1.0	-1.0	3	3	2	2	1	302	359949867	836	340	856	427	89.27	0	23.00	0.00	0.00	0.00
1	11	ÄÐ	0	20.00	0	1	1	1	0	-1	23.00	5	1.0	2.0	3.0	4.0	5.0	-1.0	-1.0	-1.0	-1.0	-1.0	-1.0	-1.0	3	3	2	2	1	303	359949907	837	340	856	427	89.05	0	23.00	0.00	0.00	0.00
1	11	ÄÐ	0	20.00	0	1	1	1	0	-1	23.00	5	1.0	2.0	3.0	4.0	5.0	-1.0	-1.0	-1.0	-1.0	-1.0	-1.0	-1.0	3	3	2	2	1	304	359949947	838	340	856	427	88.84	0	23.00	0.00	0.00	0.00
1	11	ÄÐ	0	20.00	0	1	1	1	0	-1	23.00	5	1.0	2.0	3.0	4.0	5.0	-1.0	-1.0	-1.0	-1.0	-1.0	-1.0	-1.0	3	3	2	2	1	305	359949987	839	340	856	427	88.65	0	23.00	0.00	56.00	0.00
1	11	ÄÐ	0	20.00	0	1	1	1	0	-1	23.00	5	1.0	2.0	3.0	4.0	5.0	-1.0	-1.0	-1.0	-1.0	-1.0	-1.0	-1.0	3	3	2	2	1	306	359950027	840	340	858	427	88.84	0	23.00	0.00	137.00	0.00
1	11	ÄÐ	0	20.00	0	1	1	1	0	-1	23.00	5	1.0	2.0	3.0	4.0	5.0	-1.0	-1.0	-1.0	-1.0	-1.0	-1.0	-1.0	3	3	2	2	1	307	359950067	841	340	864	427	89.99	0	23.00	0.00	200.00	0.00
1	11	ÄÐ	0	20.00	0	1	1	1	0	-1	23.00	5	1.0	2.0	3.0	4.0	5.0	-1.0	-1.0	-1.0	-1.0	-1.0	-1.0	-1.0	3	3	2	2	1	308	359950107	842	340	872	427	92.03	0	23.00	0.00	200.00	0.00
1	11	ÄÐ	0	20.00	0	1	1	1	0	-1	23.00	5	1.0	2.0	3.0	4.0	5.0	-1.0	-1.0	-1.0	-1.0	-1.0	-1.0	-1.0	3	3	2	2	1	309	359950147	843	340	880	427	94.54	0	23.00	0.00	200.00	0.00
1	11	ÄÐ	0	20.00	0	1	1	1	0	-1	23.00	5	1.0	2.0	3.0	4.0	5.0	-1.0	-1.0	-1.0	-1.0	-1.0	-1.0	-1.0	3	3	2	2	1	310	359950187	844	340	888	427	97.49	0	23.00	0.00	200.00	34.00
1	11	ÄÐ	0	20.00	0	1	1	1	0	-1	23.00	5	1.0	2.0	3.0	4.0	5.0	-1.0	-1.0	-1.0	-1.0	-1.0	-1.0	-1.0	3	3	2	2	1	311	359950227	845	340	896	428	101.71	0	23.00	0.00	200.00	32.00
1	11	ÄÐ	0	20.00	0	1	1	1	0	-1	23.00	5	1.0	2.0	3.0	4.0	5.0	-1.0	-1.0	-1.0	-1.0	-1.0	-1.0	-1.0	3	3	2	2	1	312	359950267	846	340	904	429	106.23	0	23.00	0.00	200.00	28.00
1	11	ÄÐ	0	20.00	0	1	1	1	0	-1	23.00	5	1.0	2.0	3.0	4.0	5.0	-1.0	-1.0	-1.0	-1.0	-1.0	-1.0	-1.0	3	3	2	2	1	313	359950307	847	340	912	430	111.02	0	23.00	0.00	200.00	0.00
1	11	ÄÐ	0	20.00	0	1	1	1	0	-1	23.00	5	1.0	2.0	3.0	4.0	5.0	-1.0	-1.0	-1.0	-1.0	-1.0	-1.0	-1.0	3	3	2	2	1	314	359950347	847	340	920	430	115.88	0	23.00	0.00	37.00	0.00
1	11	ÄÐ	0	20.00	0	1	1	1	0	-1	23.00	5	1.0	2.0	3.0	4.0	5.0	-1.0	-1.0	-1.0	-1.0	-1.0	-1.0	-1.0	3	3	2	2	1	315	359950387	848	340	921	430	115.88	0	23.00	0.00	40.00	0.00
1	11	ÄÐ	0	20.00	0	1	1	1	0	-1	23.00	5	1.0	2.0	3.0	4.0	5.0	-1.0	-1.0	-1.0	-1.0	-1.0	-1.0	-1.0	3	3	2	2	1	316	359950427	849	340	923	430	116.52	0	23.00	0.00	40.00	0.00
1	11	ÄÐ	0	20.00	0	1	1	1	0	-1	23.00	5	1.0	2.0	3.0	4.0	5.0	-1.0	-1.0	-1.0	-1.0	-1.0	-1.0	-1.0	3	3	2	2	1	317	359950467	850	340	924	430	116.52	0	23.00	0.00	40.00	0.00
1	11	ÄÐ	0	20.00	0	1	1	1	0	-1	23.00	5	1.0	2.0	3.0	4.0	5.0	-1.0	-1.0	-1.0	-1.0	-1.0	-1.0	-1.0	3	3	2	2	1	318	359950507	851	340	926	430	117.15	0	23.00	0.00	40.00	0.00
1	11	ÄÐ	0	20.00	0	1	1	1	0	-1	23.00	5	1.0	2.0	3.0	4.0	5.0	-1.0	-1.0	-1.0	-1.0	-1.0	-1.0	-1.0	3	3	2	2	1	319	359950547	852	340	928	430	117.80	0	23.00	0.00	40.00	0.00
1	11	ÄÐ	0	20.00	0	1	1	1	0	-1	23.00	5	1.0	2.0	3.0	4.0	5.0	-1.0	-1.0	-1.0	-1.0	-1.0	-1.0	-1.0	3	3	2	2	1	320	359950587	853	340	929	430	117.80	0	23.00	0.00	40.00	0.00
1	11	ÄÐ	0	20.00	0	1	1	1	0	-1	23.00	5	1.0	2.0	3.0	4.0	5.0	-1.0	-1.0	-1.0	-1.0	-1.0	-1.0	-1.0	3	3	2	2	1	321	359950627	854	340	931	430	118.44	0	23.00	0.00	40.00	0.00
1	11	ÄÐ	0	20.00	0	1	1	1	0	-1	23.00	5	1.0	2.0	3.0	4.0	5.0	-1.0	-1.0	-1.0	-1.0	-1.0	-1.0	-1.0	3	3	2	2	1	322	359950667	855	340	932	430	118.44	0	23.00	0.00	40.00	0.00
1	11	ÄÐ	0	20.00	0	1	1	1	0	-1	23.00	5	1.0	2.0	3.0	4.0	5.0	-1.0	-1.0	-1.0	-1.0	-1.0	-1.0	-1.0	3	3	2	2	1	323	359950707	856	340	934	430	119.10	0	23.00	0.00	40.00	0.00
1	11	ÄÐ	0	20.00	0	1	1	1	0	-1	23.00	5	1.0	2.0	3.0	4.0	5.0	-1.0	-1.0	-1.0	-1.0	-1.0	-1.0	-1.0	3	3	2	2	1	324	359950747	857	340	936	430	119.75	0	23.00	0.00	42.00	0.00
1	11	ÄÐ	0	20.00	0	1	1	1	0	-1	23.00	5	1.0	2.0	3.0	4.0	5.0	-1.0	-1.0	-1.0	-1.0	-1.0	-1.0	-1.0	3	3	2	2	1	325	359950787	858	340	937	430	119.75	0	23.00	0.00	40.00	0.00
1	11	ÄÐ	0	20.00	0	1	1	1	0	-1	23.00	5	1.0	2.0	3.0	4.0	5.0	-1.0	-1.0	-1.0	-1.0	-1.0	-1.0	-1.0	3	3	2	2	1	326	359950827	859	340	939	430	120.42	0	23.00	0.00	42.00	0.00
1	11	ÄÐ	0	20.00	0	1	1	1	0	-1	23.00	5	1.0	2.0	3.0	4.0	5.0	-1.0	-1.0	-1.0	-1.0	-1.0	-1.0	-1.0	3	3	2	2	1	327	359950867	859	340	941	430	121.75	0	23.00	0.00	40.00	0.00
1	11	ÄÐ	0	20.00	0	1	1	1	0	-1	23.00	5	1.0	2.0	3.0	4.0	5.0	-1.0	-1.0	-1.0	-1.0	-1.0	-1.0	-1.0	3	3	2	2	1	328	359950907	860	340	942	430	121.75	0	23.00	0.00	40.00	0.00
1	11	ÄÐ	0	20.00	0	1	1	1	0	-1	23.00	5	1.0	2.0	3.0	4.0	5.0	-1.0	-1.0	-1.0	-1.0	-1.0	-1.0	-1.0	3	3	2	2	1	329	359950947	861	340	944	430	122.43	0	23.00	0.00	40.00	0.00
1	11	ÄÐ	0	20.00	0	1	1	1	0	-1	23.00	5	1.0	2.0	3.0	4.0	5.0	-1.0	-1.0	-1.0	-1.0	-1.0	-1.0	-1.0	3	3	2	2	1	330	359950987	862	340	945	430	122.43	0	23.00	0.00	40.00	0.00
1	11	ÄÐ	0	20.00	0	1	1	1	0	-1	23.00	5	1.0	2.0	3.0	4.0	5.0	-1.0	-1.0	-1.0	-1.0	-1.0	-1.0	-1.0	3	3	2	2	1	331	359951027	863	340	947	430	123.11	0	23.00	0.00	42.00	0.00
1	11	ÄÐ	0	20.00	0	1	1	1	0	-1	23.00	5	1.0	2.0	3.0	4.0	5.0	-1.0	-1.0	-1.0	-1.0	-1.0	-1.0	-1.0	3	3	2	2	1	332	359951067	864	340	949	430	123.79	0	23.00	0.00	40.00	0.00
1	11	ÄÐ	0	20.00	0	1	1	1	0	-1	23.00	5	1.0	2.0	3.0	4.0	5.0	-1.0	-1.0	-1.0	-1.0	-1.0	-1.0	-1.0	3	3	2	2	1	333	359951107	865	340	950	430	123.79	0	23.00	0.00	42.00	0.00
1	11	ÄÐ	0	20.00	0	1	1	1	0	-1	23.00	5	1.0	2.0	3.0	4.0	5.0	-1.0	-1.0	-1.0	-1.0	-1.0	-1.0	-1.0	3	3	2	2	1	334	359951147	866	340	952	430	124.48	0	23.00	0.00	40.00	0.00
1	11	ÄÐ	0	20.00	0	1	1	1	0	-1	23.00	5	1.0	2.0	3.0	4.0	5.0	-1.0	-1.0	-1.0	-1.0	-1.0	-1.0	-1.0	3	3	2	2	1	335	359951187	867	340	954	430	125.18	0	23.00	0.00	40.00	0.00
1	11	ÄÐ	0	20.00	0	1	1	1	0	-1	23.00	5	1.0	2.0	3.0	4.0	5.0	-1.0	-1.0	-1.0	-1.0	-1.0	-1.0	-1.0	3	3	2	2	1	336	359951227	868	340	955	430	125.18	0	23.00	0.00	40.00	0.00
1	11	ÄÐ	0	20.00	0	1	1	1	0	-1	23.00	5	1.0	2.0	3.0	4.0	5.0	-1.0	-1.0	-1.0	-1.0	-1.0	-1.0	-1.0	3	3	2	2	1	337	359951267	869	340	957	430	125.87	0	23.00	0.00	40.00	0.00
1	11	ÄÐ	0	20.00	0	1	1	1	0	-1	23.00	5	1.0	2.0	3.0	4.0	5.0	-1.0	-1.0	-1.0	-1.0	-1.0	-1.0	-1.0	3	3	2	2	1	338	359951307	870	340	958	430	125.87	0	23.00	0.00	40.00	0.00
1	11	ÄÐ	0	20.00	0	1	1	1	0	-1	23.00	5	1.0	2.0	3.0	4.0	5.0	-1.0	-1.0	-1.0	-1.0	-1.0	-1.0	-1.0	3	3	2	2	1	339	359951347	870	340	960	430	127.28	0	23.00	0.00	42.00	0.00
1	11	ÄÐ	0	20.00	0	1	1	1	0	-1	23.00	5	1.0	2.0	3.0	4.0	5.0	-1.0	-1.0	-1.0	-1.0	-1.0	-1.0	-1.0	3	3	2	2	1	340	359951387	871	340	962	430	127.99	0	23.00	0.00	40.00	0.00
1	11	ÄÐ	0	20.00	0	1	1	1	0	-1	23.00	5	1.0	2.0	3.0	4.0	5.0	-1.0	-1.0	-1.0	-1.0	-1.0	-1.0	-1.0	3	3	2	2	1	341	359951427	872	340	963	430	127.99	0	23.00	0.00	42.00	0.00
1	11	ÄÐ	0	20.00	0	1	1	1	0	-1	23.00	5	1.0	2.0	3.0	4.0	5.0	-1.0	-1.0	-1.0	-1.0	-1.0	-1.0	-1.0	3	3	2	2	1	342	359951467	873	340	965	430	128.70	0	23.00	0.00	40.00	0.00
1	11	ÄÐ	0	20.00	0	1	1	1	0	-1	23.00	5	1.0	2.0	3.0	4.0	5.0	-1.0	-1.0	-1.0	-1.0	-1.0	-1.0	-1.0	3	3	2	2	1	343	359951507	874	340	967	430	129.42	0	23.00	0.00	40.00	0.00
1	11	ÄÐ	0	20.00	0	1	1	1	0	-1	23.00	5	1.0	2.0	3.0	4.0	5.0	-1.0	-1.0	-1.0	-1.0	-1.0	-1.0	-1.0	3	3	2	2	1	344	359951547	875	340	968	430	129.42	0	23.00	0.00	42.00	0.00
1	11	ÄÐ	0	20.00	0	1	1	1	0	-1	23.00	5	1.0	2.0	3.0	4.0	5.0	-1.0	-1.0	-1.0	-1.0	-1.0	-1.0	-1.0	3	3	2	2	1	345	359951587	876	340	970	430	130.14	0	23.00	0.00	40.00	0.00
1	11	ÄÐ	0	20.00	0	1	1	1	0	-1	23.00	5	1.0	2.0	3.0	4.0	5.0	-1.0	-1.0	-1.0	-1.0	-1.0	-1.0	-1.0	3	3	2	2	1	346	359951627	877	340	971	430	130.14	0	23.00	0.00	42.00	0.00
1	11	ÄÐ	0	20.00	0	1	1	1	0	-1	23.00	5	1.0	2.0	3.0	4.0	5.0	-1.0	-1.0	-1.0	-1.0	-1.0	-1.0	-1.0	3	3	2	2	1	347	359951667	878	340	973	430	130.86	0	23.00	0.00	40.00	0.00
1	11	ÄÐ	0	20.00	0	1	1	1	0	-1	23.00	5	1.0	2.0	3.0	4.0	5.0	-1.0	-1.0	-1.0	-1.0	-1.0	-1.0	-1.0	3	3	2	2	1	348	359951707	879	340	975	430	131.59	0	23.00	0.00	40.00	0.00
1	11	ÄÐ	0	20.00	0	1	1	1	0	-1	23.00	5	1.0	2.0	3.0	4.0	5.0	-1.0	-1.0	-1.0	-1.0	-1.0	-1.0	-1.0	3	3	2	2	1	349	359951747	880	340	976	430	131.59	0	23.00	0.00	42.00	0.00
1	11	ÄÐ	0	20.00	0	1	1	1	0	-1	23.00	5	1.0	2.0	3.0	4.0	5.0	-1.0	-1.0	-1.0	-1.0	-1.0	-1.0	-1.0	3	3	2	2	1	350	359951787	881	340	978	430	132.32	0	23.00	0.00	42.00	0.00
1	11	ÄÐ	0	20.00	0	1	1	1	0	-1	23.00	5	1.0	2.0	3.0	4.0	5.0	-1.0	-1.0	-1.0	-1.0	-1.0	-1.0	-1.0	3	3	2	2	1	351	359951827	882	340	980	430	133.06	0	23.00	0.00	40.00	0.00
1	11	ÄÐ	0	20.00	0	1	1	1	0	-1	23.00	5	1.0	2.0	3.0	4.0	5.0	-1.0	-1.0	-1.0	-1.0	-1.0	-1.0	-1.0	3	3	2	2	1	352	359951867	882	340	981	430	133.79	0	23.00	0.00	0.00	0.00
1	11	ÄÐ	0	20.00	0	1	1	1	0	-1	23.00	5	1.0	2.0	3.0	4.0	5.0	-1.0	-1.0	-1.0	-1.0	-1.0	-1.0	-1.0	3	3	2	2	1	353	359951907	883	340	981	430	133.06	0	23.00	0.00	-126.00	0.00
1	11	ÄÐ	0	20.00	0	1	1	1	0	-1	23.00	5	1.0	2.0	3.0	4.0	5.0	-1.0	-1.0	-1.0	-1.0	-1.0	-1.0	-1.0	3	3	2	2	1	354	359951947	884	340	976	430	128.70	0	23.00	0.00	-200.00	0.00
1	11	ÄÐ	0	20.00	0	1	1	1	0	-1	23.00	5	1.0	2.0	3.0	4.0	5.0	-1.0	-1.0	-1.0	-1.0	-1.0	-1.0	-1.0	3	3	2	2	1	355	359951987	885	340	968	430	122.43	0	23.00	0.00	-200.00	0.00
1	11	ÄÐ	0	20.00	0	1	1	1	0	-1	23.00	5	1.0	2.0	3.0	4.0	5.0	-1.0	-1.0	-1.0	-1.0	-1.0	-1.0	-1.0	3	3	2	2	1	356	359952027	886	340	960	430	116.52	0	23.00	0.00	-200.00	0.00
1	11	ÄÐ	0	20.00	0	1	1	1	0	-1	23.00	5	1.0	2.0	3.0	4.0	5.0	-1.0	-1.0	-1.0	-1.0	-1.0	-1.0	-1.0	3	3	2	2	1	357	359952067	887	340	952	430	111.02	0	23.00	0.00	-200.00	0.00
1	11	ÄÐ	0	20.00	0	1	1	1	0	-1	23.00	5	1.0	2.0	3.0	4.0	5.0	-1.0	-1.0	-1.0	-1.0	-1.0	-1.0	-1.0	3	3	2	2	1	358	359952107	888	340	944	430	106.00	0	23.00	0.00	-131.00	0.00
1	11	ÄÐ	0	20.00	0	1	1	1	0	-1	23.00	5	1.0	2.0	3.0	4.0	5.0	-1.0	-1.0	-1.0	-1.0	-1.0	-1.0	-1.0	3	3	2	2	1	359	359952147	889	340	939	430	102.96	0	23.00	0.00	0.00	0.00
1	11	ÄÐ	0	20.00	0	1	1	1	0	-1	23.00	5	1.0	2.0	3.0	4.0	5.0	-1.0	-1.0	-1.0	-1.0	-1.0	-1.0	-1.0	3	3	2	2	1	360	359952187	890	340	939	430	102.47	0	23.00	0.00	0.00	0.00
1	11	ÄÐ	0	20.00	0	1	1	1	0	-1	23.00	5	1.0	2.0	3.0	4.0	5.0	-1.0	-1.0	-1.0	-1.0	-1.0	-1.0	-1.0	3	3	2	2	1	361	359952227	891	340	939	430	102.00	0	23.00	0.00	0.00	0.00
1	11	ÄÐ	0	20.00	0	1	1	1	0	-1	23.00	5	1.0	2.0	3.0	4.0	5.0	-1.0	-1.0	-1.0	-1.0	-1.0	-1.0	-1.0	3	3	2	2	1	362	359952267	892	340	939	430	101.53	0	23.00	0.00	0.00	0.00
1	11	ÄÐ	0	20.00	0	1	1	1	0	-1	23.00	5	1.0	2.0	3.0	4.0	5.0	-1.0	-1.0	-1.0	-1.0	-1.0	-1.0	-1.0	3	3	2	2	1	363	359952307	893	340	939	430	101.07	0	23.00	0.00	0.00	0.00
1	11	ÄÐ	0	20.00	0	1	1	1	0	-1	23.00	5	1.0	2.0	3.0	4.0	5.0	-1.0	-1.0	-1.0	-1.0	-1.0	-1.0	-1.0	3	3	2	2	1	364	359952347	893	340	939	430	101.07	0	23.00	0.00	0.00	0.00
1	11	ÄÐ	0	20.00	0	1	1	1	0	-1	23.00	5	1.0	2.0	3.0	4.0	5.0	-1.0	-1.0	-1.0	-1.0	-1.0	-1.0	-1.0	3	3	2	2	1	365	359952387	894	340	939	430	100.62	0	23.00	0.00	0.00	0.00
1	11	ÄÐ	0	20.00	0	1	1	1	0	-1	23.00	5	1.0	2.0	3.0	4.0	5.0	-1.0	-1.0	-1.0	-1.0	-1.0	-1.0	-1.0	3	3	2	2	1	366	359952427	895	340	939	430	100.18	0	23.00	0.00	0.00	0.00
1	11	ÄÐ	0	20.00	0	1	1	1	0	-1	23.00	5	1.0	2.0	3.0	4.0	5.0	-1.0	-1.0	-1.0	-1.0	-1.0	-1.0	-1.0	3	3	2	2	1	367	359952467	896	340	939	430	99.74	0	23.00	0.00	0.00	0.00
1	11	ÄÐ	0	20.00	0	1	1	1	0	-1	23.00	5	1.0	2.0	3.0	4.0	5.0	-1.0	-1.0	-1.0	-1.0	-1.0	-1.0	-1.0	3	3	2	2	1	368	359952507	897	340	939	430	99.32	0	23.00	0.00	0.00	0.00
1	11	ÄÐ	0	20.00	0	1	1	1	0	-1	23.00	5	1.0	2.0	3.0	4.0	5.0	-1.0	-1.0	-1.0	-1.0	-1.0	-1.0	-1.0	3	3	2	2	1	369	359952547	898	340	939	430	98.90	0	23.00	0.00	0.00	0.00
1	11	ÄÐ	0	20.00	0	1	1	1	0	-1	23.00	5	1.0	2.0	3.0	4.0	5.0	-1.0	-1.0	-1.0	-1.0	-1.0	-1.0	-1.0	3	3	2	2	1	370	359952587	899	340	939	430	98.49	0	23.00	0.00	-40.00	0.00
1	11	ÄÐ	0	20.00	0	1	1	1	0	-1	23.00	5	1.0	2.0	3.0	4.0	5.0	-1.0	-1.0	-1.0	-1.0	-1.0	-1.0	-1.0	3	3	2	2	1	371	359952627	900	340	937	430	97.31	0	23.00	0.00	-200.00	0.00
1	11	ÄÐ	0	20.00	0	1	1	1	0	-1	23.00	5	1.0	2.0	3.0	4.0	5.0	-1.0	-1.0	-1.0	-1.0	-1.0	-1.0	-1.0	3	3	2	2	1	372	359952667	901	340	929	430	94.25	0	23.00	0.00	-200.00	0.00
1	11	ÄÐ	0	20.00	0	1	1	1	0	-1	23.00	5	1.0	2.0	3.0	4.0	5.0	-1.0	-1.0	-1.0	-1.0	-1.0	-1.0	-1.0	3	3	2	2	1	373	359952707	902	340	921	430	91.98	0	23.00	0.00	-200.00	0.00
1	11	ÄÐ	0	20.00	0	1	1	1	0	-1	23.00	5	1.0	2.0	3.0	4.0	5.0	-1.0	-1.0	-1.0	-1.0	-1.0	-1.0	-1.0	3	3	2	2	1	374	359952747	903	340	913	430	90.55	0	23.00	0.00	-128.00	0.00
1	11	ÄÐ	0	20.00	0	1	1	1	0	-1	23.00	5	1.0	2.0	3.0	4.0	5.0	-1.0	-1.0	-1.0	-1.0	-1.0	-1.0	-1.0	3	3	2	2	1	375	359952787	904	340	908	430	90.09	0	23.00	0.00	0.00	0.00
1	11	ÄÐ	0	20.00	0	1	1	1	0	-1	23.00	5	1.0	2.0	3.0	4.0	5.0	-1.0	-1.0	-1.0	-1.0	-1.0	-1.0	-1.0	3	3	2	2	1	376	359952827	905	340	908	430	90.05	0	23.00	0.00	0.00	0.00
1	11	ÄÐ	0	20.00	0	1	1	1	0	-1	23.00	5	1.0	2.0	3.0	4.0	5.0	-1.0	-1.0	-1.0	-1.0	-1.0	-1.0	-1.0	3	3	2	2	1	377	359952867	905	340	908	430	90.05	0	23.00	0.00	0.00	0.00
1	11	ÄÐ	0	20.00	0	1	1	1	0	-1	23.00	5	1.0	2.0	3.0	4.0	5.0	-1.0	-1.0	-1.0	-1.0	-1.0	-1.0	-1.0	3	3	2	2	1	378	359952907	906	340	908	430	90.02	0	23.00	0.00	0.00	0.00
1	11	ÄÐ	0	20.00	0	1	1	1	0	-1	23.00	5	1.0	2.0	3.0	4.0	5.0	-1.0	-1.0	-1.0	-1.0	-1.0	-1.0	-1.0	3	3	2	2	1	379	359952947	907	340	908	430	90.01	0	23.00	0.00	0.00	0.00
1	11	ÄÐ	0	20.00	0	1	1	1	0	-1	23.00	5	1.0	2.0	3.0	4.0	5.0	-1.0	-1.0	-1.0	-1.0	-1.0	-1.0	-1.0	3	3	2	2	1	380	359952987	908	340	908	430	90.00	0	23.00	0.00	0.00	0.00
1	11	ÄÐ	0	20.00	0	1	1	1	0	-1	23.00	5	1.0	2.0	3.0	4.0	5.0	-1.0	-1.0	-1.0	-1.0	-1.0	-1.0	-1.0	3	3	2	2	1	381	359953027	909	340	908	430	90.01	0	23.00	0.00	0.00	0.00
1	11	ÄÐ	0	20.00	0	1	1	1	0	-1	23.00	5	1.0	2.0	3.0	4.0	5.0	-1.0	-1.0	-1.0	-1.0	-1.0	-1.0	-1.0	3	3	2	2	1	382	359953067	910	340	908	430	90.02	0	23.00	0.00	0.00	0.00
1	11	ÄÐ	0	20.00	0	1	1	1	0	-1	23.00	5	1.0	2.0	3.0	4.0	5.0	-1.0	-1.0	-1.0	-1.0	-1.0	-1.0	-1.0	3	3	2	2	1	383	359953107	911	340	908	430	90.05	0	23.00	0.00	0.00	0.00
1	11	ÄÐ	0	20.00	0	1	1	1	0	-1	23.00	5	1.0	2.0	3.0	4.0	5.0	-1.0	-1.0	-1.0	-1.0	-1.0	-1.0	-1.0	3	3	2	2	1	384	359953147	912	340	908	430	90.09	0	23.00	0.00	0.00	0.00
1	11	ÄÐ	0	20.00	0	1	1	1	0	-1	23.00	5	1.0	2.0	3.0	4.0	5.0	-1.0	-1.0	-1.0	-1.0	-1.0	-1.0	-1.0	3	3	2	2	1	385	359953187	913	340	908	430	90.14	0	23.00	0.00	0.00	0.00
1	11	ÄÐ	0	20.00	0	1	1	1	0	-1	23.00	5	1.0	2.0	3.0	4.0	5.0	-1.0	-1.0	-1.0	-1.0	-1.0	-1.0	-1.0	3	3	2	2	1	386	359953227	914	340	908	430	90.20	0	23.00	0.00	0.00	0.00
1	11	ÄÐ	0	20.00	0	1	1	1	0	-1	23.00	5	1.0	2.0	3.0	4.0	5.0	-1.0	-1.0	-1.0	-1.0	-1.0	-1.0	-1.0	3	3	2	2	1	387	359953267	915	340	908	430	90.27	0	23.00	0.00	0.00	0.00
1	11	ÄÐ	0	20.00	0	1	1	1	0	-1	23.00	5	1.0	2.0	3.0	4.0	5.0	-1.0	-1.0	-1.0	-1.0	-1.0	-1.0	-1.0	3	3	2	2	1	388	359953307	916	340	908	430	90.35	0	23.00	0.00	0.00	0.00
1	11	ÄÐ	0	20.00	0	1	1	1	0	-1	23.00	5	1.0	2.0	3.0	4.0	5.0	-1.0	-1.0	-1.0	-1.0	-1.0	-1.0	-1.0	3	3	2	2	1	389	359953347	916	340	908	430	90.35	0	23.00	0.00	0.00	0.00
1	11	ÄÐ	0	20.00	0	1	1	1	0	-1	23.00	5	1.0	2.0	3.0	4.0	5.0	-1.0	-1.0	-1.0	-1.0	-1.0	-1.0	-1.0	3	3	2	2	1	390	359953387	917	340	908	430	90.45	0	23.00	0.00	0.00	0.00
1	11	ÄÐ	0	20.00	0	1	1	1	0	-1	23.00	5	1.0	2.0	3.0	4.0	5.0	-1.0	-1.0	-1.0	-1.0	-1.0	-1.0	-1.0	3	3	2	2	1	391	359953427	918	340	908	430	90.55	0	23.00	0.00	0.00	0.00
1	11	ÄÐ	0	20.00	0	1	1	1	0	-1	23.00	5	1.0	2.0	3.0	4.0	5.0	-1.0	-1.0	-1.0	-1.0	-1.0	-1.0	-1.0	3	3	2	2	1	392	359953467	919	340	908	430	90.67	0	23.00	0.00	0.00	0.00
1	11	ÄÐ	0	20.00	0	1	1	1	0	-1	23.00	5	1.0	2.0	3.0	4.0	5.0	-1.0	-1.0	-1.0	-1.0	-1.0	-1.0	-1.0	3	3	2	2	1	393	359953507	920	340	908	430	90.80	0	23.00	0.00	0.00	0.00
1	11	ÄÐ	0	20.00	0	1	1	1	0	-1	23.00	5	1.0	2.0	3.0	4.0	5.0	-1.0	-1.0	-1.0	-1.0	-1.0	-1.0	-1.0	3	3	2	2	1	394	359953547	921	340	908	430	90.93	0	23.00	0.00	0.00	0.00
1	11	ÄÐ	0	20.00	0	1	1	1	0	-1	23.00	5	1.0	2.0	3.0	4.0	5.0	-1.0	-1.0	-1.0	-1.0	-1.0	-1.0	-1.0	3	3	2	2	1	395	359953587	922	340	908	430	91.08	0	23.00	0.00	0.00	0.00
1	11	ÄÐ	0	20.00	0	1	1	1	0	-1	23.00	5	1.0	2.0	3.0	4.0	5.0	-1.0	-1.0	-1.0	-1.0	-1.0	-1.0	-1.0	3	3	2	2	1	396	359953627	923	340	908	430	91.24	0	23.00	0.00	0.00	0.00
1	11	ÄÐ	0	20.00	0	1	1	1	0	-1	23.00	5	1.0	2.0	3.0	4.0	5.0	-1.0	-1.0	-1.0	-1.0	-1.0	-1.0	-1.0	3	3	2	2	1	397	359953667	924	340	908	430	91.41	0	23.00	0.00	0.00	0.00
1	11	ÄÐ	0	20.00	0	1	1	1	0	-1	23.00	5	1.0	2.0	3.0	4.0	5.0	-1.0	-1.0	-1.0	-1.0	-1.0	-1.0	-1.0	3	3	2	2	1	398	359953707	925	340	908	430	91.59	0	23.00	0.00	0.00	0.00
1	11	ÄÐ	0	20.00	0	1	1	1	0	-1	23.00	5	1.0	2.0	3.0	4.0	5.0	-1.0	-1.0	-1.0	-1.0	-1.0	-1.0	-1.0	3	3	2	2	1	399	359953747	926	340	908	430	91.78	0	23.00	0.00	0.00	0.00
1	11	ÄÐ	0	20.00	0	1	1	1	0	-1	23.00	5	1.0	2.0	3.0	4.0	5.0	-1.0	-1.0	-1.0	-1.0	-1.0	-1.0	-1.0	3	3	2	2	1	400	359953787	927	340	908	430	91.98	0	23.00	0.00	0.00	0.00
1	11	ÄÐ	0	20.00	0	1	1	1	0	-1	23.00	5	1.0	2.0	3.0	4.0	5.0	-1.0	-1.0	-1.0	-1.0	-1.0	-1.0	-1.0	3	3	2	2	1	401	359953827	928	340	908	430	92.20	0	23.00	0.00	0.00	0.00
1	11	ÄÐ	0	20.00	0	1	1	1	0	-1	23.00	5	1.0	2.0	3.0	4.0	5.0	-1.0	-1.0	-1.0	-1.0	-1.0	-1.0	-1.0	3	3	2	2	1	402	359953867	928	340	908	430	92.20	0	23.00	0.00	0.00	0.00
1	11	ÄÐ	0	20.00	0	1	1	1	0	-1	23.00	5	1.0	2.0	3.0	4.0	5.0	-1.0	-1.0	-1.0	-1.0	-1.0	-1.0	-1.0	3	3	2	2	1	403	359953907	929	340	908	430	92.42	0	23.00	0.00	0.00	0.00
1	11	ÄÐ	0	20.00	0	1	1	1	0	-1	23.00	5	1.0	2.0	3.0	4.0	5.0	-1.0	-1.0	-1.0	-1.0	-1.0	-1.0	-1.0	3	3	2	2	1	404	359953947	930	340	908	430	92.65	0	23.00	0.00	0.00	0.00
1	11	ÄÐ	0	20.00	0	1	1	1	0	-1	23.00	5	1.0	2.0	3.0	4.0	5.0	-1.0	-1.0	-1.0	-1.0	-1.0	-1.0	-1.0	3	3	2	2	1	405	359953987	931	340	908	430	92.89	0	23.00	0.00	0.00	0.00
1	11	ÄÐ	0	20.00	0	1	1	1	0	-1	23.00	5	1.0	2.0	3.0	4.0	5.0	-1.0	-1.0	-1.0	-1.0	-1.0	-1.0	-1.0	3	3	2	2	1	406	359954027	932	340	908	430	93.15	0	23.00	0.00	0.00	0.00
1	11	ÄÐ	0	20.00	0	1	1	1	0	-1	23.00	5	1.0	2.0	3.0	4.0	5.0	-1.0	-1.0	-1.0	-1.0	-1.0	-1.0	-1.0	3	3	2	2	1	407	359954067	933	340	908	430	93.41	0	23.00	0.00	0.00	0.00
1	11	ÄÐ	0	20.00	0	1	1	1	0	-1	23.00	5	1.0	2.0	3.0	4.0	5.0	-1.0	-1.0	-1.0	-1.0	-1.0	-1.0	-1.0	3	3	2	2	1	408	359954107	934	340	908	430	93.68	0	23.00	0.00	0.00	0.00
1	11	ÄÐ	0	20.00	0	1	1	1	0	-1	23.00	5	1.0	2.0	3.0	4.0	5.0	-1.0	-1.0	-1.0	-1.0	-1.0	-1.0	-1.0	3	3	2	2	1	409	359954147	935	340	908	430	93.96	0	23.00	0.00	0.00	0.00
1	11	ÄÐ	0	20.00	0	1	1	1	0	-1	23.00	5	1.0	2.0	3.0	4.0	5.0	-1.0	-1.0	-1.0	-1.0	-1.0	-1.0	-1.0	3	3	2	2	1	410	359954187	936	340	908	430	94.25	0	23.00	0.00	0.00	0.00
1	11	ÄÐ	0	20.00	0	1	1	1	0	-1	23.00	5	1.0	2.0	3.0	4.0	5.0	-1.0	-1.0	-1.0	-1.0	-1.0	-1.0	-1.0	3	3	2	2	1	411	359954227	937	340	908	430	94.56	0	23.00	0.00	0.00	0.00
1	11	ÄÐ	0	20.00	0	1	1	1	0	-1	23.00	5	1.0	2.0	3.0	4.0	5.0	-1.0	-1.0	-1.0	-1.0	-1.0	-1.0	-1.0	3	3	2	2	1	412	359954267	938	340	908	430	94.87	0	23.00	0.00	0.00	0.00
1	11	ÄÐ	0	20.00	0	1	1	1	0	-1	23.00	5	1.0	2.0	3.0	4.0	5.0	-1.0	-1.0	-1.0	-1.0	-1.0	-1.0	-1.0	3	3	2	2	1	413	359954307	939	340	908	430	95.19	0	23.00	0.00	0.00	0.00
1	11	ÄÐ	0	20.00	0	1	1	1	0	-1	23.00	5	1.0	2.0	3.0	4.0	5.0	-1.0	-1.0	-1.0	-1.0	-1.0	-1.0	-1.0	3	3	2	2	1	414	359954347	939	340	908	430	95.19	0	23.00	0.00	0.00	0.00
1	11	ÄÐ	0	20.00	0	1	1	1	0	-1	23.00	5	1.0	2.0	3.0	4.0	5.0	-1.0	-1.0	-1.0	-1.0	-1.0	-1.0	-1.0	3	3	2	2	1	415	359954387	940	340	908	430	95.52	0	23.00	0.00	0.00	0.00
1	11	ÄÐ	0	20.00	0	1	1	1	0	-1	23.00	5	1.0	2.0	3.0	4.0	5.0	-1.0	-1.0	-1.0	-1.0	-1.0	-1.0	-1.0	3	3	2	2	1	416	359954427	941	340	908	430	95.86	0	23.00	0.00	0.00	0.00
1	11	ÄÐ	0	20.00	0	1	1	1	0	-1	23.00	5	1.0	2.0	3.0	4.0	5.0	-1.0	-1.0	-1.0	-1.0	-1.0	-1.0	-1.0	3	3	2	2	1	417	359954467	942	340	908	430	96.21	0	23.00	0.00	0.00	0.00
1	11	ÄÐ	0	20.00	0	1	1	1	0	-1	23.00	5	1.0	2.0	3.0	4.0	5.0	-1.0	-1.0	-1.0	-1.0	-1.0	-1.0	-1.0	3	3	2	2	1	418	359954507	943	340	908	430	96.57	0	23.00	0.00	0.00	-97.00
1	11	ÄÐ	0	20.00	0	1	1	1	0	-1	23.00	5	1.0	2.0	3.0	4.0	5.0	-1.0	-1.0	-1.0	-1.0	-1.0	-1.0	-1.0	3	3	2	2	1	419	359954547	944	340	908	426	93.23	0	23.00	0.00	0.00	-200.00
1	11	ÄÐ	0	20.00	0	1	1	1	0	-1	23.00	5	1.0	2.0	3.0	4.0	5.0	-1.0	-1.0	-1.0	-1.0	-1.0	-1.0	-1.0	3	3	2	2	1	420	359954587	945	340	908	418	86.33	0	23.00	0.00	0.00	-200.00
1	11	ÄÐ	0	20.00	0	1	1	1	0	-1	23.00	5	1.0	2.0	3.0	4.0	5.0	-1.0	-1.0	-1.0	-1.0	-1.0	-1.0	-1.0	3	3	2	2	1	421	359954627	946	340	908	410	79.65	0	23.00	0.00	0.00	-200.00
1	11	ÄÐ	0	20.00	0	1	1	1	0	-1	23.00	5	1.0	2.0	3.0	4.0	5.0	-1.0	-1.0	-1.0	-1.0	-1.0	-1.0	-1.0	3	3	2	2	1	422	359954667	947	340	908	402	73.25	0	23.00	0.00	75.00	-200.00
1	11	ÄÐ	0	20.00	0	1	1	1	0	-1	23.00	5	1.0	2.0	3.0	4.0	5.0	-1.0	-1.0	-1.0	-1.0	-1.0	-1.0	-1.0	3	3	2	2	1	423	359954707	948	340	911	394	65.46	0	23.00	0.00	53.00	0.00
1	11	ÄÐ	0	20.00	0	1	1	1	0	-1	23.00	5	1.0	2.0	3.0	4.0	5.0	-1.0	-1.0	-1.0	-1.0	-1.0	-1.0	-1.0	3	3	2	2	1	424	359954747	949	340	913	394	64.90	0	23.00	0.00	0.00	0.00
1	11	ÄÐ	0	20.00	0	1	1	1	0	-1	23.00	5	1.0	2.0	3.0	4.0	5.0	-1.0	-1.0	-1.0	-1.0	-1.0	-1.0	-1.0	3	3	2	2	1	425	359954787	950	340	913	394	65.46	0	23.00	0.00	0.00	0.00
1	11	ÄÐ	0	20.00	0	1	1	1	0	-1	23.00	5	1.0	2.0	3.0	4.0	5.0	-1.0	-1.0	-1.0	-1.0	-1.0	-1.0	-1.0	3	3	2	2	1	426	359954827	951	340	913	394	66.03	0	23.00	0.00	0.00	0.00
1	11	ÄÐ	0	20.00	0	1	1	1	0	-1	23.00	5	1.0	2.0	3.0	4.0	5.0	-1.0	-1.0	-1.0	-1.0	-1.0	-1.0	-1.0	3	3	2	2	1	427	359954867	951	340	913	394	66.03	0	23.00	0.00	0.00	0.00
1	11	ÄÐ	0	20.00	0	1	1	1	0	-1	23.00	5	1.0	2.0	3.0	4.0	5.0	-1.0	-1.0	-1.0	-1.0	-1.0	-1.0	-1.0	3	3	2	2	1	428	359954907	952	340	913	394	66.61	0	23.00	0.00	0.00	0.00
1	11	ÄÐ	0	20.00	0	1	1	1	0	-1	23.00	5	1.0	2.0	3.0	4.0	5.0	-1.0	-1.0	-1.0	-1.0	-1.0	-1.0	-1.0	3	3	2	2	1	429	359954947	953	340	913	394	67.20	0	23.00	0.00	0.00	0.00
1	11	ÄÐ	0	20.00	0	1	1	1	0	-1	23.00	5	1.0	2.0	3.0	4.0	5.0	-1.0	-1.0	-1.0	-1.0	-1.0	-1.0	-1.0	3	3	2	2	1	430	359954987	954	340	913	394	67.80	0	23.00	0.00	0.00	160.00
1	11	ÄÐ	0	20.00	0	1	1	1	0	-1	23.00	5	1.0	2.0	3.0	4.0	5.0	-1.0	-1.0	-1.0	-1.0	-1.0	-1.0	-1.0	3	3	2	2	1	431	359955027	955	340	913	401	74.06	0	23.00	0.00	0.00	200.00
1	11	ÄÐ	0	20.00	0	1	1	1	0	-1	23.00	5	1.0	2.0	3.0	4.0	5.0	-1.0	-1.0	-1.0	-1.0	-1.0	-1.0	-1.0	3	3	2	2	1	432	359955067	956	340	913	409	81.30	0	23.00	0.00	0.00	200.00
1	11	ÄÐ	0	20.00	0	1	1	1	0	-1	23.00	5	1.0	2.0	3.0	4.0	5.0	-1.0	-1.0	-1.0	-1.0	-1.0	-1.0	-1.0	3	3	2	2	1	433	359955107	957	340	913	417	88.68	0	23.00	0.00	0.00	200.00
1	11	ÄÐ	0	20.00	0	1	1	1	0	-1	23.00	5	1.0	2.0	3.0	4.0	5.0	-1.0	-1.0	-1.0	-1.0	-1.0	-1.0	-1.0	3	3	2	2	1	434	359955147	958	340	913	425	96.18	0	23.00	0.00	0.00	200.00
1	11	ÄÐ	0	20.00	0	1	1	1	0	-1	23.00	5	1.0	2.0	3.0	4.0	5.0	-1.0	-1.0	-1.0	-1.0	-1.0	-1.0	-1.0	3	3	2	2	1	435	359955187	959	340	913	433	103.75	0	23.00	0.00	0.00	200.00
1	11	ÄÐ	0	20.00	0	1	1	1	0	-1	23.00	5	1.0	2.0	3.0	4.0	5.0	-1.0	-1.0	-1.0	-1.0	-1.0	-1.0	-1.0	3	3	2	2	1	436	359955227	960	340	913	441	111.40	0	23.00	0.00	0.00	200.00
1	11	ÄÐ	0	20.00	0	1	1	1	0	-1	23.00	5	1.0	2.0	3.0	4.0	5.0	-1.0	-1.0	-1.0	-1.0	-1.0	-1.0	-1.0	3	3	2	2	1	437	359955267	961	340	913	449	119.10	0	23.00	0.00	77.00	200.00
1	11	ÄÐ	0	20.00	0	1	1	1	0	-1	23.00	5	1.0	2.0	3.0	4.0	5.0	-1.0	-1.0	-1.0	-1.0	-1.0	-1.0	-1.0	3	3	2	2	1	438	359955307	962	340	916	457	125.72	0	23.00	0.00	185.00	200.00
1	11	ÄÐ	0	20.00	0	1	1	1	0	-1	23.00	5	1.0	2.0	3.0	4.0	5.0	-1.0	-1.0	-1.0	-1.0	-1.0	-1.0	-1.0	3	3	2	2	1	439	359955347	962	340	924	465	130.65	0	23.00	0.00	-49.00	-89.00
1	11	ÄÐ	0	20.00	0	1	1	1	0	-1	23.00	5	1.0	2.0	3.0	4.0	5.0	-1.0	-1.0	-1.0	-1.0	-1.0	-1.0	-1.0	3	3	2	2	1	440	359955387	963	340	922	461	127.76	0	23.00	0.00	0.00	0.00
1	11	ÄÐ	0	20.00	0	1	1	1	0	-1	23.00	5	1.0	2.0	3.0	4.0	5.0	-1.0	-1.0	-1.0	-1.0	-1.0	-1.0	-1.0	3	3	2	2	1	441	359955427	964	340	922	461	128.08	0	23.00	0.00	0.00	0.00
1	11	ÄÐ	0	20.00	0	1	1	1	0	-1	23.00	5	1.0	2.0	3.0	4.0	5.0	-1.0	-1.0	-1.0	-1.0	-1.0	-1.0	-1.0	3	3	2	2	1	442	359955467	965	340	922	461	128.41	0	23.00	0.00	0.00	0.00
1	11	ÄÐ	0	20.00	0	1	1	1	0	-1	23.00	5	1.0	2.0	3.0	4.0	5.0	-1.0	-1.0	-1.0	-1.0	-1.0	-1.0	-1.0	3	3	2	2	1	443	359955507	966	340	922	461	128.75	0	23.00	0.00	0.00	0.00
1	11	ÄÐ	0	20.00	0	1	1	1	0	-1	23.00	5	1.0	2.0	3.0	4.0	5.0	-1.0	-1.0	-1.0	-1.0	-1.0	-1.0	-1.0	3	3	2	2	1	444	359955547	967	340	922	461	129.10	0	23.00	0.00	0.00	0.00
1	11	ÄÐ	0	20.00	0	1	1	1	0	-1	23.00	5	1.0	2.0	3.0	4.0	5.0	-1.0	-1.0	-1.0	-1.0	-1.0	-1.0	-1.0	3	3	2	2	1	445	359955587	968	340	922	461	129.45	0	23.00	0.00	0.00	0.00
1	11	ÄÐ	0	20.00	0	1	1	1	0	-1	23.00	5	1.0	2.0	3.0	4.0	5.0	-1.0	-1.0	-1.0	-1.0	-1.0	-1.0	-1.0	3	3	2	2	1	446	359955627	969	340	922	461	129.81	0	23.00	0.00	0.00	0.00
1	11	ÄÐ	0	20.00	0	1	1	1	0	-1	23.00	5	1.0	2.0	3.0	4.0	5.0	-1.0	-1.0	-1.0	-1.0	-1.0	-1.0	-1.0	3	3	2	2	1	447	359955667	970	340	922	461	130.17	0	23.00	0.00	0.00	0.00
1	11	ÄÐ	0	20.00	0	1	1	1	0	-1	23.00	5	1.0	2.0	3.0	4.0	5.0	-1.0	-1.0	-1.0	-1.0	-1.0	-1.0	-1.0	3	3	2	2	1	448	359955707	971	340	922	461	130.55	0	23.00	0.00	0.00	0.00
1	11	ÄÐ	0	20.00	0	1	1	1	0	-1	23.00	5	1.0	2.0	3.0	4.0	5.0	-1.0	-1.0	-1.0	-1.0	-1.0	-1.0	-1.0	3	3	2	2	1	449	359955747	972	340	922	461	130.92	0	23.00	0.00	0.00	0.00
1	11	ÄÐ	0	20.00	0	1	1	1	0	-1	23.00	5	1.0	2.0	3.0	4.0	5.0	-1.0	-1.0	-1.0	-1.0	-1.0	-1.0	-1.0	3	3	2	2	1	450	359955787	973	340	922	461	131.31	0	23.00	0.00	0.00	0.00
1	11	ÄÐ	0	20.00	0	1	1	1	0	-1	23.00	5	1.0	2.0	3.0	4.0	5.0	-1.0	-1.0	-1.0	-1.0	-1.0	-1.0	-1.0	3	3	2	2	1	451	359955827	974	340	922	461	131.70	0	23.00	0.00	0.00	0.00
1	11	ÄÐ	0	20.00	0	1	1	1	0	-1	23.00	5	1.0	2.0	3.0	4.0	5.0	-1.0	-1.0	-1.0	-1.0	-1.0	-1.0	-1.0	3	3	2	2	1	452	359955867	974	340	922	461	131.70	0	23.00	0.00	0.00	0.00
1	11	ÄÐ	0	20.00	0	1	1	1	0	-1	23.00	5	1.0	2.0	3.0	4.0	5.0	-1.0	-1.0	-1.0	-1.0	-1.0	-1.0	-1.0	3	3	2	2	1	453	359955907	975	340	922	461	132.10	0	23.00	0.00	0.00	0.00
1	11	ÄÐ	0	20.00	0	1	1	1	0	-1	23.00	5	1.0	2.0	3.0	4.0	5.0	-1.0	-1.0	-1.0	-1.0	-1.0	-1.0	-1.0	3	3	2	2	1	454	359955947	976	340	922	461	132.50	0	23.00	0.00	0.00	0.00
1	11	ÄÐ	0	20.00	0	1	1	1	0	-1	23.00	5	1.0	2.0	3.0	4.0	5.0	-1.0	-1.0	-1.0	-1.0	-1.0	-1.0	-1.0	3	3	2	2	1	455	359955987	977	340	922	461	132.91	0	23.00	0.00	0.00	0.00
1	11	ÄÐ	0	20.00	0	1	1	1	0	-1	23.00	5	1.0	2.0	3.0	4.0	5.0	-1.0	-1.0	-1.0	-1.0	-1.0	-1.0	-1.0	3	3	2	2	1	456	359956027	978	340	922	461	133.33	0	23.00	0.00	0.00	0.00
1	11	ÄÐ	0	20.00	0	1	1	1	0	-1	23.00	5	1.0	2.0	3.0	4.0	5.0	-1.0	-1.0	-1.0	-1.0	-1.0	-1.0	-1.0	3	3	2	2	1	457	359956067	979	340	922	461	133.75	0	23.00	0.00	0.00	0.00
1	11	ÄÐ	0	20.00	0	1	1	1	0	-1	23.00	5	1.0	2.0	3.0	4.0	5.0	-1.0	-1.0	-1.0	-1.0	-1.0	-1.0	-1.0	3	3	2	2	1	458	359956107	980	340	922	461	134.18	0	23.00	0.00	0.00	0.00
1	11	ÄÐ	0	20.00	0	1	1	1	0	-1	23.00	5	1.0	2.0	3.0	4.0	5.0	-1.0	-1.0	-1.0	-1.0	-1.0	-1.0	-1.0	3	3	2	2	1	459	359956147	981	340	922	461	134.62	0	23.00	0.00	0.00	0.00
1	11	ÄÐ	0	20.00	0	1	1	1	0	-1	23.00	5	1.0	2.0	3.0	4.0	5.0	-1.0	-1.0	-1.0	-1.0	-1.0	-1.0	-1.0	3	3	2	2	1	460	359956187	982	340	922	461	135.06	0	23.00	0.00	0.00	0.00
1	11	ÄÐ	0	20.00	0	1	1	1	0	-1	23.00	5	1.0	2.0	3.0	4.0	5.0	-1.0	-1.0	-1.0	-1.0	-1.0	-1.0	-1.0	3	3	2	2	1	461	359956227	983	340	922	461	135.51	0	23.00	0.00	0.00	0.00
1	11	ÄÐ	0	20.00	0	1	1	1	0	-1	23.00	5	1.0	2.0	3.0	4.0	5.0	-1.0	-1.0	-1.0	-1.0	-1.0	-1.0	-1.0	3	3	2	2	1	462	359956267	984	340	922	461	135.96	0	23.00	0.00	0.00	0.00
1	11	ÄÐ	0	20.00	0	1	1	1	0	-1	23.00	5	1.0	2.0	3.0	4.0	5.0	-1.0	-1.0	-1.0	-1.0	-1.0	-1.0	-1.0	3	3	2	2	1	463	359956307	985	340	922	461	136.42	0	23.00	0.00	75.00	79.00
1	11	ÄÐ	0	20.00	0	1	1	1	0	-1	23.00	5	1.0	2.0	3.0	4.0	5.0	-1.0	-1.0	-1.0	-1.0	-1.0	-1.0	-1.0	3	3	2	2	1	464	359956347	985	340	925	464	137.75	0	23.00	0.00	200.00	200.00
1	11	ÄÐ	0	20.00	0	1	1	1	0	-1	23.00	5	1.0	2.0	3.0	4.0	5.0	-1.0	-1.0	-1.0	-1.0	-1.0	-1.0	-1.0	3	3	2	2	1	465	359956387	986	340	933	472	142.24	0	23.00	0.00	200.00	200.00
1	11	ÄÐ	0	20.00	0	1	1	1	0	-1	23.00	5	1.0	2.0	3.0	4.0	5.0	-1.0	-1.0	-1.0	-1.0	-1.0	-1.0	-1.0	3	3	2	2	1	466	359956427	987	340	941	480	147.36	0	23.00	0.00	200.00	200.00
1	11	ÄÐ	0	20.00	0	1	1	1	0	-1	23.00	5	1.0	2.0	3.0	4.0	5.0	-1.0	-1.0	-1.0	-1.0	-1.0	-1.0	-1.0	3	3	2	2	1	467	359956467	988	340	949	488	153.05	0	23.00	0.00	200.00	200.00
1	11	ÄÐ	0	20.00	0	1	1	1	0	-1	23.00	5	1.0	2.0	3.0	4.0	5.0	-1.0	-1.0	-1.0	-1.0	-1.0	-1.0	-1.0	3	3	2	2	1	468	359956507	989	340	957	496	159.25	0	23.00	0.00	200.00	200.00
1	11	ÄÐ	0	20.00	0	1	1	1	0	-1	23.00	5	1.0	2.0	3.0	4.0	5.0	-1.0	-1.0	-1.0	-1.0	-1.0	-1.0	-1.0	3	3	2	2	1	469	359956547	990	340	965	504	165.89	0	23.00	0.00	200.00	200.00
1	11	ÄÐ	0	20.00	0	1	1	1	0	-1	23.00	5	1.0	2.0	3.0	4.0	5.0	-1.0	-1.0	-1.0	-1.0	-1.0	-1.0	-1.0	3	3	2	2	1	470	359956587	991	340	973	512	172.94	0	23.00	0.00	131.00	0.00
1	11	ÄÐ	0	20.00	0	1	1	1	0	-1	23.00	5	1.0	2.0	3.0	4.0	5.0	-1.0	-1.0	-1.0	-1.0	-1.0	-1.0	-1.0	3	3	2	2	1	471	359956627	992	340	978	512	172.57	0	23.00	0.00	0.00	0.00
1	11	ÄÐ	0	20.00	0	1	1	1	0	-1	23.00	5	1.0	2.0	3.0	4.0	5.0	-1.0	-1.0	-1.0	-1.0	-1.0	-1.0	-1.0	3	3	2	2	1	472	359956667	993	340	978	512	172.65	0	23.00	0.00	0.00	0.00
1	11	ÄÐ	0	20.00	0	1	1	1	0	-1	23.00	5	1.0	2.0	3.0	4.0	5.0	-1.0	-1.0	-1.0	-1.0	-1.0	-1.0	-1.0	3	3	2	2	1	473	359956707	994	340	978	512	172.74	0	23.00	0.00	0.00	0.00
1	11	ÄÐ	0	20.00	0	1	1	1	0	-1	23.00	5	1.0	2.0	3.0	4.0	5.0	-1.0	-1.0	-1.0	-1.0	-1.0	-1.0	-1.0	3	3	2	2	1	474	359956747	995	340	978	512	172.84	0	23.00	0.00	0.00	0.00
1	11	ÄÐ	0	20.00	0	1	1	1	0	-1	23.00	5	1.0	2.0	3.0	4.0	5.0	-1.0	-1.0	-1.0	-1.0	-1.0	-1.0	-1.0	3	3	2	2	1	475	359956787	996	340	978	512	172.94	0	23.00	0.00	0.00	0.00
1	11	ÄÐ	0	20.00	0	1	1	1	0	-1	23.00	5	1.0	2.0	3.0	4.0	5.0	-1.0	-1.0	-1.0	-1.0	-1.0	-1.0	-1.0	3	3	2	2	1	476	359956827	997	340	978	512	173.05	0	23.00	0.00	0.00	0.00
1	11	ÄÐ	0	20.00	0	1	1	1	0	-1	23.00	5	1.0	2.0	3.0	4.0	5.0	-1.0	-1.0	-1.0	-1.0	-1.0	-1.0	-1.0	3	3	2	2	1	477	359956867	997	340	978	512	173.05	0	23.00	0.00	0.00	0.00
1	11	ÄÐ	0	20.00	0	1	1	1	0	-1	23.00	5	1.0	2.0	3.0	4.0	5.0	-1.0	-1.0	-1.0	-1.0	-1.0	-1.0	-1.0	3	3	2	2	1	478	359956907	998	340	978	512	173.16	0	23.00	0.00	0.00	0.00
1	11	ÄÐ	0	20.00	0	1	1	1	0	-1	23.00	5	1.0	2.0	3.0	4.0	5.0	-1.0	-1.0	-1.0	-1.0	-1.0	-1.0	-1.0	3	3	2	2	1	479	359956947	999	340	978	512	173.28	0	23.00	0.00	0.00	0.00
1	11	ÄÐ	0	20.00	0	1	1	1	0	-1	23.00	5	1.0	2.0	3.0	4.0	5.0	-1.0	-1.0	-1.0	-1.0	-1.0	-1.0	-1.0	3	3	2	2	1	480	359956987	1000	340	978	512	173.40	0	23.00	0.00	0.00	0.00
1	11	ÄÐ	0	20.00	0	1	1	1	0	-1	23.00	5	1.0	2.0	3.0	4.0	5.0	-1.0	-1.0	-1.0	-1.0	-1.0	-1.0	-1.0	3	3	2	2	1	481	359957027	1001	340	978	512	173.53	0	23.00	0.00	0.00	0.00
1	11	ÄÐ	0	20.00	0	1	1	1	0	-1	23.00	5	1.0	2.0	3.0	4.0	5.0	-1.0	-1.0	-1.0	-1.0	-1.0	-1.0	-1.0	3	3	2	2	1	482	359957067	1002	340	978	512	173.67	0	23.00	0.00	0.00	0.00
1	11	ÄÐ	0	20.00	0	1	1	1	0	-1	23.00	5	1.0	2.0	3.0	4.0	5.0	-1.0	-1.0	-1.0	-1.0	-1.0	-1.0	-1.0	3	3	2	2	1	483	359957107	1003	340	978	512	173.81	0	23.00	0.00	0.00	0.00
1	11	ÄÐ	0	20.00	0	1	1	1	0	-1	23.00	5	1.0	2.0	3.0	4.0	5.0	-1.0	-1.0	-1.0	-1.0	-1.0	-1.0	-1.0	3	3	2	2	1	484	359957147	1004	340	978	512	173.95	0	23.00	0.00	0.00	0.00
1	11	ÄÐ	0	20.00	0	1	1	1	0	-1	23.00	5	1.0	2.0	3.0	4.0	5.0	-1.0	-1.0	-1.0	-1.0	-1.0	-1.0	-1.0	3	3	2	2	1	485	359957187	1005	340	978	512	174.11	0	23.00	0.00	0.00	0.00
1	11	ÄÐ	0	20.00	0	1	1	1	0	-1	23.00	5	1.0	2.0	3.0	4.0	5.0	-1.0	-1.0	-1.0	-1.0	-1.0	-1.0	-1.0	3	3	2	2	1	486	359957227	1006	340	978	512	174.26	0	23.00	0.00	0.00	0.00
1	11	ÄÐ	0	20.00	0	1	1	1	0	-1	23.00	5	1.0	2.0	3.0	4.0	5.0	-1.0	-1.0	-1.0	-1.0	-1.0	-1.0	-1.0	3	3	2	2	1	487	359957267	1007	340	978	512	174.43	0	23.00	0.00	0.00	0.00
1	11	ÄÐ	0	20.00	0	1	1	1	0	-1	23.00	5	1.0	2.0	3.0	4.0	5.0	-1.0	-1.0	-1.0	-1.0	-1.0	-1.0	-1.0	3	3	2	2	1	488	359957307	1008	340	978	512	174.60	0	23.00	0.00	0.00	0.00
1	11	ÄÐ	0	20.00	0	1	1	1	0	-1	23.00	5	1.0	2.0	3.0	4.0	5.0	-1.0	-1.0	-1.0	-1.0	-1.0	-1.0	-1.0	3	3	2	2	1	489	359957347	1008	340	978	512	174.60	0	23.00	0.00	0.00	0.00
1	11	ÄÐ	0	20.00	0	1	1	1	0	-1	23.00	5	1.0	2.0	3.0	4.0	5.0	-1.0	-1.0	-1.0	-1.0	-1.0	-1.0	-1.0	3	3	2	2	1	490	359957387	1009	340	978	512	174.77	0	23.00	0.00	0.00	0.00
1	11	ÄÐ	0	20.00	0	1	1	1	0	-1	23.00	5	1.0	2.0	3.0	4.0	5.0	-1.0	-1.0	-1.0	-1.0	-1.0	-1.0	-1.0	3	3	2	2	1	491	359957427	1010	340	978	512	174.95	0	23.00	0.00	0.00	0.00
1	11	ÄÐ	0	20.00	0	1	1	1	0	-1	23.00	5	1.0	2.0	3.0	4.0	5.0	-1.0	-1.0	-1.0	-1.0	-1.0	-1.0	-1.0	3	3	2	2	1	492	359957467	1011	340	978	512	175.14	0	23.00	0.00	0.00	0.00
1	11	ÄÐ	0	20.00	0	1	1	1	0	-1	23.00	5	1.0	2.0	3.0	4.0	5.0	-1.0	-1.0	-1.0	-1.0	-1.0	-1.0	-1.0	3	3	2	2	1	493	359957507	1012	340	978	512	175.33	0	23.00	0.00	0.00	0.00
1	11	ÄÐ	0	20.00	0	1	1	1	0	-1	23.00	5	1.0	2.0	3.0	4.0	5.0	-1.0	-1.0	-1.0	-1.0	-1.0	-1.0	-1.0	3	3	2	2	1	494	359957547	1013	340	978	512	175.52	0	23.00	0.00	0.00	0.00
1	11	ÄÐ	0	20.00	0	1	1	1	0	-1	23.00	5	1.0	2.0	3.0	4.0	5.0	-1.0	-1.0	-1.0	-1.0	-1.0	-1.0	-1.0	3	3	2	2	1	495	359957587	1014	340	978	512	175.73	0	23.00	0.00	0.00	0.00
1	11	ÄÐ	0	20.00	0	1	1	1	0	-1	23.00	5	1.0	2.0	3.0	4.0	5.0	-1.0	-1.0	-1.0	-1.0	-1.0	-1.0	-1.0	3	3	2	2	1	496	359957627	1015	340	978	512	175.93	0	23.00	0.00	0.00	0.00
1	11	ÄÐ	0	20.00	0	1	1	1	0	-1	23.00	5	1.0	2.0	3.0	4.0	5.0	-1.0	-1.0	-1.0	-1.0	-1.0	-1.0	-1.0	3	3	2	2	1	497	359957667	1016	340	978	512	176.15	0	23.00	0.00	0.00	0.00
1	11	ÄÐ	0	20.00	0	1	1	1	0	-1	23.00	5	1.0	2.0	3.0	4.0	5.0	-1.0	-1.0	-1.0	-1.0	-1.0	-1.0	-1.0	3	3	2	2	1	498	359957707	1017	340	978	512	176.37	0	23.00	0.00	0.00	0.00
1	11	ÄÐ	0	20.00	0	1	1	1	0	-1	23.00	5	1.0	2.0	3.0	4.0	5.0	-1.0	-1.0	-1.0	-1.0	-1.0	-1.0	-1.0	3	3	2	2	1	499	359957747	1018	340	978	512	176.59	0	23.00	0.00	0.00	0.00
1	11	ÄÐ	0	20.00	0	1	1	1	0	-1	23.00	5	1.0	2.0	3.0	4.0	5.0	-1.0	-1.0	-1.0	-1.0	-1.0	-1.0	-1.0	3	3	2	2	1	500	359957787	1019	340	978	512	176.82	0	23.00	0.00	0.00	0.00
1	11	ÄÐ	0	20.00	0	1	1	1	0	-1	23.00	5	1.0	2.0	3.0	4.0	5.0	-1.0	-1.0	-1.0	-1.0	-1.0	-1.0	-1.0	3	3	2	2	1	501	359957827	1020	340	978	512	177.05	0	23.00	0.00	0.00	0.00
1	11	ÄÐ	0	20.00	0	1	1	1	0	-1	23.00	5	1.0	2.0	3.0	4.0	5.0	-1.0	-1.0	-1.0	-1.0	-1.0	-1.0	-1.0	3	3	2	2	1	502	359957867	1020	340	978	512	177.05	0	23.00	0.00	0.00	0.00
1	11	ÄÐ	0	20.00	0	1	1	1	0	-1	23.00	5	1.0	2.0	3.0	4.0	5.0	-1.0	-1.0	-1.0	-1.0	-1.0	-1.0	-1.0	3	3	2	2	1	503	359957907	1021	340	978	512	177.29	0	23.00	0.00	0.00	0.00
1	11	ÄÐ	0	20.00	0	1	1	1	0	-1	23.00	5	1.0	2.0	3.0	4.0	5.0	-1.0	-1.0	-1.0	-1.0	-1.0	-1.0	-1.0	3	3	2	2	1	504	359957947	1022	340	978	512	177.54	0	23.00	0.00	0.00	0.00
1	11	ÄÐ	0	20.00	0	1	1	1	0	-1	23.00	5	1.0	2.0	3.0	4.0	5.0	-1.0	-1.0	-1.0	-1.0	-1.0	-1.0	-1.0	3	3	2	2	1	505	359957987	1023	340	978	512	177.79	0	23.00	0.00	0.00	0.00
1	11	ÄÐ	0	20.00	0	1	1	1	0	-1	23.00	5	1.0	2.0	3.0	4.0	5.0	-1.0	-1.0	-1.0	-1.0	-1.0	-1.0	-1.0	3	3	2	2	1	506	359958027	1024	340	978	512	178.04	0	23.00	0.00	0.00	0.00
1	11	ÄÐ	0	20.00	0	1	1	1	0	-1	23.00	5	1.0	2.0	3.0	4.0	5.0	-1.0	-1.0	-1.0	-1.0	-1.0	-1.0	-1.0	3	3	2	2	1	507	359958067	1025	340	978	512	178.31	0	23.00	0.00	0.00	0.00
1	11	ÄÐ	0	20.00	0	1	1	1	0	-1	23.00	5	1.0	2.0	3.0	4.0	5.0	-1.0	-1.0	-1.0	-1.0	-1.0	-1.0	-1.0	3	3	2	2	1	508	359958107	1026	340	978	512	178.57	0	23.00	0.00	0.00	0.00
1	11	ÄÐ	0	20.00	0	1	1	1	0	-1	23.00	5	1.0	2.0	3.0	4.0	5.0	-1.0	-1.0	-1.0	-1.0	-1.0	-1.0	-1.0	3	3	2	2	1	509	359958147	1027	340	978	512	178.84	0	23.00	0.00	0.00	0.00
1	11	ÄÐ	0	20.00	0	1	1	1	0	-1	23.00	5	1.0	2.0	3.0	4.0	5.0	-1.0	-1.0	-1.0	-1.0	-1.0	-1.0	-1.0	3	3	2	2	1	510	359958187	1028	340	978	512	179.12	0	23.00	0.00	0.00	0.00
1	11	ÄÐ	0	20.00	0	1	1	1	0	-1	23.00	5	1.0	2.0	3.0	4.0	5.0	-1.0	-1.0	-1.0	-1.0	-1.0	-1.0	-1.0	3	3	2	2	1	511	359958227	1029	340	978	512	179.40	0	23.00	0.00	0.00	0.00
1	11	ÄÐ	0	20.00	0	1	1	1	0	-1	23.00	5	1.0	2.0	3.0	4.0	5.0	-1.0	-1.0	-1.0	-1.0	-1.0	-1.0	-1.0	3	3	2	2	1	512	359958267	1030	340	978	512	179.69	0	23.00	0.00	0.00	0.00
1	11	ÄÐ	0	20.00	0	1	1	1	0	-1	23.00	5	1.0	2.0	3.0	4.0	5.0	-1.0	-1.0	-1.0	-1.0	-1.0	-1.0	-1.0	3	3	2	2	1	513	359958307	1031	340	978	512	179.98	0	23.00	0.00	0.00	0.00
1	11	ÄÐ	0	20.00	0	1	1	1	0	-1	23.00	5	1.0	2.0	3.0	4.0	5.0	-1.0	-1.0	-1.0	-1.0	-1.0	-1.0	-1.0	3	3	2	2	1	514	359958347	1031	340	978	512	179.98	0	23.00	0.00	0.00	0.00
1	11	ÄÐ	0	20.00	0	1	1	1	0	-1	23.00	5	1.0	2.0	3.0	4.0	5.0	-1.0	-1.0	-1.0	-1.0	-1.0	-1.0	-1.0	3	3	2	2	1	515	359958387	1032	340	978	512	180.28	0	23.00	0.00	0.00	0.00
1	11	ÄÐ	0	20.00	0	1	1	1	0	-1	23.00	5	1.0	2.0	3.0	4.0	5.0	-1.0	-1.0	-1.0	-1.0	-1.0	-1.0	-1.0	3	3	2	2	1	516	359958427	1033	340	978	512	180.58	0	23.00	0.00	0.00	0.00
1	11	ÄÐ	0	20.00	0	1	1	1	0	-1	23.00	5	1.0	2.0	3.0	4.0	5.0	-1.0	-1.0	-1.0	-1.0	-1.0	-1.0	-1.0	3	3	2	2	1	517	359958467	1034	340	978	512	180.89	0	23.00	0.00	0.00	0.00
1	11	ÄÐ	0	20.00	0	1	1	1	0	-1	23.00	5	1.0	2.0	3.0	4.0	5.0	-1.0	-1.0	-1.0	-1.0	-1.0	-1.0	-1.0	3	3	2	2	1	518	359958507	1035	340	978	512	181.20	0	23.00	0.00	0.00	0.00
1	11	ÄÐ	0	20.00	0	1	1	1	0	-1	23.00	5	1.0	2.0	3.0	4.0	5.0	-1.0	-1.0	-1.0	-1.0	-1.0	-1.0	-1.0	3	3	2	2	1	519	359958547	1036	340	978	512	181.52	0	23.00	0.00	0.00	0.00
1	11	ÄÐ	0	20.00	0	1	1	1	0	-1	23.00	5	1.0	2.0	3.0	4.0	5.0	-1.0	-1.0	-1.0	-1.0	-1.0	-1.0	-1.0	3	3	2	2	1	520	359958587	1037	340	978	512	181.84	0	23.00	0.00	0.00	0.00
1	11	ÄÐ	0	20.00	0	1	1	1	0	-1	23.00	5	1.0	2.0	3.0	4.0	5.0	-1.0	-1.0	-1.0	-1.0	-1.0	-1.0	-1.0	3	3	2	2	1	521	359958627	1038	340	978	512	182.16	0	23.00	0.00	0.00	0.00
1	11	ÄÐ	0	20.00	0	1	1	1	0	-1	23.00	5	1.0	2.0	3.0	4.0	5.0	-1.0	-1.0	-1.0	-1.0	-1.0	-1.0	-1.0	3	3	2	2	1	522	359958667	1039	340	978	512	182.50	0	23.00	0.00	0.00	0.00
1	11	ÄÐ	0	20.00	0	1	1	1	0	-1	23.00	5	1.0	2.0	3.0	4.0	5.0	-1.0	-1.0	-1.0	-1.0	-1.0	-1.0	-1.0	3	3	2	2	1	523	359958707	1040	340	978	512	182.83	0	23.00	0.00	0.00	0.00
1	11	ÄÐ	0	20.00	0	1	1	1	0	-1	23.00	5	1.0	2.0	3.0	4.0	5.0	-1.0	-1.0	-1.0	-1.0	-1.0	-1.0	-1.0	3	3	2	2	1	524	359958747	1041	340	978	512	183.17	0	23.00	0.00	0.00	0.00
1	11	ÄÐ	0	20.00	0	1	1	1	0	-1	23.00	5	1.0	2.0	3.0	4.0	5.0	-1.0	-1.0	-1.0	-1.0	-1.0	-1.0	-1.0	3	3	2	2	1	525	359958787	1042	340	978	512	183.52	0	23.00	0.00	0.00	0.00
1	11	ÄÐ	0	20.00	0	1	1	1	0	-1	23.00	5	1.0	2.0	3.0	4.0	5.0	-1.0	-1.0	-1.0	-1.0	-1.0	-1.0	-1.0	3	3	2	2	1	526	359958827	1043	340	978	512	183.87	0	23.00	0.00	0.00	0.00
1	11	ÄÐ	0	20.00	0	1	1	1	0	-1	23.00	5	1.0	2.0	3.0	4.0	5.0	-1.0	-1.0	-1.0	-1.0	-1.0	-1.0	-1.0	3	3	2	2	1	527	359958867	1043	340	978	512	183.87	0	23.00	0.00	0.00	0.00
1	11	ÄÐ	0	20.00	0	1	1	1	0	-1	23.00	5	1.0	2.0	3.0	4.0	5.0	-1.0	-1.0	-1.0	-1.0	-1.0	-1.0	-1.0	3	3	2	2	1	528	359958907	1044	340	978	512	184.23	0	23.00	0.00	0.00	0.00
1	11	ÄÐ	0	20.00	0	1	1	1	0	-1	23.00	5	1.0	2.0	3.0	4.0	5.0	-1.0	-1.0	-1.0	-1.0	-1.0	-1.0	-1.0	3	3	2	2	1	529	359958947	1045	340	978	512	184.59	0	23.00	0.00	0.00	0.00
1	11	ÄÐ	0	20.00	0	1	1	1	0	-1	23.00	5	1.0	2.0	3.0	4.0	5.0	-1.0	-1.0	-1.0	-1.0	-1.0	-1.0	-1.0	3	3	2	2	1	530	359958987	1046	340	978	512	184.95	0	23.00	0.00	0.00	0.00
1	11	ÄÐ	0	20.00	0	1	1	1	0	-1	23.00	5	1.0	2.0	3.0	4.0	5.0	-1.0	-1.0	-1.0	-1.0	-1.0	-1.0	-1.0	3	3	2	2	1	531	359959027	1047	340	978	512	185.32	0	23.00	0.00	0.00	0.00
1	11	ÄÐ	0	20.00	0	1	1	1	0	-1	23.00	5	1.0	2.0	3.0	4.0	5.0	-1.0	-1.0	-1.0	-1.0	-1.0	-1.0	-1.0	3	3	2	2	1	532	359959067	1048	340	978	512	185.70	0	23.00	0.00	0.00	0.00
1	11	ÄÐ	0	20.00	0	1	1	1	0	-1	23.00	5	1.0	2.0	3.0	4.0	5.0	-1.0	-1.0	-1.0	-1.0	-1.0	-1.0	-1.0	3	3	2	2	1	533	359959107	1049	340	978	512	186.08	0	23.00	0.00	0.00	0.00
1	11	ÄÐ	0	20.00	0	1	1	1	0	-1	23.00	5	1.0	2.0	3.0	4.0	5.0	-1.0	-1.0	-1.0	-1.0	-1.0	-1.0	-1.0	3	3	2	2	1	534	359959147	1050	340	978	512	186.46	0	23.00	0.00	0.00	0.00
1	11	ÄÐ	0	20.00	0	1	1	1	0	-1	23.00	5	1.0	2.0	3.0	4.0	5.0	-1.0	-1.0	-1.0	-1.0	-1.0	-1.0	-1.0	3	3	2	2	1	535	359959187	1051	340	978	512	186.85	0	23.00	0.00	0.00	0.00
1	11	ÄÐ	0	20.00	0	1	1	1	0	-1	23.00	5	1.0	2.0	3.0	4.0	5.0	-1.0	-1.0	-1.0	-1.0	-1.0	-1.0	-1.0	3	3	2	2	1	536	359959227	1052	340	978	512	187.24	0	23.00	0.00	0.00	0.00
1	11	ÄÐ	0	20.00	0	1	1	1	0	-1	23.00	5	1.0	2.0	3.0	4.0	5.0	-1.0	-1.0	-1.0	-1.0	-1.0	-1.0	-1.0	3	3	2	2	1	537	359959267	1053	340	978	512	187.64	0	23.00	0.00	0.00	0.00
1	11	ÄÐ	0	20.00	0	1	1	1	0	-1	23.00	5	1.0	2.0	3.0	4.0	5.0	-1.0	-1.0	-1.0	-1.0	-1.0	-1.0	-1.0	3	3	2	2	1	538	359959307	1054	340	978	512	188.04	0	23.00	0.00	0.00	0.00
1	11	ÄÐ	0	20.00	0	1	1	1	0	-1	23.00	5	1.0	2.0	3.0	4.0	5.0	-1.0	-1.0	-1.0	-1.0	-1.0	-1.0	-1.0	3	3	2	2	1	539	359959347	1054	340	978	512	188.04	0	23.00	0.00	0.00	0.00
1	11	ÄÐ	0	20.00	0	1	1	1	0	-1	23.00	5	1.0	2.0	3.0	4.0	5.0	-1.0	-1.0	-1.0	-1.0	-1.0	-1.0	-1.0	3	3	2	2	1	540	359959387	1055	340	978	512	188.45	0	23.00	0.00	0.00	0.00
1	11	ÄÐ	0	20.00	0	1	1	1	0	-1	23.00	5	1.0	2.0	3.0	4.0	5.0	-1.0	-1.0	-1.0	-1.0	-1.0	-1.0	-1.0	3	3	2	2	1	541	359959427	1056	340	978	512	188.86	0	23.00	0.00	0.00	0.00
1	11	ÄÐ	0	20.00	0	1	1	1	0	-1	23.00	5	1.0	2.0	3.0	4.0	5.0	-1.0	-1.0	-1.0	-1.0	-1.0	-1.0	-1.0	3	3	2	2	1	542	359959467	1057	340	978	512	189.27	0	23.00	0.00	0.00	0.00
1	11	ÄÐ	0	20.00	0	1	1	1	0	-1	23.00	5	1.0	2.0	3.0	4.0	5.0	-1.0	-1.0	-1.0	-1.0	-1.0	-1.0	-1.0	3	3	2	2	1	543	359959507	1058	340	978	512	189.69	0	23.00	0.00	0.00	0.00
1	11	ÄÐ	0	20.00	0	1	1	1	0	-1	23.00	5	1.0	2.0	3.0	4.0	5.0	-1.0	-1.0	-1.0	-1.0	-1.0	-1.0	-1.0	3	3	2	2	1	544	359959547	1059	340	978	512	190.12	0	23.00	0.00	0.00	0.00
1	11	ÄÐ	0	20.00	0	1	1	1	0	-1	23.00	5	1.0	2.0	3.0	4.0	5.0	-1.0	-1.0	-1.0	-1.0	-1.0	-1.0	-1.0	3	3	2	2	1	545	359959587	1060	340	978	512	190.55	0	23.00	0.00	0.00	0.00
1	11	ÄÐ	0	20.00	0	1	1	1	0	-1	23.00	5	1.0	2.0	3.0	4.0	5.0	-1.0	-1.0	-1.0	-1.0	-1.0	-1.0	-1.0	3	3	2	2	1	546	359959627	1061	340	978	512	190.98	0	23.00	0.00	0.00	0.00
1	11	ÄÐ	0	20.00	0	1	1	1	0	-1	23.00	5	1.0	2.0	3.0	4.0	5.0	-1.0	-1.0	-1.0	-1.0	-1.0	-1.0	-1.0	3	3	2	2	1	547	359959667	1062	340	978	512	191.42	0	23.00	0.00	0.00	0.00
1	11	ÄÐ	0	20.00	0	1	1	1	0	-1	23.00	5	1.0	2.0	3.0	4.0	5.0	-1.0	-1.0	-1.0	-1.0	-1.0	-1.0	-1.0	3	3	2	2	1	548	359959707	1063	340	978	512	191.86	0	23.00	0.00	0.00	0.00
1	11	ÄÐ	0	20.00	0	1	1	1	0	-1	23.00	5	1.0	2.0	3.0	4.0	5.0	-1.0	-1.0	-1.0	-1.0	-1.0	-1.0	-1.0	3	3	2	2	1	549	359959747	1064	340	978	512	192.30	0	23.00	0.00	0.00	0.00
1	11	ÄÐ	0	20.00	0	1	1	1	0	-1	23.00	5	1.0	2.0	3.0	4.0	5.0	-1.0	-1.0	-1.0	-1.0	-1.0	-1.0	-1.0	3	3	2	2	1	550	359959787	1065	340	978	512	192.75	0	23.00	0.00	0.00	0.00
1	11	ÄÐ	0	20.00	0	1	1	1	0	-1	23.00	5	1.0	2.0	3.0	4.0	5.0	-1.0	-1.0	-1.0	-1.0	-1.0	-1.0	-1.0	3	3	2	2	1	551	359959827	1066	340	978	512	193.20	0	23.00	0.00	0.00	0.00
1	11	ÄÐ	0	20.00	0	1	1	1	0	-1	23.00	5	1.0	2.0	3.0	4.0	5.0	-1.0	-1.0	-1.0	-1.0	-1.0	-1.0	-1.0	3	3	2	2	1	552	359959867	1066	340	978	512	193.20	0	23.00	0.00	0.00	0.00
1	11	ÄÐ	0	20.00	0	1	1	1	0	-1	23.00	5	1.0	2.0	3.0	4.0	5.0	-1.0	-1.0	-1.0	-1.0	-1.0	-1.0	-1.0	3	3	2	2	1	553	359959907	1067	340	978	512	193.66	0	23.00	0.00	0.00	0.00
1	11	ÄÐ	0	20.00	0	1	1	1	0	-1	23.00	5	1.0	2.0	3.0	4.0	5.0	-1.0	-1.0	-1.0	-1.0	-1.0	-1.0	-1.0	3	3	2	2	1	554	359959947	1068	340	978	512	194.12	0	23.00	0.00	0.00	0.00
1	11	ÄÐ	0	20.00	0	1	1	1	0	-1	23.00	5	1.0	2.0	3.0	4.0	5.0	-1.0	-1.0	-1.0	-1.0	-1.0	-1.0	-1.0	3	3	2	2	1	555	359959987	1069	340	978	512	194.59	0	23.00	0.00	0.00	0.00
1	11	ÄÐ	0	20.00	0	1	1	1	0	-1	23.00	5	1.0	2.0	3.0	4.0	5.0	-1.0	-1.0	-1.0	-1.0	-1.0	-1.0	-1.0	3	3	2	2	1	556	359960027	1070	340	978	512	195.06	0	23.00	0.00	0.00	0.00
1	11	ÄÐ	0	20.00	0	1	1	1	0	-1	23.00	5	1.0	2.0	3.0	4.0	5.0	-1.0	-1.0	-1.0	-1.0	-1.0	-1.0	-1.0	3	3	2	2	1	557	359960067	1071	340	978	512	195.53	0	23.00	0.00	0.00	0.00
1	11	ÄÐ	0	20.00	0	1	1	1	0	-1	23.00	5	1.0	2.0	3.0	4.0	5.0	-1.0	-1.0	-1.0	-1.0	-1.0	-1.0	-1.0	3	3	2	2	1	558	359960107	1072	340	978	512	196.01	0	23.00	0.00	0.00	0.00
1	11	ÄÐ	0	20.00	0	1	1	1	0	-1	23.00	5	1.0	2.0	3.0	4.0	5.0	-1.0	-1.0	-1.0	-1.0	-1.0	-1.0	-1.0	3	3	2	2	1	559	359960147	1073	340	978	512	196.49	0	23.00	0.00	0.00	0.00
