Pra_Test	PointNum	PointTime	ObjPointX	ObjPointY	PostPointX	PostPointY	Distance	Hit	ObjSpeedX	ObjSpeedY	PostSpeedX	PostSpeedY
1	1	1654401	1259	597	960	600	447.21	0	100.00	0.00	0.00	-300.00
1	2	1654442	1259	594	960	590	299.03	0	100.00	0.00	0.00	-300.00
1	3	1654483	1259	589	960	577	299.24	0	100.00	0.00	0.00	-300.00
1	4	1654524	1259	585	960	564	299.74	0	100.00	0.00	0.00	-300.00
1	5	1654564	1259	581	960	551	300.50	0	100.00	0.00	0.00	0.00
1	6	1654605	1259	577	960	551	300.13	0	100.00	0.00	0.00	0.00
1	7	1654646	1258	573	960	551	298.81	0	100.00	0.00	0.00	0.00
1	8	1654687	1258	569	960	551	298.54	0	100.00	0.00	0.00	0.00
1	9	1654728	1257	565	960	551	297.33	0	100.00	0.00	0.00	0.00
1	10	1654769	1257	560	960	551	297.14	0	100.00	0.00	0.00	0.00
1	11	1654810	1256	556	960	551	296.04	0	100.00	0.00	300.00	0.00
1	12	1654851	1256	553	969	551	287.01	0	100.00	0.00	300.00	0.00
1	13	1654892	1255	549	982	551	273.01	0	100.00	0.00	300.00	0.00
1	14	1654932	1254	545	996	551	258.07	0	100.00	0.00	300.00	0.00
1	15	1654973	1254	540	1009	551	245.25	0	100.00	0.00	300.00	0.00
1	16	1655014	1253	537	1020	551	233.42	0	100.00	0.00	300.00	0.00
1	17	1655054	1252	532	1032	551	220.82	0	100.00	0.00	300.00	0.00
1	18	1655095	1251	528	1045	551	207.28	0	100.00	0.00	300.00	0.00
1	19	1655136	1250	524	1058	551	193.89	0	100.00	0.00	300.00	0.00
1	20	1655177	1249	521	1069	551	182.48	0	100.00	0.00	300.00	0.00
1	21	1655218	1248	516	1083	551	168.67	0	100.00	0.00	300.00	0.00
1	22	1655259	1247	513	1093	551	158.62	0	100.00	0.00	300.00	0.00
1	23	1655299	1246	509	1106	551	146.16	0	100.00	0.00	300.00	0.00
1	24	1655340	1244	505	1118	551	134.13	0	100.00	0.00	300.00	0.00
1	25	1655381	1243	501	1131	551	122.65	0	100.00	0.00	300.00	0.00
1	26	1655422	1241	497	1144	551	111.02	0	100.00	0.00	300.00	0.00
1	27	1655463	1240	493	1155	551	102.90	0	100.00	0.00	300.00	0.00
1	28	1655504	1239	489	1168	551	94.26	0	100.00	0.00	300.00	0.00
1	29	1655545	1237	485	1181	551	86.56	0	100.00	0.00	300.00	0.00
1	30	1655585	1235	482	1194	551	80.26	0	100.00	0.00	300.00	0.00
1	31	1655626	1234	478	1204	551	78.92	0	100.00	0.00	300.00	0.00
1	32	1655666	1232	475	1216	551	77.67	0	100.00	0.00	300.00	0.00
1	33	1655707	1231	471	1229	551	80.02	0	100.00	0.00	300.00	0.00
1	34	1655748	1229	467	1242	551	85.00	0	100.00	0.00	300.00	0.00
1	35	1655789	1227	463	1255	551	92.35	0	100.00	0.00	300.00	0.00
1	36	1655829	1225	460	1265	551	99.40	0	100.00	0.00	0.00	0.00
1	37	1655870	1223	456	1265	551	103.87	0	100.00	0.00	0.00	0.00
1	38	1655911	1221	452	1265	551	108.34	0	100.00	0.00	0.00	0.00
1	39	1655952	1219	450	1265	551	110.98	0	100.00	0.00	0.00	0.00
1	40	1655992	1217	446	1265	551	115.45	0	100.00	0.00	0.00	0.00
1	41	1656033	1215	442	1265	551	119.92	0	100.00	0.00	0.00	0.00
1	42	1656073	1212	438	1265	551	124.81	0	100.00	0.00	0.00	0.00
1	43	1656114	1211	435	1265	551	127.95	0	100.00	0.00	0.00	0.00
1	44	1656155	1208	432	1265	551	131.95	0	100.00	0.00	0.00	0.00
1	45	1656196	1206	428	1265	551	136.42	0	100.00	0.00	0.00	0.00
1	46	1656237	1203	425	1265	551	140.43	0	100.00	0.00	0.00	0.00
1	47	1656278	1201	421	1265	551	144.90	0	100.00	0.00	0.00	0.00
1	48	1656318	1199	418	1265	551	148.48	0	100.00	0.00	0.00	0.00
1	49	1656358	1196	415	1265	551	152.50	0	100.00	0.00	0.00	0.00
1	50	1656399	1193	412	1265	551	156.54	0	100.00	0.00	0.00	0.00
1	51	1656440	1191	408	1265	551	161.01	0	100.00	0.00	0.00	0.00
1	52	1656480	1188	406	1265	551	164.18	0	100.00	0.00	0.00	0.00
1	53	1656521	1186	402	1265	551	168.65	0	100.00	0.00	0.00	0.00
1	54	1656561	1183	399	1265	551	172.71	0	100.00	0.00	0.00	0.00
1	55	1656602	1180	396	1265	551	176.78	0	100.00	0.00	0.00	0.00
1	56	1656642	1178	394	1265	551	179.49	0	100.00	0.00	0.00	0.00
1	57	1656683	1175	390	1265	551	184.45	0	100.00	0.00	-300.00	0.00
1	58	1656724	1172	387	1253	551	182.91	0	100.00	0.00	-300.00	0.00
1	59	1656765	1168	384	1239	551	181.47	0	100.00	0.00	-300.00	0.00
1	60	1656805	1166	382	1229	551	180.36	0	100.00	0.00	-300.00	0.00
1	61	1656846	1163	379	1216	551	179.98	0	100.00	0.00	-300.00	0.00
1	62	1656886	1159	376	1202	551	180.21	0	100.00	0.00	0.00	0.00
1	63	1656927	1156	373	1202	551	183.85	0	100.00	0.00	0.00	0.00
1	64	1656967	1154	371	1202	551	186.29	0	100.00	0.00	0.00	0.00
1	65	1657008	1150	368	1202	551	190.24	0	100.00	0.00	0.00	0.00
1	66	1657049	1147	365	1202	551	193.96	0	100.00	0.00	-300.00	0.00
1	67	1657090	1144	363	1190	551	193.55	0	100.00	0.00	-300.00	0.00
1	68	1657131	1141	360	1180	551	194.94	0	100.00	0.00	-300.00	0.00
1	69	1657172	1137	358	1167	551	195.32	0	100.00	0.00	-300.00	0.00
1	70	1657212	1134	355	1153	551	196.92	0	100.00	0.00	-300.00	0.00
1	71	1657253	1131	353	1143	551	198.36	0	100.00	0.00	-300.00	0.00
1	72	1657293	1127	351	1130	551	200.02	0	100.00	0.00	-300.00	0.00
1	73	1657333	1124	348	1117	551	203.12	0	100.00	0.00	-300.00	0.00
1	74	1657374	1120	346	1104	551	205.62	0	100.00	0.00	-300.00	0.00
1	75	1657415	1117	344	1094	551	208.27	0	100.00	0.00	-300.00	0.00
1	76	1657456	1114	342	1081	551	211.59	0	100.00	0.00	-300.00	0.00
1	77	1657497	1110	340	1068	551	215.14	0	100.00	0.00	-300.00	0.00
1	78	1657538	1106	338	1055	551	219.02	0	100.00	0.00	-300.00	0.00
1	79	1657579	1102	336	1042	551	223.22	0	100.00	0.00	-300.00	0.00
1	80	1657620	1099	334	1032	551	227.11	0	100.00	0.00	-300.00	0.00
1	81	1657661	1095	332	1018	551	232.14	0	100.00	0.00	-300.00	0.00
1	82	1657702	1092	330	1005	551	237.51	0	100.00	0.00	-300.00	0.00
1	83	1657742	1088	329	995	551	240.69	0	100.00	0.00	-300.00	0.00
1	84	1657783	1084	327	981	551	246.55	0	100.00	0.00	-300.00	0.00
1	85	1657824	1081	325	971	551	251.35	0	100.00	0.00	-300.00	0.00
1	86	1657865	1077	324	958	551	256.30	0	100.00	0.00	-300.00	0.00
1	87	1657906	1073	322	944	551	262.83	0	100.00	0.00	-300.00	0.00
1	88	1657947	1070	320	933	551	268.57	0	100.00	0.00	-300.00	0.00
1	89	1657988	1065	319	920	551	273.59	0	100.00	0.00	-300.00	0.00
1	90	1658029	1061	317	908	551	279.58	0	100.00	0.00	-300.00	0.00
1	91	1658070	1057	316	895	551	285.43	0	100.00	0.00	-300.00	0.00
1	92	1658111	1054	315	885	551	290.27	0	100.00	0.00	0.00	0.00
1	93	1658152	1050	314	885	551	288.78	0	100.00	0.00	0.00	0.00
1	94	1658193	1046	312	885	551	288.17	0	100.00	0.00	0.00	0.00
1	95	1658234	1042	311	885	551	286.79	0	100.00	0.00	0.00	0.00
1	96	1658274	1038	310	885	551	285.46	0	100.00	0.00	300.00	0.00
1	97	1658315	1034	309	899	551	277.11	0	100.00	0.00	300.00	0.00
1	98	1658356	1031	308	908	551	272.36	0	100.00	0.00	300.00	0.00
1	99	1658396	1026	307	922	551	265.24	0	100.00	0.00	300.00	300.00
1	100	1658437	1022	306	936	566	273.85	0	100.00	0.00	300.00	300.00
1	101	1658477	1019	305	946	575	279.69	0	100.00	0.00	300.00	300.00
1	102	1658517	1014	305	959	588	288.29	0	100.00	0.00	300.00	300.00
1	103	1658558	1010	304	972	601	299.42	0	100.00	0.00	300.00	300.00
1	104	1658598	1006	303	984	614	311.78	0	100.00	0.00	0.00	300.00
1	105	1658638	1002	302	984	627	325.50	0	100.00	0.00	0.00	300.00
1	106	1658678	998	302	984	638	336.29	0	100.00	0.00	0.00	300.00
1	107	1658719	994	301	984	652	351.14	0	100.00	0.00	-300.00	300.00
1	108	1658760	990	301	974	662	361.35	0	100.00	0.00	-300.00	300.00
1	109	1658800	986	301	962	675	374.77	0	100.00	0.00	-300.00	300.00
1	110	1658841	982	300	948	688	389.49	0	100.00	0.00	-300.00	300.00
1	111	1658882	977	300	935	701	403.19	0	100.00	0.00	-300.00	300.00
1	112	1658922	974	300	925	711	413.91	0	100.00	0.00	-300.00	300.00
1	113	1658963	969	300	911	725	428.94	0	100.00	0.00	-300.00	0.00
1	114	1659003	965	300	898	725	430.25	0	100.00	0.00	-300.00	0.00
1	115	1659043	962	300	888	725	431.39	0	100.00	0.00	-300.00	0.00
1	116	1659084	957	300	875	725	432.84	0	100.00	0.00	-300.00	0.00
1	117	1659125	953	300	862	725	434.63	0	100.00	0.00	-300.00	0.00
1	118	1659166	949	300	850	725	436.38	0	100.00	0.00	-300.00	0.00
1	119	1659207	944	300	837	725	438.26	0	100.00	0.00	-300.00	0.00
1	120	1659247	941	300	827	725	440.02	0	100.00	0.00	-300.00	0.00
1	121	1659288	937	300	814	725	442.44	0	100.00	0.00	-300.00	0.00
1	122	1659329	933	301	802	725	443.78	0	100.00	0.00	-300.00	0.00
1	123	1659370	928	301	788	725	446.52	0	100.00	0.00	-300.00	0.00
1	124	1659411	924	302	775	725	448.48	0	100.00	0.00	-300.00	0.00
1	125	1659452	921	302	765	725	450.85	0	100.00	0.00	-300.00	0.00
1	126	1659492	916	303	752	725	452.75	0	100.00	0.00	-300.00	0.00
1	127	1659533	912	303	738	725	456.46	0	100.00	0.00	-300.00	0.00
1	128	1659574	909	304	729	725	457.87	0	100.00	0.00	-300.00	0.00
1	129	1659615	904	305	715	725	460.57	0	100.00	0.00	-300.00	0.00
1	130	1659656	900	305	703	725	463.91	0	100.00	0.00	-300.00	0.00
1	131	1659697	896	306	690	725	466.90	0	100.00	0.00	0.00	0.00
1	132	1659738	892	307	690	725	464.25	0	100.00	0.00	0.00	0.00
1	133	1659779	888	308	690	725	461.62	0	100.00	0.00	0.00	0.00
1	134	1659820	884	309	690	725	459.01	0	100.00	0.00	0.00	0.00
1	135	1659860	881	310	690	725	456.84	0	100.00	0.00	0.00	0.00
1	136	1659901	877	311	690	725	454.27	0	100.00	0.00	300.00	0.00
1	137	1659942	872	312	703	725	446.24	0	100.00	0.00	300.00	300.00
1	138	1659983	868	314	716	738	450.42	0	100.00	0.00	300.00	300.00
1	139	1660024	864	315	729	751	456.42	0	100.00	0.00	300.00	300.00
1	140	1660065	860	316	742	764	463.28	0	100.00	0.00	300.00	300.00
1	141	1660106	857	318	752	774	467.93	0	100.00	0.00	300.00	300.00
1	142	1660147	853	319	765	787	476.20	0	100.00	0.00	300.00	300.00
1	143	1660188	849	321	779	801	485.08	0	100.00	0.00	300.00	300.00
1	144	1660229	845	322	789	812	493.19	0	100.00	0.00	300.00	300.00
1	145	1660269	841	324	803	826	503.44	0	100.00	0.00	300.00	300.00
1	146	1660310	837	325	816	838	513.43	0	100.00	0.00	300.00	300.00
1	147	1660351	834	327	826	848	521.06	0	100.00	0.00	300.00	300.00
1	148	1660392	830	329	839	861	532.08	0	100.00	0.00	300.00	300.00
1	149	1660433	826	331	853	875	544.67	0	100.00	0.00	300.00	300.00
1	150	1660474	823	332	863	885	554.44	0	100.00	0.00	300.00	300.00
1	151	1660515	819	334	876	898	566.87	0	100.00	0.00	300.00	300.00
1	152	1660555	815	336	889	912	580.73	0	100.00	0.00	300.00	300.00
1	153	1660595	813	338	899	921	589.31	0	100.00	0.00	300.00	0.00
1	154	1660636	809	340	912	921	590.06	0	100.00	0.00	0.00	0.00
1	155	1660677	805	342	912	921	588.80	0	100.00	0.00	0.00	0.00
1	156	1660718	801	345	912	921	586.60	0	100.00	0.00	0.00	0.00
1	157	1660759	798	347	912	921	585.21	0	100.00	0.00	0.00	0.00
1	158	1660800	795	349	912	921	583.84	0	100.00	0.00	-300.00	0.00
1	159	1660840	791	351	899	921	580.14	0	100.00	0.00	-300.00	0.00
1	160	1660881	788	354	886	921	575.41	0	100.00	0.00	-300.00	0.00
1	161	1660922	784	356	872	921	571.81	0	100.00	0.00	-300.00	0.00
1	162	1660962	781	358	863	921	568.94	0	100.00	0.00	-300.00	0.00
1	163	1661003	778	361	849	921	564.48	0	100.00	0.00	-300.00	0.00
1	164	1661044	774	364	836	921	560.44	0	100.00	0.00	-300.00	0.00
1	165	1661085	772	366	826	921	557.62	0	100.00	0.00	0.00	0.00
1	166	1661125	768	368	826	921	556.03	0	100.00	0.00	0.00	0.00
1	167	1661165	765	371	826	921	553.37	0	100.00	0.00	0.00	0.00
1	168	1661206	762	374	826	921	550.73	0	100.00	0.00	0.00	0.00
1	169	1661246	759	376	826	921	549.10	0	100.00	0.00	0.00	0.00
1	170	1661286	756	379	826	921	546.50	0	100.00	0.00	0.00	0.00
1	171	1661327	753	382	826	921	543.92	0	100.00	0.00	0.00	0.00
1	172	1661368	750	385	826	921	541.36	0	100.00	0.00	0.00	0.00
1	173	1661408	747	387	826	921	539.81	0	100.00	0.00	0.00	0.00
1	174	1661449	744	391	826	921	536.31	0	100.00	0.00	0.00	0.00
1	175	1661490	741	393	826	921	534.80	0	100.00	0.00	0.00	0.00
1	176	1661530	738	397	826	921	531.34	0	100.00	0.00	0.00	0.00
1	177	1661571	735	400	826	921	528.89	0	100.00	0.00	0.00	0.00
1	178	1661612	733	402	826	921	527.27	0	100.00	0.00	0.00	0.00
1	179	1661653	730	406	826	921	523.87	0	100.00	0.00	0.00	0.00
1	180	1661694	728	409	826	921	521.29	0	100.00	0.00	0.00	0.00
1	181	1661735	725	413	826	921	517.94	0	100.00	0.00	0.00	0.00
1	182	1661776	723	415	826	921	516.38	0	100.00	0.00	0.00	0.00
1	183	1661817	720	419	826	921	513.07	0	100.00	0.00	0.00	0.00
1	184	1661857	717	422	826	921	510.77	0	100.00	0.00	0.00	0.00
1	185	1661898	715	425	826	921	508.27	0	100.00	0.00	0.00	0.00
1	186	1661939	713	428	826	921	505.78	0	100.00	0.00	0.00	0.00
1	187	1661980	711	432	826	921	502.34	0	100.00	0.00	0.00	0.00
1	188	1662021	708	436	826	921	499.15	0	100.00	0.00	0.00	0.00
1	189	1662062	706	439	826	921	496.71	0	100.00	0.00	0.00	0.00
1	190	1662102	704	442	826	921	494.29	0	100.00	0.00	-300.00	0.00
1	191	1662143	702	446	813	921	487.80	0	100.00	0.00	-300.00	0.00
1	192	1662184	700	450	799	921	481.29	0	100.00	0.00	-300.00	0.00
1	193	1662225	698	453	789	921	476.77	0	100.00	0.00	-300.00	0.00
1	194	1662265	696	456	776	921	471.83	0	100.00	0.00	-300.00	0.00
1	195	1662306	694	460	763	921	466.14	0	100.00	0.00	-300.00	-300.00
1	196	1662347	692	464	750	908	447.77	0	100.00	0.00	-300.00	-300.00
1	197	1662388	690	467	740	898	433.89	0	100.00	0.00	-300.00	-300.00
1	198	1662428	688	471	727	885	415.83	0	100.00	0.00	-300.00	-300.00
1	199	1662469	686	475	713	871	396.92	0	100.00	0.00	-300.00	-300.00
1	200	1662510	685	479	703	861	382.42	0	100.00	0.00	-300.00	-300.00
1	201	1662550	683	482	690	848	366.07	0	100.00	0.00	-300.00	-300.00
1	202	1662590	682	486	677	835	349.04	0	100.00	0.00	-300.00	-300.00
1	203	1662631	680	490	664	822	332.39	0	100.00	0.00	-300.00	-300.00
1	204	1662671	679	494	653	812	319.06	0	100.00	0.00	-300.00	-300.00
1	205	1662712	677	498	639	798	302.40	0	100.00	0.00	-300.00	-300.00
1	206	1662753	676	501	629	788	290.82	0	100.00	0.00	-300.00	-300.00
1	207	1662794	675	505	616	775	276.37	0	100.00	0.00	-300.00	-300.00
1	208	1662835	673	510	603	761	260.58	0	100.00	0.00	-300.00	-300.00
1	209	1662876	672	514	590	748	247.95	0	100.00	0.00	-300.00	-300.00
1	210	1662916	671	517	580	738	239.00	0	100.00	0.00	-300.00	-300.00
1	211	1662956	670	521	568	726	228.97	0	100.00	0.00	-300.00	-300.00
1	212	1662997	669	525	555	713	219.86	0	100.00	0.00	-300.00	-300.00
1	213	1663038	668	529	541	700	213.00	0	100.00	0.00	-300.00	-300.00
1	214	1663079	667	534	529	687	206.04	0	100.00	0.00	-300.00	-300.00
1	215	1663120	666	537	519	677	203.00	0	100.00	0.00	-300.00	-300.00
1	216	1663161	665	541	506	664	201.02	0	100.00	0.00	0.00	0.00
1	217	1663202	664	545	506	664	197.80	0	100.00	0.00	0.00	0.00
1	218	1663243	664	550	506	664	194.83	0	100.00	0.00	0.00	0.00
1	219	1663284	663	554	506	664	191.70	0	100.00	0.00	0.00	0.00
1	220	1663325	663	557	506	664	189.99	0	100.00	0.00	0.00	0.00
1	221	1663366	662	561	506	664	186.94	0	100.00	0.00	0.00	0.00
1	222	1663406	661	565	506	664	183.92	0	100.00	0.00	0.00	0.00
1	223	1663447	661	570	506	664	181.28	0	100.00	0.00	0.00	0.00
1	224	1663488	661	573	506	664	179.74	0	100.00	0.00	300.00	0.00
1	225	1663528	660	578	519	664	165.16	0	100.00	0.00	300.00	300.00
1	226	1663569	660	582	532	677	159.40	0	100.00	0.00	300.00	300.00
1	227	1663609	660	586	545	690	155.05	0	100.00	0.00	300.00	300.00
1	228	1663650	660	590	558	703	152.23	0	100.00	0.00	300.00	300.00
1	229	1663691	660	594	568	713	150.42	0	100.00	0.00	300.00	300.00
1	230	1663731	660	598	581	726	150.42	0	100.00	0.00	300.00	300.00
1	231	1663771	660	602	593	738	151.61	0	100.00	0.00	300.00	300.00
1	232	1663812	660	606	606	751	154.73	0	100.00	0.00	300.00	300.00
1	233	1663853	660	611	619	764	158.40	0	100.00	0.00	300.00	300.00
1	234	1663893	660	614	629	774	162.98	0	100.00	0.00	300.00	0.00
1	235	1663934	660	618	642	774	157.04	0	100.00	0.00	0.00	0.00
1	236	1663974	660	623	642	774	152.07	0	100.00	0.00	0.00	0.00
1	237	1664015	661	627	642	774	148.22	0	100.00	0.00	0.00	0.00
1	238	1664055	661	631	642	774	144.26	0	100.00	0.00	-300.00	0.00
1	239	1664096	662	635	632	774	142.20	0	100.00	0.00	-300.00	0.00
1	240	1664136	662	639	619	774	141.68	0	100.00	0.00	-300.00	0.00
1	241	1664177	663	643	606	774	142.86	0	100.00	0.00	-300.00	0.00
1	242	1664218	663	647	593	774	145.01	0	100.00	0.00	-300.00	0.00
1	243	1664259	664	652	580	774	148.12	0	100.00	0.00	-300.00	0.00
1	244	1664300	665	655	569	774	152.90	0	100.00	0.00	-300.00	0.00
1	245	1664340	666	660	556	774	158.42	0	100.00	0.00	0.00	0.00
1	246	1664381	666	664	556	774	155.56	0	100.00	0.00	0.00	0.00
1	247	1664425	667	665	556	774	155.57	0	100.00	0.00	0.00	0.00
1	248	1664465	668	672	556	774	151.49	0	100.00	0.00	0.00	0.00
1	249	1664505	669	676	556	774	149.58	0	100.00	0.00	0.00	0.00
1	250	1664546	670	680	556	774	147.76	0	100.00	0.00	0.00	0.00
1	251	1664587	672	684	556	774	146.82	0	100.00	0.00	300.00	0.00
1	252	1664628	673	687	565	774	138.68	0	100.00	0.00	300.00	300.00
1	253	1664669	674	691	578	786	135.06	0	100.00	0.00	300.00	300.00
1	254	1664710	675	695	591	799	133.69	0	100.00	0.00	300.00	300.00
1	255	1664751	677	700	605	813	133.99	0	100.00	0.00	300.00	300.00
1	256	1664792	678	703	615	823	135.53	0	100.00	0.00	300.00	300.00
1	257	1664832	679	707	628	836	138.72	0	100.00	0.00	0.00	0.00
1	258	1664873	681	711	628	836	135.77	0	100.00	0.00	0.00	0.00
1	259	1664914	683	715	628	836	132.91	0	100.00	0.00	0.00	0.00
1	260	1664955	684	718	628	836	130.61	0	100.00	0.00	0.00	0.00
1	261	1664996	686	722	628	836	127.91	0	100.00	0.00	0.00	0.00
1	262	1665036	687	726	628	836	124.82	0	100.00	0.00	300.00	300.00
1	263	1665077	689	730	641	849	128.32	0	100.00	0.00	300.00	300.00
1	264	1665118	691	734	654	862	133.24	0	100.00	0.00	300.00	300.00
1	265	1665158	693	736	664	872	139.06	0	100.00	0.00	300.00	300.00
1	266	1665199	695	740	677	885	146.11	0	100.00	0.00	0.00	0.00
1	267	1665240	697	744	677	885	142.41	0	100.00	0.00	0.00	0.00
1	268	1665281	699	748	677	885	138.76	0	100.00	0.00	0.00	0.00
1	269	1665322	701	752	677	885	135.15	0	100.00	0.00	0.00	0.00
1	270	1665363	703	754	677	885	133.56	0	100.00	0.00	300.00	300.00
1	271	1665404	705	758	690	898	140.80	0	100.00	0.00	300.00	300.00
1	272	1665445	707	762	702	910	148.08	0	100.00	0.00	300.00	300.00
1	273	1665485	709	765	715	923	158.11	0	100.00	0.00	300.00	0.00
1	274	1665526	712	769	728	923	154.83	0	100.00	0.00	0.00	0.00
1	275	1665567	714	772	728	923	151.65	0	100.00	0.00	-300.00	0.00
1	276	1665608	716	775	718	923	148.01	0	100.00	0.00	0.00	0.00
1	277	1665648	719	778	718	923	145.00	0	100.00	0.00	300.00	0.00
1	278	1665689	721	782	731	923	141.35	0	100.00	0.00	300.00	300.00
1	279	1665730	724	785	744	936	152.32	0	100.00	0.00	300.00	300.00
1	280	1665771	727	789	757	948	161.81	0	100.00	0.00	0.00	0.00
1	281	1665811	729	791	757	948	159.48	0	100.00	0.00	-300.00	0.00
1	282	1665852	731	794	744	948	154.55	0	100.00	0.00	-300.00	0.00
1	283	1665893	734	798	731	948	150.03	0	100.00	0.00	0.00	0.00
1	284	1665934	737	801	731	948	147.12	0	100.00	0.00	300.00	300.00
1	285	1665974	740	803	741	958	155.00	0	100.00	0.00	300.00	300.00
1	286	1666015	742	807	754	971	164.44	0	100.00	0.00	0.00	0.00
1	287	1666056	746	810	754	971	161.20	0	100.00	0.00	-300.00	0.00
1	288	1666096	748	812	744	971	159.05	0	100.00	0.00	-300.00	0.00
1	289	1666137	751	815	731	971	157.28	0	100.00	0.00	-300.00	0.00
1	290	1666178	754	818	718	971	157.18	0	100.00	0.00	0.00	0.00
1	291	1666219	757	821	718	971	154.99	0	100.00	0.00	300.00	300.00
1	292	1666260	761	824	731	984	162.79	0	100.00	0.00	300.00	300.00
1	293	1666301	764	827	743	984	158.40	0	100.00	0.00	0.00	0.00
1	294	1666341	766	829	743	984	156.70	0	100.00	0.00	-300.00	0.00
1	295	1666382	770	832	730	984	157.18	0	100.00	0.00	-300.00	0.00
1	296	1666422	772	834	720	984	158.76	0	100.00	0.00	-300.00	0.00
1	297	1666462	776	837	707	984	162.39	0	100.00	0.00	0.00	0.00
1	298	1666503	779	839	707	984	161.89	0	100.00	0.00	0.00	0.00
1	299	1666544	783	842	707	984	161.06	0	100.00	0.00	-300.00	0.00
1	300	1666585	786	844	697	984	165.89	0	100.00	0.00	-300.00	0.00
1	301	1666626	789	846	684	984	173.40	0	100.00	0.00	-300.00	0.00
1	302	1666666	793	849	672	984	181.29	0	100.00	0.00	0.00	0.00
1	303	1666707	796	851	672	984	181.84	0	100.00	0.00	0.00	0.00
1	304	1666747	800	854	672	984	182.44	0	100.00	0.00	0.00	0.00
1	305	1666788	803	855	672	984	183.85	0	100.00	0.00	0.00	0.00
1	306	1666829	806	858	672	984	183.93	0	100.00	0.00	-300.00	0.00
1	307	1666870	810	860	659	984	195.39	0	100.00	0.00	0.00	0.00
1	308	1666911	814	862	659	984	197.25	0	100.00	0.00	0.00	0.00
