Pra_Test	PointNum	PointTime	ObjPointX	ObjPointY	PostPointX	PostPointY	Distance	Hit	ObjSpeedX	ObjSpeedY	PostSpeedX	PostSpeedY
1	1	1293117	811	381	512	384	447.21	0	50.00	0.00	60.00	0.00
1	2	1293158	811	379	513	384	298.04	0	50.00	0.00	176.00	0.00
1	3	1293199	811	377	521	384	290.08	0	50.00	0.00	356.00	0.00
1	4	1293240	811	375	536	384	275.15	0	50.00	0.00	488.00	0.00
1	5	1293281	811	373	557	384	254.24	0	50.00	0.00	500.00	0.00
1	6	1293322	811	371	579	384	232.36	0	50.00	0.00	500.00	0.00
1	7	1293363	811	369	595	384	216.52	0	50.00	0.00	500.00	0.00
1	8	1293404	811	367	617	384	194.74	0	50.00	0.00	500.00	0.00
1	9	1293444	811	365	638	384	174.04	0	50.00	0.00	500.00	0.00
1	10	1293485	811	363	660	384	152.45	0	50.00	0.00	500.00	0.00
1	11	1293526	811	360	681	384	132.20	0	50.00	0.00	500.00	0.00
1	12	1293567	810	359	697	384	115.73	0	50.00	0.00	500.00	0.00
1	13	1293608	810	357	718	384	95.88	0	50.00	0.00	500.00	0.00
1	14	1293649	810	355	740	384	75.77	0	50.00	0.00	500.00	0.00
1	15	1293690	810	353	761	384	57.98	0	50.00	0.00	500.00	0.00
1	16	1293731	810	350	783	384	43.42	0	50.00	0.00	500.00	0.00
1	17	1293772	809	348	804	384	36.35	0	50.00	0.00	332.00	0.00
1	18	1293813	809	347	815	384	37.48	0	50.00	0.00	128.00	0.00
1	19	1293854	809	344	820	384	41.48	0	50.00	0.00	0.00	0.00
1	20	1293895	809	342	820	384	43.42	0	50.00	0.00	0.00	0.00
1	21	1293936	808	340	820	384	45.61	0	50.00	0.00	0.00	0.00
1	22	1293977	808	338	820	384	47.54	0	50.00	0.00	0.00	-280.00
1	23	1294018	808	337	820	374	38.90	0	50.00	0.00	0.00	-323.00
1	24	1294059	807	334	820	360	29.07	0	50.00	0.00	0.00	-260.00
1	25	1294100	807	332	820	349	21.40	0	50.00	0.00	0.00	0.00
1	26	1294141	807	330	820	349	23.02	0	50.00	0.00	0.00	0.00
1	27	1294182	806	328	820	349	25.24	0	50.00	0.00	0.00	0.00
1	28	1294223	806	326	820	349	26.93	0	50.00	0.00	0.00	0.00
1	29	1294264	806	324	820	349	28.65	0	50.00	0.00	0.00	-335.00
1	30	1294305	805	322	820	335	19.85	0	50.00	0.00	-272.00	-500.00
1	31	1294346	805	320	809	313	8.06	1	50.00	0.00	-394.00	-500.00
1	32	1294387	804	318	792	292	28.64	0	50.00	0.00	0.00	0.00
1	33	1294428	804	316	792	292	26.83	0	50.00	0.00	0.00	0.00
1	34	1294469	803	314	792	292	24.60	0	50.00	0.00	0.00	0.00
1	35	1294510	803	312	792	292	22.83	0	50.00	0.00	0.00	0.00
1	36	1294551	802	310	792	292	20.59	0	50.00	0.00	0.00	0.00
1	37	1294592	802	308	792	292	18.87	0	50.00	0.00	0.00	0.00
1	38	1294633	801	306	792	292	16.64	0	50.00	0.00	0.00	0.00
1	39	1294673	801	305	792	292	15.81	0	50.00	0.00	0.00	0.00
1	40	1294713	800	302	792	292	12.81	0	50.00	0.00	0.00	0.00
1	41	1294754	800	300	792	292	11.31	0	50.00	0.00	0.00	0.00
1	42	1294795	799	298	792	292	9.22	1	50.00	0.00	0.00	0.00
1	43	1294836	799	296	792	292	8.06	1	50.00	0.00	0.00	0.00
1	44	1294877	798	295	792	292	6.71	1	50.00	0.00	0.00	0.00
1	45	1294918	797	293	792	292	5.10	1	50.00	0.00	0.00	0.00
1	46	1294959	797	291	792	292	5.10	1	50.00	0.00	0.00	0.00
1	47	1295000	796	289	792	292	5.00	1	50.00	0.00	0.00	0.00
1	48	1295041	795	287	792	292	5.83	1	50.00	0.00	0.00	0.00
1	49	1295082	795	285	792	292	7.62	1	50.00	0.00	0.00	0.00
1	50	1295123	794	283	792	292	9.22	1	50.00	0.00	0.00	0.00
1	51	1295164	793	281	792	292	11.05	0	50.00	0.00	0.00	0.00
1	52	1295205	793	279	792	292	13.04	0	50.00	0.00	0.00	0.00
1	53	1295246	792	277	792	292	15.00	0	50.00	0.00	0.00	0.00
1	54	1295287	791	275	792	292	17.03	0	50.00	0.00	0.00	0.00
1	55	1295328	791	273	792	292	19.03	0	50.00	0.00	0.00	0.00
1	56	1295369	790	271	792	292	21.10	0	50.00	0.00	0.00	-264.00
1	57	1295410	789	269	792	280	11.40	0	50.00	0.00	-138.00	-481.00
1	58	1295451	788	267	786	260	7.28	1	50.00	0.00	-178.00	-434.00
1	59	1295492	787	266	778	241	26.57	0	50.00	0.00	0.00	0.00
1	60	1295533	786	264	778	241	24.35	0	50.00	0.00	0.00	0.00
1	61	1295574	786	262	778	241	22.47	0	50.00	0.00	0.00	0.00
1	62	1295615	785	260	778	241	20.25	0	50.00	0.00	0.00	0.00
1	63	1295656	784	258	778	241	18.03	0	50.00	0.00	0.00	0.00
1	64	1295697	783	256	778	241	15.81	0	50.00	0.00	0.00	0.00
1	65	1295738	782	254	778	241	13.60	0	50.00	0.00	0.00	0.00
1	66	1295779	782	253	778	241	12.65	0	50.00	0.00	0.00	0.00
1	67	1295820	781	251	778	241	10.44	0	50.00	0.00	0.00	0.00
1	68	1295861	780	249	778	241	8.25	1	50.00	0.00	0.00	0.00
1	69	1295902	779	247	778	241	6.08	1	50.00	0.00	0.00	0.00
1	70	1295943	778	245	778	241	4.00	1	50.00	0.00	0.00	0.00
1	71	1295984	777	243	778	241	2.24	1	50.00	0.00	0.00	0.00
1	72	1296025	776	242	778	241	2.24	1	50.00	0.00	0.00	0.00
1	73	1296065	775	240	778	241	3.16	1	50.00	0.00	0.00	0.00
1	74	1296106	774	238	778	241	5.00	1	50.00	0.00	0.00	0.00
1	75	1296147	773	236	778	241	7.07	1	50.00	0.00	0.00	0.00
1	76	1296188	772	234	778	241	9.22	1	50.00	0.00	0.00	0.00
1	77	1296228	771	233	778	241	10.63	0	50.00	0.00	0.00	0.00
1	78	1296269	770	231	778	241	12.81	0	50.00	0.00	0.00	0.00
1	79	1296310	769	229	778	241	15.00	0	50.00	0.00	0.00	0.00
1	80	1296351	768	227	778	241	17.20	0	50.00	0.00	0.00	0.00
1	81	1296392	766	225	778	241	20.00	0	50.00	0.00	0.00	0.00
1	82	1296433	766	224	778	241	20.81	0	50.00	0.00	0.00	0.00
1	83	1296474	764	222	778	241	23.60	0	50.00	0.00	0.00	0.00
1	84	1296515	763	220	778	241	25.81	0	50.00	0.00	0.00	0.00
1	85	1296556	762	219	778	241	27.20	0	50.00	0.00	0.00	0.00
1	86	1296597	761	217	778	241	29.41	0	50.00	0.00	0.00	0.00
1	87	1296638	760	215	778	241	31.62	0	50.00	0.00	0.00	0.00
1	88	1296679	759	214	778	241	33.02	0	50.00	0.00	-276.00	-146.00
1	89	1296720	758	212	766	235	24.35	0	50.00	0.00	-331.00	-300.00
1	90	1296761	756	210	752	222	12.65	0	50.00	0.00	-315.00	-319.00
1	91	1296802	755	208	739	208	16.00	0	50.00	0.00	0.00	0.00
1	92	1296843	754	207	739	208	15.03	0	50.00	0.00	0.00	0.00
1	93	1296884	753	205	739	208	14.32	0	50.00	0.00	0.00	0.00
1	94	1296925	752	204	739	208	13.60	0	50.00	0.00	0.00	0.00
1	95	1296966	750	202	739	208	12.53	0	50.00	0.00	0.00	0.00
1	96	1297007	749	200	739	208	12.81	0	50.00	0.00	0.00	0.00
1	97	1297048	748	198	739	208	13.45	0	50.00	0.00	0.00	0.00
1	98	1297089	747	197	739	208	13.60	0	50.00	0.00	0.00	0.00
1	99	1297130	745	196	739	208	13.42	0	50.00	0.00	0.00	0.00
1	100	1297171	744	194	739	208	14.87	0	50.00	0.00	0.00	-99.00
1	101	1297212	743	192	739	204	12.65	0	50.00	0.00	0.00	-237.00
1	102	1297253	741	191	739	193	2.83	1	50.00	0.00	0.00	-252.00
1	103	1297294	740	189	739	185	4.12	1	50.00	0.00	0.00	-205.00
1	104	1297335	739	188	739	177	11.00	0	50.00	0.00	0.00	0.00
1	105	1297376	737	186	739	177	9.22	1	50.00	0.00	0.00	0.00
1	106	1297417	736	184	739	177	7.62	1	50.00	0.00	0.00	0.00
1	107	1297458	735	183	739	177	7.21	1	50.00	0.00	0.00	0.00
1	108	1297499	733	181	739	177	7.21	1	50.00	0.00	-209.00	0.00
1	109	1297540	732	180	732	177	3.00	1	50.00	0.00	-319.00	-134.00
1	110	1297581	730	178	718	171	13.89	0	50.00	0.00	244.00	0.00
1	111	1297622	729	177	728	171	6.08	1	50.00	0.00	0.00	0.00
1	112	1297663	728	175	728	171	4.00	1	50.00	0.00	0.00	0.00
1	113	1297703	726	174	728	171	3.61	1	50.00	0.00	0.00	0.00
1	114	1297744	725	173	728	171	3.61	1	50.00	0.00	0.00	0.00
1	115	1297785	723	171	728	171	5.00	1	50.00	0.00	0.00	0.00
1	116	1297826	722	170	728	171	6.08	1	50.00	0.00	0.00	0.00
1	117	1297867	720	168	728	171	8.54	1	50.00	0.00	0.00	0.00
1	118	1297908	719	167	728	171	9.85	1	50.00	0.00	0.00	0.00
1	119	1297949	718	165	728	171	11.66	0	50.00	0.00	0.00	0.00
1	120	1297990	716	164	728	171	13.89	0	50.00	0.00	0.00	0.00
1	121	1298031	714	163	728	171	16.12	0	50.00	0.00	-323.00	-130.00
1	122	1298072	713	161	715	165	4.47	1	50.00	0.00	-402.00	-142.00
1	123	1298113	711	160	697	159	14.04	0	50.00	0.00	0.00	0.00
1	124	1298154	710	159	697	159	13.00	0	50.00	0.00	0.00	0.00
1	125	1298195	708	157	697	159	11.18	0	50.00	0.00	0.00	0.00
1	126	1298236	707	156	697	159	10.44	0	50.00	0.00	0.00	0.00
1	127	1298277	705	154	697	159	9.43	1	50.00	0.00	0.00	0.00
1	128	1298318	703	153	697	159	8.49	1	50.00	0.00	0.00	0.00
1	129	1298359	702	152	697	159	8.60	1	50.00	0.00	0.00	0.00
1	130	1298400	701	151	697	159	8.94	1	50.00	0.00	0.00	0.00
1	131	1298441	699	149	697	159	10.20	0	50.00	0.00	-150.00	0.00
1	132	1298482	697	148	690	159	13.04	0	50.00	0.00	-406.00	-288.00
1	133	1298523	696	147	673	147	23.00	0	50.00	0.00	-426.00	-319.00
1	134	1298564	694	145	655	133	40.80	0	50.00	0.00	0.00	0.00
1	135	1298604	692	144	655	133	38.60	0	50.00	0.00	0.00	0.00
1	136	1298645	691	143	655	133	37.36	0	50.00	0.00	0.00	0.00
1	137	1298686	689	142	655	133	35.17	0	50.00	0.00	0.00	0.00
1	138	1298727	687	140	655	133	32.76	0	50.00	0.00	0.00	0.00
1	139	1298768	686	139	655	133	31.58	0	50.00	0.00	0.00	0.00
1	140	1298809	684	138	655	133	29.43	0	50.00	0.00	0.00	0.00
1	141	1298850	682	137	655	133	27.29	0	50.00	0.00	0.00	0.00
1	142	1298891	681	136	655	133	26.17	0	50.00	0.00	0.00	-134.00
1	143	1298931	679	135	655	127	25.30	0	50.00	0.00	0.00	-205.00
1	144	1298972	677	133	655	119	26.08	0	50.00	0.00	0.00	-221.00
1	145	1299013	676	133	655	111	30.41	0	50.00	0.00	0.00	-158.00
1	146	1299054	674	131	655	104	33.02	0	50.00	0.00	0.00	0.00
1	147	1299095	672	130	655	104	31.06	0	50.00	0.00	0.00	0.00
1	148	1299136	670	129	655	104	29.15	0	50.00	0.00	0.00	0.00
1	149	1299177	669	128	655	104	27.78	0	50.00	0.00	0.00	0.00
1	150	1299217	667	127	655	104	25.94	0	50.00	0.00	0.00	0.00
1	151	1299258	665	126	655	104	24.17	0	50.00	0.00	0.00	0.00
1	152	1299299	663	125	655	104	22.47	0	50.00	0.00	0.00	0.00
1	153	1299340	662	124	655	104	21.19	0	50.00	0.00	0.00	0.00
1	154	1299381	660	123	655	104	19.65	0	50.00	0.00	0.00	0.00
1	155	1299422	658	122	655	104	18.25	0	50.00	0.00	0.00	0.00
1	156	1299463	656	121	655	104	17.03	0	50.00	0.00	0.00	0.00
1	157	1299504	655	120	655	104	16.00	0	50.00	0.00	0.00	0.00
1	158	1299545	653	119	655	104	15.13	0	50.00	0.00	0.00	0.00
1	159	1299586	651	118	655	104	14.56	0	50.00	0.00	-134.00	0.00
1	160	1299627	649	117	649	104	13.00	0	50.00	0.00	-319.00	0.00
1	161	1299668	647	116	638	104	15.00	0	50.00	0.00	-477.00	0.00
1	162	1299709	645	115	617	104	30.08	0	50.00	0.00	-500.00	0.00
1	163	1299750	644	114	595	104	50.01	0	50.00	0.00	-500.00	0.00
1	164	1299791	642	113	575	104	67.60	0	50.00	0.00	-500.00	0.00
1	165	1299832	640	112	552	104	88.36	0	50.00	0.00	0.00	0.00
1	166	1299873	638	112	552	104	86.37	0	50.00	0.00	0.00	0.00
1	167	1299914	636	111	552	104	84.29	0	50.00	0.00	0.00	0.00
1	168	1299955	634	110	552	104	82.22	0	50.00	0.00	0.00	0.00
1	169	1299996	632	109	552	104	80.16	0	50.00	0.00	0.00	0.00
1	170	1300037	630	108	552	104	78.10	0	50.00	0.00	368.00	0.00
1	171	1300078	629	107	565	104	64.07	0	50.00	0.00	500.00	356.00
1	172	1300119	627	107	586	120	43.01	0	50.00	0.00	500.00	500.00
1	173	1300160	625	106	608	141	38.91	0	50.00	0.00	500.00	336.00
1	174	1300201	623	105	629	156	51.35	0	50.00	0.00	0.00	0.00
1	175	1300242	621	104	629	156	52.61	0	50.00	0.00	0.00	0.00
1	176	1300283	619	104	629	156	52.95	0	50.00	0.00	0.00	0.00
1	177	1300324	617	103	629	156	54.34	0	50.00	0.00	0.00	-115.00
1	178	1300365	615	102	629	151	50.96	0	50.00	0.00	-434.00	-500.00
1	179	1300406	613	101	610	129	28.16	0	50.00	0.00	-449.00	-500.00
1	180	1300447	611	101	591	108	21.19	0	50.00	0.00	0.00	0.00
1	181	1300488	610	100	591	108	20.62	0	50.00	0.00	0.00	0.00
1	182	1300529	608	99	591	108	19.24	0	50.00	0.00	0.00	0.00
1	183	1300570	606	99	591	108	17.49	0	50.00	0.00	0.00	0.00
1	184	1300611	604	98	591	108	16.40	0	50.00	0.00	0.00	0.00
1	185	1300652	601	97	591	108	14.87	0	50.00	0.00	0.00	0.00
1	186	1300693	600	97	591	108	14.21	0	50.00	0.00	0.00	0.00
1	187	1300734	598	96	591	108	13.89	0	50.00	0.00	0.00	0.00
1	188	1300775	596	96	591	108	13.00	0	50.00	0.00	-323.00	-241.00
1	189	1300815	594	95	577	97	17.12	0	50.00	0.00	-473.00	-296.00
1	190	1300856	592	94	557	85	36.14	0	50.00	0.00	0.00	0.00
1	191	1300896	590	94	557	85	34.21	0	50.00	0.00	0.00	0.00
1	192	1300937	588	93	557	85	32.02	0	50.00	0.00	0.00	0.00
1	193	1300978	586	93	557	85	30.08	0	50.00	0.00	0.00	0.00
1	194	1301019	584	92	557	85	27.89	0	50.00	0.00	0.00	0.00
1	195	1301060	582	92	557	85	25.96	0	50.00	0.00	0.00	0.00
1	196	1301101	580	91	557	85	23.77	0	50.00	0.00	0.00	0.00
1	197	1301142	578	91	557	85	21.84	0	50.00	0.00	0.00	0.00
1	198	1301183	576	91	557	85	19.92	0	50.00	0.00	0.00	0.00
1	199	1301224	574	90	557	85	17.72	0	50.00	0.00	0.00	0.00
1	200	1301265	572	90	557	85	15.81	0	50.00	0.00	-217.00	0.00
1	201	1301306	570	89	548	85	22.36	0	50.00	0.00	-500.00	-154.00
1	202	1301347	568	89	532	80	37.11	0	50.00	0.00	-500.00	-158.00
1	203	1301388	566	88	510	73	57.97	0	50.00	0.00	0.00	0.00
1	204	1301429	564	88	510	73	56.04	0	50.00	0.00	0.00	0.00
1	205	1301470	562	88	510	73	54.12	0	50.00	0.00	0.00	0.00
1	206	1301511	560	87	510	73	51.92	0	50.00	0.00	0.00	0.00
1	207	1301552	558	87	510	73	50.00	0	50.00	0.00	0.00	0.00
1	208	1301593	556	87	510	73	48.08	0	50.00	0.00	0.00	0.00
1	209	1301634	554	86	510	73	45.88	0	50.00	0.00	0.00	0.00
1	210	1301675	552	86	510	73	43.97	0	50.00	0.00	76.00	76.00
1	211	1301716	550	86	513	76	38.33	0	50.00	0.00	212.00	284.00
1	212	1301757	547	86	522	88	25.08	0	50.00	0.00	228.00	288.00
1	213	1301797	546	85	529	97	20.81	0	50.00	0.00	140.00	0.00
1	214	1301838	544	85	535	97	15.00	0	50.00	0.00	0.00	0.00
1	215	1301879	541	85	535	97	13.42	0	50.00	0.00	0.00	0.00
1	216	1301920	539	85	535	97	12.65	0	50.00	0.00	0.00	0.00
1	217	1301961	537	85	535	97	12.17	0	50.00	0.00	0.00	-83.00
1	218	1302002	536	84	535	95	11.05	0	50.00	0.00	0.00	-162.00
1	219	1302043	534	84	535	88	4.12	1	50.00	0.00	0.00	-130.00
1	220	1302084	531	84	535	82	4.47	1	50.00	0.00	0.00	0.00
1	221	1302125	529	84	535	82	6.32	1	50.00	0.00	0.00	0.00
1	222	1302166	527	84	535	82	8.25	1	50.00	0.00	0.00	0.00
1	223	1302207	525	84	535	82	10.20	0	50.00	0.00	0.00	0.00
1	224	1302248	523	84	535	82	12.17	0	50.00	0.00	0.00	0.00
1	225	1302289	521	84	535	82	14.14	0	50.00	0.00	0.00	0.00
1	226	1302330	519	84	535	82	16.12	0	50.00	0.00	0.00	0.00
1	227	1302371	517	84	535	82	18.11	0	50.00	0.00	-256.00	0.00
1	228	1302412	515	84	524	82	9.22	1	50.00	0.00	-414.00	0.00
1	229	1302453	513	84	511	82	2.83	1	50.00	0.00	-434.00	0.00
1	230	1302494	511	84	492	82	19.10	0	50.00	0.00	0.00	0.00
1	231	1302535	509	84	492	82	17.12	0	50.00	0.00	0.00	0.00
1	232	1302576	507	84	492	82	15.13	0	50.00	0.00	0.00	0.00
1	233	1302617	504	84	492	82	12.17	0	50.00	0.00	0.00	0.00
1	234	1302658	503	84	492	82	11.18	0	50.00	0.00	0.00	0.00
1	235	1302698	501	84	492	82	9.22	1	50.00	0.00	0.00	0.00
1	236	1302739	499	84	492	82	7.28	1	50.00	0.00	0.00	0.00
1	237	1302780	496	84	492	82	4.47	1	50.00	0.00	-134.00	64.00
1	238	1302821	494	84	486	84	8.00	1	50.00	0.00	-150.00	64.00
1	239	1302862	492	84	480	87	12.37	0	50.00	0.00	0.00	0.00
1	240	1302903	490	84	480	87	10.44	0	50.00	0.00	0.00	0.00
1	241	1302944	488	84	480	87	8.54	1	50.00	0.00	0.00	0.00
1	242	1302985	486	85	480	87	6.32	1	50.00	0.00	0.00	0.00
1	243	1303026	484	85	480	87	4.47	1	50.00	0.00	0.00	0.00
1	244	1303067	482	85	480	87	2.83	1	50.00	0.00	0.00	0.00
1	245	1303108	480	85	480	87	2.00	1	50.00	0.00	0.00	0.00
1	246	1303149	478	85	480	87	2.83	1	50.00	0.00	0.00	0.00
1	247	1303190	476	86	480	87	4.12	1	50.00	0.00	0.00	0.00
1	248	1303231	474	86	480	87	6.08	1	50.00	0.00	0.00	0.00
1	249	1303272	472	86	480	87	8.06	1	50.00	0.00	0.00	0.00
1	250	1303313	470	86	480	87	10.05	0	50.00	0.00	0.00	0.00
1	251	1303354	468	87	480	87	12.00	0	50.00	0.00	0.00	0.00
1	252	1303395	466	87	480	87	14.00	0	50.00	0.00	0.00	0.00
1	253	1303436	464	87	480	87	16.00	0	50.00	0.00	0.00	0.00
1	254	1303477	462	88	480	87	18.03	0	50.00	0.00	0.00	0.00
1	255	1303518	460	88	480	87	20.02	0	50.00	0.00	0.00	0.00
1	256	1303559	458	88	480	87	22.02	0	50.00	0.00	0.00	0.00
1	257	1303600	456	89	480	87	24.08	0	50.00	0.00	0.00	0.00
1	258	1303641	454	89	480	87	26.08	0	50.00	0.00	-91.00	0.00
1	259	1303682	452	90	476	87	24.19	0	50.00	0.00	-138.00	0.00
1	260	1303723	450	90	470	87	20.22	0	50.00	0.00	0.00	0.00
1	261	1303764	448	90	470	87	22.20	0	50.00	0.00	0.00	0.00
1	262	1303805	446	91	470	87	24.33	0	50.00	0.00	0.00	0.00
1	263	1303846	444	91	470	87	26.31	0	50.00	0.00	0.00	0.00
1	264	1303887	442	92	470	87	28.44	0	50.00	0.00	0.00	0.00
1	265	1303928	440	92	470	87	30.41	0	50.00	0.00	-170.00	0.00
1	266	1303969	438	93	462	87	24.74	0	50.00	0.00	-241.00	0.00
1	267	1304010	436	93	455	87	19.92	0	50.00	0.00	-182.00	0.00
1	268	1304051	434	94	447	87	14.76	0	50.00	0.00	0.00	0.00
1	269	1304091	432	94	447	87	16.55	0	50.00	0.00	0.00	0.00
1	270	1304132	430	95	447	87	18.79	0	50.00	0.00	0.00	0.00
1	271	1304173	428	95	447	87	20.62	0	50.00	0.00	0.00	0.00
1	272	1304214	426	96	447	87	22.85	0	50.00	0.00	0.00	0.00
1	273	1304255	424	96	447	87	24.70	0	50.00	0.00	-162.00	76.00
1	274	1304296	422	97	440	91	18.97	0	50.00	0.00	-319.00	252.00
1	275	1304337	420	98	426	101	6.71	1	50.00	0.00	-308.00	256.00
1	276	1304378	418	98	413	112	14.87	0	50.00	0.00	0.00	0.00
1	277	1304418	416	99	413	112	13.34	0	50.00	0.00	0.00	0.00
1	278	1304459	414	100	413	112	12.04	0	50.00	0.00	0.00	0.00
1	279	1304500	412	100	413	112	12.04	0	50.00	0.00	0.00	0.00
1	280	1304541	410	101	413	112	11.40	0	50.00	0.00	0.00	0.00
1	281	1304582	408	102	413	112	11.18	0	50.00	0.00	0.00	0.00
1	282	1304623	406	103	413	112	11.40	0	50.00	0.00	0.00	0.00
1	283	1304664	405	103	413	112	12.04	0	50.00	0.00	0.00	0.00
1	284	1304705	403	104	413	112	12.81	0	50.00	0.00	0.00	0.00
1	285	1304746	401	105	413	112	13.89	0	50.00	0.00	0.00	0.00
1	286	1304787	399	105	413	112	15.65	0	50.00	0.00	0.00	0.00
1	287	1304828	397	106	413	112	17.09	0	50.00	0.00	0.00	0.00
1	288	1304869	395	107	413	112	18.68	0	50.00	0.00	0.00	0.00
1	289	1304910	393	108	413	112	20.40	0	50.00	0.00	0.00	0.00
1	290	1304951	391	109	413	112	22.20	0	50.00	0.00	0.00	0.00
1	291	1304992	389	109	413	112	24.19	0	50.00	0.00	-221.00	0.00
1	292	1305033	387	110	404	112	17.12	0	50.00	0.00	-245.00	0.00
1	293	1305074	385	111	393	112	8.06	1	50.00	0.00	-245.00	0.00
1	294	1305115	384	112	385	112	1.00	1	50.00	0.00	-241.00	0.00
1	295	1305156	382	113	375	112	7.07	1	50.00	0.00	-237.00	0.00
1	296	1305197	380	114	364	112	16.12	0	50.00	0.00	-229.00	0.00
1	297	1305238	378	115	355	112	23.19	0	50.00	0.00	-197.00	0.00
1	298	1305279	376	116	346	112	30.27	0	50.00	0.00	-182.00	0.00
1	299	1305320	374	117	338	112	36.35	0	50.00	0.00	-146.00	0.00
1	300	1305361	373	117	333	112	40.31	0	50.00	0.00	-130.00	0.00
1	301	1305402	371	118	328	112	43.42	0	50.00	0.00	0.00	0.00
1	302	1305443	369	119	328	112	41.59	0	50.00	0.00	0.00	64.00
1	303	1305484	367	120	328	115	39.32	0	50.00	0.00	0.00	72.00
1	304	1305525	365	122	328	118	37.22	0	50.00	0.00	0.00	68.00
1	305	1305566	364	122	328	120	36.06	0	50.00	0.00	0.00	68.00
1	306	1305607	362	123	328	123	34.00	0	50.00	0.00	0.00	68.00
1	307	1305648	360	124	328	126	32.06	0	50.00	0.00	0.00	68.00
1	308	1305689	358	126	328	129	30.15	0	50.00	0.00	0.00	68.00
1	309	1305730	357	127	328	132	29.43	0	50.00	0.00	0.00	68.00
1	310	1305771	355	128	328	135	27.89	0	50.00	0.00	72.00	64.00
1	311	1305812	353	129	330	137	24.35	0	50.00	0.00	96.00	60.00
1	312	1305853	351	130	334	140	19.72	0	50.00	0.00	92.00	0.00
1	313	1305894	350	131	338	140	15.00	0	50.00	0.00	56.00	0.00
1	314	1305935	348	132	341	140	10.63	0	50.00	0.00	0.00	0.00
1	315	1305976	346	133	341	140	8.60	1	50.00	0.00	0.00	0.00
1	316	1306017	345	134	341	140	7.21	1	50.00	0.00	0.00	0.00
1	317	1306057	343	135	341	140	5.39	1	50.00	0.00	0.00	0.00
1	318	1306098	341	137	341	140	3.00	1	50.00	0.00	0.00	0.00
1	319	1306139	339	138	341	140	2.83	1	50.00	0.00	0.00	0.00
1	320	1306180	338	139	341	140	3.16	1	50.00	0.00	0.00	0.00
1	321	1306220	336	140	341	140	5.00	1	50.00	0.00	0.00	0.00
1	322	1306261	335	141	341	140	6.08	1	50.00	0.00	0.00	0.00
1	323	1306302	333	143	341	140	8.54	1	50.00	0.00	0.00	0.00
1	324	1306343	331	144	341	140	10.77	0	50.00	0.00	0.00	0.00
1	325	1306384	329	145	341	140	13.00	0	50.00	0.00	0.00	0.00
1	326	1306425	328	146	341	140	14.32	0	50.00	0.00	0.00	0.00
1	327	1306466	326	147	341	140	16.55	0	50.00	0.00	0.00	0.00
1	328	1306507	325	149	341	140	18.36	0	50.00	0.00	0.00	0.00
1	329	1306548	323	150	341	140	20.59	0	50.00	0.00	0.00	0.00
1	330	1306589	321	151	341	140	22.83	0	50.00	0.00	0.00	0.00
1	331	1306630	320	153	341	140	24.70	0	50.00	0.00	0.00	0.00
1	332	1306671	318	154	341	140	26.93	0	50.00	0.00	0.00	0.00
1	333	1306712	317	155	341	140	28.30	0	50.00	0.00	0.00	0.00
1	334	1306753	315	157	341	140	31.06	0	50.00	0.00	0.00	0.00
1	335	1306794	314	158	341	140	32.45	0	50.00	0.00	0.00	0.00
1	336	1306835	312	159	341	140	34.67	0	50.00	0.00	0.00	0.00
1	337	1306876	311	161	341	140	36.62	0	50.00	0.00	0.00	0.00
1	338	1306917	309	162	341	140	38.83	0	50.00	0.00	0.00	0.00
1	339	1306958	308	163	341	140	40.22	0	50.00	0.00	-71.00	64.00
1	340	1306998	306	165	338	143	38.83	0	50.00	0.00	-87.00	72.00
1	341	1307039	304	166	334	146	36.06	0	50.00	0.00	-83.00	80.00
1	342	1307080	303	168	330	149	33.02	0	50.00	0.00	-115.00	84.00
1	343	1307121	302	169	327	152	30.23	0	50.00	0.00	-115.00	84.00
1	344	1307162	300	171	322	155	27.20	0	50.00	0.00	-115.00	88.00
1	345	1307203	299	172	317	159	22.20	0	50.00	0.00	-115.00	88.00
1	346	1307244	297	174	312	163	18.60	0	50.00	0.00	-115.00	88.00
1	347	1307285	296	175	307	167	13.60	0	50.00	0.00	-115.00	88.00
1	348	1307326	295	176	303	170	10.00	0	50.00	0.00	-115.00	88.00
1	349	1307367	293	178	298	173	7.07	1	50.00	0.00	-115.00	88.00
1	350	1307408	292	179	293	177	2.24	1	50.00	0.00	-115.00	84.00
1	351	1307449	290	181	288	181	2.00	1	50.00	0.00	-107.00	84.00
1	352	1307490	289	183	284	184	5.10	1	50.00	0.00	0.00	88.00
1	353	1307531	287	184	284	188	5.00	1	50.00	0.00	0.00	88.00
1	354	1307572	286	185	284	191	6.32	1	50.00	0.00	0.00	84.00
1	355	1307613	285	187	284	195	8.06	1	50.00	0.00	0.00	64.00
1	356	1307654	283	189	284	197	8.06	1	50.00	0.00	0.00	0.00
1	357	1307695	282	190	284	197	7.28	1	50.00	0.00	0.00	0.00
1	358	1307736	281	192	284	197	5.83	1	50.00	0.00	0.00	0.00
1	359	1307777	280	193	284	197	5.66	1	50.00	0.00	0.00	0.00
1	360	1307818	278	195	284	197	6.32	1	50.00	0.00	0.00	0.00
1	361	1307859	277	197	284	197	7.00	1	50.00	0.00	0.00	0.00
1	362	1307900	276	198	284	197	8.06	1	50.00	0.00	0.00	0.00
1	363	1307941	274	200	284	197	10.44	0	50.00	0.00	0.00	0.00
1	364	1307982	273	201	284	197	11.70	0	50.00	0.00	0.00	0.00
1	365	1308023	272	203	284	197	13.42	0	50.00	0.00	0.00	0.00
1	366	1308064	271	205	284	197	15.26	0	50.00	0.00	0.00	0.00
1	367	1308105	269	206	284	197	17.49	0	50.00	0.00	0.00	56.00
1	368	1308146	268	208	284	199	18.36	0	50.00	0.00	0.00	64.00
1	369	1308187	267	209	284	202	18.38	0	50.00	0.00	0.00	76.00
1	370	1308228	266	211	284	205	18.97	0	50.00	0.00	0.00	84.00
1	371	1308269	265	213	284	209	19.42	0	50.00	0.00	0.00	88.00
1	372	1308310	263	215	284	213	21.10	0	50.00	0.00	0.00	92.00
1	373	1308351	262	217	284	217	22.00	0	50.00	0.00	0.00	92.00
1	374	1308392	261	218	284	220	23.09	0	50.00	0.00	0.00	92.00
1	375	1308433	260	220	284	224	24.33	0	50.00	0.00	-71.00	92.00
1	376	1308474	259	222	281	228	22.80	0	50.00	0.00	-67.00	92.00
1	377	1308515	258	223	278	232	21.93	0	50.00	0.00	-67.00	92.00
1	378	1308555	257	225	275	235	20.59	0	50.00	0.00	-67.00	80.00
1	379	1308596	256	226	273	238	20.81	0	50.00	0.00	-67.00	68.00
1	380	1308637	255	228	270	241	19.85	0	50.00	0.00	-123.00	0.00
1	381	1308678	254	230	265	241	15.56	0	50.00	0.00	-130.00	0.00
1	382	1308719	253	232	259	241	10.82	0	50.00	0.00	-126.00	0.00
1	383	1308760	251	234	254	241	7.62	1	50.00	0.00	-99.00	0.00
1	384	1308801	250	236	249	241	5.10	1	50.00	0.00	0.00	0.00
1	385	1308842	250	237	249	241	4.12	1	50.00	0.00	0.00	0.00
1	386	1308883	249	239	249	241	2.00	1	50.00	0.00	0.00	0.00
1	387	1308924	248	241	249	241	1.00	1	50.00	0.00	0.00	0.00
1	388	1308965	247	243	249	241	2.83	1	50.00	0.00	0.00	0.00
1	389	1309006	246	245	249	241	5.00	1	50.00	0.00	0.00	0.00
1	390	1309047	245	246	249	241	6.40	1	50.00	0.00	0.00	0.00
1	391	1309088	244	248	249	241	8.60	1	50.00	0.00	0.00	0.00
1	392	1309129	243	250	249	241	10.82	0	50.00	0.00	0.00	0.00
1	393	1309170	242	252	249	241	13.04	0	50.00	0.00	0.00	56.00
1	394	1309211	241	254	249	243	13.60	0	50.00	0.00	0.00	60.00
1	395	1309252	240	256	249	246	13.45	0	50.00	0.00	0.00	64.00
1	396	1309293	239	257	249	248	13.45	0	50.00	0.00	0.00	76.00
1	397	1309334	238	259	249	251	13.60	0	50.00	0.00	0.00	96.00
1	398	1309375	238	261	249	255	12.53	0	50.00	0.00	-111.00	144.00
1	399	1309416	237	263	245	262	8.06	1	50.00	0.00	-134.00	176.00
1	400	1309457	236	265	239	269	5.00	1	50.00	0.00	-134.00	176.00
1	401	1309498	235	267	235	275	8.00	1	50.00	0.00	-134.00	172.00
1	402	1309539	234	269	229	282	13.93	0	50.00	0.00	-134.00	172.00
1	403	1309580	234	271	223	289	21.10	0	50.00	0.00	-134.00	172.00
1	404	1309621	233	273	217	297	28.84	0	50.00	0.00	-134.00	156.00
1	405	1309662	232	275	212	304	35.23	0	50.00	0.00	-134.00	124.00
1	406	1309703	231	277	206	309	40.61	0	50.00	0.00	0.00	96.00
1	407	1309744	231	278	206	312	42.20	0	50.00	0.00	0.00	68.00
1	408	1309785	230	280	206	315	42.44	0	50.00	0.00	0.00	0.00
1	409	1309826	229	282	206	315	40.22	0	50.00	0.00	0.00	0.00
1	410	1309867	228	284	206	315	38.01	0	50.00	0.00	0.00	0.00
1	411	1309908	228	286	206	315	36.40	0	50.00	0.00	0.00	0.00
1	412	1309949	227	288	206	315	34.21	0	50.00	0.00	0.00	0.00
1	413	1309990	227	290	206	315	32.65	0	50.00	0.00	0.00	0.00
1	414	1310031	226	292	206	315	30.48	0	50.00	0.00	0.00	0.00
1	415	1310072	225	294	206	315	28.32	0	50.00	0.00	0.00	0.00
1	416	1310113	225	296	206	315	26.87	0	50.00	0.00	0.00	0.00
1	417	1310154	224	298	206	315	24.76	0	50.00	0.00	0.00	0.00
1	418	1310195	223	300	206	315	22.67	0	50.00	0.00	0.00	0.00
1	419	1310236	223	302	206	315	21.40	0	50.00	0.00	0.00	0.00
1	420	1310277	222	304	206	315	19.42	0	50.00	0.00	0.00	0.00
1	421	1310318	222	306	206	315	18.36	0	50.00	0.00	0.00	0.00
1	422	1310359	221	307	206	315	17.00	0	50.00	0.00	0.00	0.00
1	423	1310400	221	309	206	315	16.16	0	50.00	0.00	0.00	0.00
1	424	1310441	220	311	206	315	14.56	0	50.00	0.00	0.00	0.00
1	425	1310482	220	314	206	315	14.04	0	50.00	0.00	0.00	0.00
1	426	1310523	219	316	206	315	13.04	0	50.00	0.00	0.00	0.00
1	427	1310564	219	318	206	315	13.34	0	50.00	0.00	0.00	0.00
1	428	1310605	218	319	206	315	12.65	0	50.00	0.00	0.00	0.00
1	429	1310646	218	321	206	315	13.42	0	50.00	0.00	0.00	0.00
1	430	1310687	218	324	206	315	15.00	0	50.00	0.00	0.00	0.00
1	431	1310728	217	326	206	315	15.56	0	50.00	0.00	0.00	0.00
1	432	1310769	217	328	206	315	17.03	0	50.00	0.00	0.00	0.00
1	433	1310810	216	329	206	315	17.20	0	50.00	0.00	0.00	0.00
1	434	1310851	216	331	206	315	18.87	0	50.00	0.00	0.00	0.00
1	435	1310892	216	334	206	315	21.47	0	50.00	0.00	0.00	0.00
1	436	1310933	215	336	206	315	22.85	0	50.00	0.00	0.00	0.00
1	437	1310974	215	338	206	315	24.70	0	50.00	0.00	0.00	84.00
1	438	1311015	215	340	206	319	22.85	0	50.00	0.00	0.00	88.00
1	439	1311056	214	341	206	321	21.54	0	50.00	0.00	0.00	100.00
1	440	1311097	214	344	206	326	19.70	0	50.00	0.00	0.00	112.00
1	441	1311138	214	346	206	331	17.00	0	50.00	0.00	0.00	112.00
1	442	1311179	214	348	206	335	15.26	0	50.00	0.00	0.00	116.00
1	443	1311220	213	350	206	340	12.21	0	50.00	0.00	0.00	112.00
1	444	1311261	213	352	206	344	10.63	0	50.00	0.00	0.00	116.00
1	445	1311302	213	354	206	349	8.60	1	50.00	0.00	0.00	112.00
1	446	1311343	213	356	206	354	7.28	1	50.00	0.00	0.00	116.00
1	447	1311384	213	358	206	359	7.07	1	50.00	0.00	0.00	112.00
1	448	1311425	212	360	206	364	7.21	1	50.00	0.00	0.00	112.00
1	449	1311466	212	362	206	367	7.81	1	50.00	0.00	0.00	100.00
1	450	1311507	212	364	206	372	10.00	0	50.00	0.00	0.00	84.00
1	451	1311548	212	366	206	375	10.82	0	50.00	0.00	0.00	68.00
1	452	1311589	212	368	206	378	11.66	0	50.00	0.00	0.00	0.00
1	453	1311630	212	370	206	378	10.00	0	50.00	0.00	0.00	0.00
1	454	1311671	212	373	206	378	7.81	1	50.00	0.00	0.00	0.00
1	455	1311712	212	374	206	378	7.21	1	50.00	0.00	0.00	0.00
