Pra_Test	PointNum	PointTime	ObjPointX	ObjPointY	PostPointX	PostPointY	Distance	Hit	ObjSpeedX	ObjSpeedY	PostSpeedX	PostSpeedY
1	1	131303270	1259	597	960	600	299.02	0	-0.04	-5.00	0.00	-500.00
1	2	131303311	1259	597	960	583	299.33	0	-0.05	-5.00	0.00	-500.00
1	3	131303352	1259	596	960	559	301.28	0	-0.05	-5.00	0.00	-500.00
1	4	131303392	1259	596	960	542	303.84	0	-0.05	-5.00	0.00	-500.00
1	5	131303433	1259	596	960	518	309.01	0	-0.06	-5.00	0.00	0.00
1	6	131303473	1259	596	960	518	309.01	0	-0.06	-5.00	0.00	0.00
1	7	131303514	1259	596	960	518	309.01	0	-0.06	-5.00	0.00	0.00
1	8	131303555	1259	595	960	518	308.76	0	-0.07	-5.00	0.00	500.00
1	9	131303596	1259	595	960	542	303.66	0	-0.07	-5.00	500.00	500.00
1	10	131303637	1259	595	977	559	284.29	0	-0.07	-5.00	500.00	500.00
1	11	131303678	1259	595	1001	583	258.28	0	-0.08	-5.00	500.00	500.00
1	12	131303719	1259	595	1018	600	241.05	0	-0.08	-5.00	500.00	500.00
1	13	131303760	1259	594	1042	624	219.06	0	-0.08	-5.00	500.00	0.00
1	14	131303801	1259	594	1059	624	202.24	0	-0.09	-5.00	500.00	0.00
1	15	131303842	1259	594	1083	624	178.54	0	-0.09	-5.00	500.00	0.00
1	16	131303882	1259	594	1100	624	161.81	0	-0.09	-5.00	500.00	-500.00
1	17	131303923	1259	594	1124	600	135.13	0	-0.10	-5.00	500.00	-500.00
1	18	131303963	1259	593	1141	583	118.42	0	-0.10	-5.00	500.00	-500.00
1	19	131304004	1259	593	1165	559	99.96	0	-0.10	-5.00	500.00	-500.00
1	20	131304044	1259	593	1182	542	92.36	0	-0.11	-5.00	0.00	-500.00
1	21	131304085	1259	593	1182	518	107.49	0	-0.11	-5.00	-500.00	-500.00
1	22	131304126	1259	593	1165	501	131.53	0	-0.11	-5.00	0.00	500.00
1	23	131304167	1259	592	1165	524	116.02	0	-0.12	-5.00	0.00	500.00
1	24	131304208	1259	592	1165	542	106.47	0	-0.12	-5.00	0.00	500.00
1	25	131304249	1259	592	1165	565	97.80	0	-0.13	-5.00	0.00	500.00
1	26	131304290	1259	592	1165	583	94.43	0	-0.13	-5.00	0.00	500.00
1	27	131304331	1259	592	1165	606	95.04	0	-0.13	-5.00	0.00	0.00
1	28	131304371	1259	591	1165	606	95.19	0	-0.14	-5.00	0.00	0.00
1	29	131304412	1259	591	1165	606	95.19	0	-0.14	-5.00	0.00	-500.00
1	30	131304453	1259	591	1165	583	94.34	0	-0.14	-5.00	0.00	-500.00
1	31	131304494	1259	591	1165	565	97.53	0	-0.15	-5.00	0.00	-500.00
1	32	131304535	1259	591	1165	542	106.00	0	-0.15	-5.00	0.00	-500.00
1	33	131304576	1259	590	1165	524	114.86	0	-0.15	-5.00	0.00	500.00
1	34	131304617	1259	590	1165	548	102.96	0	-0.16	-5.00	0.00	0.00
1	35	131304658	1259	590	1165	548	102.96	0	-0.16	-5.00	0.00	0.00
1	36	131304699	1259	590	1165	548	102.96	0	-0.16	-5.00	0.00	500.00
1	37	131304739	1259	590	1165	565	97.27	0	-0.17	-5.00	0.00	500.00
1	38	131304780	1259	589	1165	589	94.00	0	-0.17	-5.00	0.00	500.00
1	39	131304821	1259	589	1165	606	95.52	0	-0.17	-5.00	0.00	500.00
1	40	131304862	1259	589	1165	630	102.55	0	-0.18	-5.00	0.00	0.00
1	41	131304903	1259	589	1165	630	102.55	0	-0.18	-5.00	0.00	0.00
1	42	131304944	1259	588	1165	630	102.96	0	-0.18	-5.00	0.00	0.00
1	43	131304985	1259	588	1165	630	102.96	0	-0.19	-5.00	0.00	0.00
1	44	131305026	1259	588	1165	630	102.96	0	-0.19	-5.00	500.00	-500.00
1	45	131305067	1259	588	1182	612	80.65	0	-0.19	-5.00	500.00	-500.00
1	46	131305108	1259	588	1206	589	53.01	0	-0.20	-5.00	0.00	-500.00
1	47	131305149	1259	588	1206	571	55.66	0	-0.20	-5.00	0.00	0.00
1	48	131305190	1259	587	1206	571	55.36	0	-0.20	-5.00	0.00	0.00
1	49	131305231	1259	587	1206	571	55.36	0	-0.21	-5.00	0.00	0.00
1	50	131305272	1259	587	1206	571	55.36	0	-0.21	-5.00	0.00	0.00
1	51	131305313	1259	587	1206	571	55.36	0	-0.21	-5.00	0.00	500.00
1	52	131305354	1259	586	1206	595	53.76	0	-0.22	-5.00	500.00	500.00
1	53	131305395	1259	586	1223	613	45.00	0	-0.22	-5.00	500.00	500.00
1	54	131305436	1259	586	1246	635	50.70	0	-0.22	-4.99	0.00	500.00
1	55	131305477	1259	586	1246	653	68.25	0	-0.23	-4.99	0.00	0.00
1	56	131305518	1259	586	1246	653	68.25	0	-0.23	-4.99	0.00	0.00
1	57	131305559	1259	585	1246	653	69.23	0	-0.23	-4.99	0.00	0.00
1	58	131305600	1259	585	1246	653	69.23	0	-0.24	-4.99	0.00	-500.00
1	59	131305640	1259	585	1246	634	50.70	0	-0.24	-4.99	0.00	-500.00
1	60	131305681	1259	585	1246	611	29.07	0	-0.24	-4.99	0.00	-500.00
1	61	131305722	1259	585	1246	594	15.81	0	-0.25	-4.99	0.00	-500.00
1	62	131305763	1259	584	1246	571	18.38	0	-0.25	-4.99	0.00	0.00
1	63	131305804	1259	584	1246	571	18.38	0	-0.25	-4.99	0.00	0.00
1	64	131305845	1259	584	1246	571	18.38	0	-0.26	-4.99	0.00	0.00
1	65	131305886	1259	584	1246	571	18.38	0	-0.26	-4.99	0.00	0.00
1	66	131305927	1259	584	1246	571	18.38	0	-0.27	-4.99	0.00	0.00
1	67	131305967	1259	583	1246	571	17.69	0	-0.27	-4.99	0.00	0.00
1	68	131306008	1259	583	1246	571	17.69	0	-0.27	-4.99	0.00	0.00
1	69	131306049	1259	583	1246	571	17.69	0	-0.28	-4.99	0.00	0.00
1	70	131306090	1259	583	1246	571	17.69	0	-0.28	-4.99	0.00	0.00
1	71	131306131	1259	583	1246	571	17.69	0	-0.28	-4.99	0.00	0.00
1	72	131306171	1259	582	1246	571	17.03	0	-0.29	-4.99	0.00	0.00
1	73	131306212	1259	582	1246	571	17.03	0	-0.29	-4.99	0.00	0.00
1	74	131306253	1259	582	1246	571	17.03	0	-0.29	-4.99	0.00	0.00
1	75	131306293	1259	582	1246	571	17.03	0	-0.30	-4.99	0.00	0.00
1	76	131306334	1259	582	1246	571	17.03	0	-0.30	-4.99	-500.00	-500.00
1	77	131306375	1259	581	1227	552	43.19	0	-0.30	-4.99	0.00	-500.00
1	78	131306416	1259	581	1227	530	60.21	0	-0.31	-4.99	0.00	-500.00
1	79	131306457	1259	581	1227	512	76.06	0	-0.31	-4.99	0.00	-500.00
1	80	131306498	1259	581	1227	489	97.41	0	-0.31	-4.99	0.00	0.00
1	81	131306539	1259	581	1227	489	97.41	0	-0.32	-4.99	0.00	0.00
1	82	131306580	1259	580	1227	489	96.46	0	-0.32	-4.99	0.00	0.00
1	83	131306621	1259	580	1227	489	96.46	0	-0.32	-4.99	0.00	0.00
1	84	131306662	1259	580	1227	489	96.46	0	-0.33	-4.99	500.00	500.00
1	85	131306703	1259	580	1245	506	75.31	0	-0.33	-4.99	500.00	500.00
1	86	131306744	1259	579	1268	530	49.82	0	-0.33	-4.99	500.00	500.00
1	87	131306785	1259	579	1286	548	41.11	0	-0.34	-4.99	0.00	0.00
1	88	131306826	1259	579	1286	548	41.11	0	-0.34	-4.99	0.00	0.00
1	89	131306867	1259	579	1286	548	41.11	0	-0.34	-4.99	0.00	0.00
1	90	131306908	1259	579	1286	548	41.11	0	-0.35	-4.99	0.00	0.00
1	91	131306949	1259	578	1286	548	40.36	0	-0.35	-4.99	0.00	0.00
1	92	131306990	1259	578	1286	548	40.36	0	-0.35	-4.99	0.00	0.00
1	93	131307031	1259	578	1286	548	40.36	0	-0.36	-4.99	0.00	0.00
1	94	131307072	1259	578	1286	548	40.36	0	-0.36	-4.99	-500.00	500.00
1	95	131307113	1259	578	1270	564	17.80	0	-0.36	-4.99	-500.00	500.00
1	96	131307154	1259	577	1246	588	17.03	0	-0.37	-4.99	-500.00	500.00
1	97	131307195	1259	577	1229	605	41.04	0	-0.37	-4.99	0.00	0.00
1	98	131307236	1259	577	1229	605	41.04	0	-0.37	-4.99	0.00	0.00
1	99	131307277	1259	577	1229	605	41.04	0	-0.38	-4.99	0.00	0.00
1	100	131307318	1259	577	1229	605	41.04	0	-0.38	-4.99	0.00	0.00
1	101	131307358	1259	576	1229	605	41.73	0	-0.38	-4.99	0.00	0.00
1	102	131307399	1259	576	1229	605	41.73	0	-0.39	-4.98	-500.00	500.00
1	103	131307440	1259	576	1212	622	65.76	0	-0.39	-4.98	-500.00	500.00
1	104	131307480	1259	576	1188	645	99.01	0	-0.39	-4.98	-500.00	500.00
1	105	131307521	1259	576	1171	663	123.75	0	-0.40	-4.98	-500.00	500.00
1	106	131307562	1259	575	1147	687	158.39	0	-0.40	-4.98	0.00	0.00
1	107	131307603	1259	575	1147	687	158.39	0	-0.40	-4.98	0.00	0.00
1	108	131307644	1258	575	1147	687	157.69	0	-0.41	-4.98	0.00	0.00
1	109	131307685	1258	575	1147	687	157.69	0	-0.41	-4.98	0.00	0.00
1	110	131307725	1258	575	1147	687	157.69	0	-0.42	-4.98	0.00	-500.00
1	111	131307766	1258	574	1147	668	145.45	0	-0.42	-4.98	0.00	-500.00
1	112	131307807	1258	574	1147	646	132.31	0	-0.42	-4.98	0.00	-500.00
1	113	131307848	1258	574	1147	628	123.44	0	-0.43	-4.98	0.00	0.00
1	114	131307889	1258	574	1147	628	123.44	0	-0.43	-4.98	0.00	0.00
1	115	131307929	1258	574	1147	628	123.44	0	-0.43	-4.98	0.00	0.00
1	116	131307970	1258	573	1147	628	123.88	0	-0.44	-4.98	0.00	0.00
1	117	131308011	1258	573	1147	628	123.88	0	-0.44	-4.98	0.00	0.00
1	118	131308052	1258	573	1147	628	123.88	0	-0.44	-4.98	0.00	500.00
1	119	131308093	1258	573	1147	646	132.85	0	-0.45	-4.98	0.00	500.00
1	120	131308134	1258	573	1147	669	146.75	0	-0.45	-4.98	0.00	500.00
1	121	131308175	1258	572	1147	688	160.55	0	-0.45	-4.98	0.00	500.00
1	122	131308216	1258	572	1147	711	177.88	0	-0.46	-4.98	0.00	0.00
1	123	131308257	1258	572	1147	711	177.88	0	-0.46	-4.98	0.00	0.00
1	124	131308298	1258	572	1147	711	177.88	0	-0.46	-4.98	0.00	0.00
1	125	131308339	1258	572	1147	711	177.88	0	-0.47	-4.98	0.00	0.00
1	126	131308380	1258	571	1147	711	178.66	0	-0.47	-4.98	500.00	-500.00
1	127	131308420	1258	571	1175	683	139.40	0	-0.47	-4.98	500.00	-500.00
1	128	131308460	1258	571	1193	665	114.28	0	-0.48	-4.98	500.00	-500.00
1	129	131308501	1258	571	1216	642	82.49	0	-0.48	-4.98	500.00	-500.00
1	130	131308542	1258	571	1233	625	59.51	0	-0.48	-4.98	0.00	-500.00
1	131	131308583	1258	570	1233	601	39.82	0	-0.49	-4.98	0.00	0.00
1	132	131308623	1258	570	1233	601	39.82	0	-0.49	-4.98	0.00	0.00
1	133	131308664	1258	570	1233	601	39.82	0	-0.49	-4.98	0.00	0.00
1	134	131308705	1258	570	1233	601	39.82	0	-0.50	-4.98	0.00	0.00
1	135	131308745	1258	569	1233	601	40.61	0	-0.50	-4.97	0.00	0.00
1	136	131308786	1258	569	1233	601	40.61	0	-0.50	-4.97	0.00	0.00
1	137	131308827	1258	569	1233	601	40.61	0	-0.51	-4.97	0.00	0.00
1	138	131308867	1258	569	1233	601	40.61	0	-0.51	-4.97	0.00	500.00
1	139	131308908	1258	569	1233	625	61.33	0	-0.51	-4.97	-500.00	500.00
1	140	131308949	1258	568	1216	642	85.09	0	-0.52	-4.97	-500.00	500.00
1	141	131308990	1258	568	1192	666	118.15	0	-0.52	-4.97	0.00	500.00
1	142	131309031	1258	568	1192	683	132.59	0	-0.52	-4.97	0.00	500.00
1	143	131309072	1258	568	1192	707	153.87	0	-0.53	-4.97	0.00	0.00
1	144	131309113	1258	568	1192	707	153.87	0	-0.53	-4.97	0.00	0.00
1	145	131309154	1258	567	1192	707	154.78	0	-0.53	-4.97	0.00	0.00
1	146	131309195	1258	567	1192	707	154.78	0	-0.54	-4.97	0.00	0.00
1	147	131309236	1258	567	1192	707	154.78	0	-0.54	-4.97	0.00	-500.00
1	148	131309276	1258	567	1192	689	138.71	0	-0.54	-4.97	0.00	-500.00
1	149	131309317	1258	567	1192	666	118.98	0	-0.55	-4.97	0.00	-500.00
1	150	131309358	1258	566	1192	647	104.48	0	-0.55	-4.97	0.00	-500.00
1	151	131309399	1258	566	1192	625	88.53	0	-0.56	-4.97	0.00	0.00
1	152	131309439	1258	566	1192	625	88.53	0	-0.56	-4.97	0.00	0.00
1	153	131309480	1258	566	1192	625	88.53	0	-0.56	-4.97	0.00	0.00
1	154	131309521	1258	566	1192	625	88.53	0	-0.56	-4.97	0.00	0.00
1	155	131309562	1258	565	1192	625	89.20	0	-0.57	-4.97	0.00	0.00
1	156	131309602	1258	565	1192	625	89.20	0	-0.57	-4.97	0.00	0.00
1	157	131309643	1258	565	1192	625	89.20	0	-0.58	-4.97	0.00	500.00
1	158	131309684	1257	565	1192	642	100.77	0	-0.58	-4.97	500.00	500.00
1	159	131309725	1257	565	1216	666	109.00	0	-0.58	-4.97	500.00	500.00
1	160	131309765	1257	564	1233	683	121.40	0	-0.59	-4.97	500.00	500.00
1	161	131309806	1257	564	1257	707	143.00	0	-0.59	-4.97	0.00	0.00
1	162	131309846	1257	564	1257	707	143.00	0	-0.59	-4.96	0.00	0.00
1	163	131309887	1257	564	1257	707	143.00	0	-0.60	-4.96	0.00	0.00
1	164	131309927	1257	564	1257	707	143.00	0	-0.60	-4.96	0.00	0.00
1	165	131309968	1257	563	1257	707	144.00	0	-0.60	-4.96	-500.00	-500.00
1	166	131310009	1257	563	1239	689	127.28	0	-0.61	-4.96	-500.00	-500.00
1	167	131310050	1257	563	1216	666	110.86	0	-0.61	-4.96	-500.00	-500.00
1	168	131310091	1257	563	1198	648	103.47	0	-0.61	-4.96	-500.00	-500.00
1	169	131310132	1257	563	1175	625	102.80	0	-0.62	-4.96	0.00	0.00
1	170	131310173	1257	562	1175	625	103.41	0	-0.62	-4.96	0.00	0.00
1	171	131310214	1257	562	1175	625	103.41	0	-0.62	-4.96	0.00	0.00
1	172	131310255	1257	562	1175	625	103.41	0	-0.63	-4.96	0.00	0.00
1	173	131310296	1257	562	1175	625	103.41	0	-0.63	-4.96	0.00	0.00
1	174	131310337	1257	562	1175	625	103.41	0	-0.63	-4.96	0.00	500.00
1	175	131310378	1257	561	1175	643	115.97	0	-0.64	-4.96	500.00	500.00
1	176	131310419	1257	561	1199	668	121.71	0	-0.64	-4.96	500.00	500.00
1	177	131310460	1257	561	1217	685	130.29	0	-0.64	-4.96	500.00	500.00
1	178	131310501	1257	561	1240	709	148.97	0	-0.65	-4.96	-500.00	0.00
1	179	131310542	1257	561	1223	709	151.86	0	-0.65	-4.96	0.00	0.00
1	180	131310583	1257	560	1223	709	152.83	0	-0.65	-4.96	0.00	0.00
1	181	131310623	1257	560	1223	709	152.83	0	-0.66	-4.96	0.00	0.00
1	182	131310664	1257	560	1223	709	152.83	0	-0.66	-4.96	0.00	0.00
1	183	131310705	1257	560	1223	709	152.83	0	-0.66	-4.96	0.00	0.00
1	184	131310746	1257	560	1223	709	152.83	0	-0.67	-4.96	0.00	0.00
1	185	131310787	1257	559	1223	709	153.81	0	-0.67	-4.95	0.00	0.00
1	186	131310828	1257	559	1223	709	153.81	0	-0.67	-4.95	0.00	0.00
1	187	131310869	1257	559	1223	709	153.81	0	-0.68	-4.95	0.00	0.00
1	188	131310910	1257	559	1223	709	153.81	0	-0.68	-4.95	0.00	0.00
1	189	131310951	1257	559	1223	709	153.81	0	-0.68	-4.95	0.00	0.00
1	190	131310992	1257	558	1223	709	154.78	0	-0.69	-4.95	0.00	0.00
1	191	131311033	1257	558	1223	709	154.78	0	-0.69	-4.95	0.00	0.00
1	192	131311074	1257	558	1223	709	154.78	0	-0.69	-4.95	0.00	-500.00
1	193	131311115	1257	558	1223	691	137.28	0	-0.70	-4.95	0.00	-500.00
1	194	131311156	1257	557	1223	668	116.09	0	-0.70	-4.95	0.00	-500.00
1	195	131311197	1257	557	1223	650	99.02	0	-0.70	-4.95	0.00	0.00
1	196	131311238	1256	557	1223	650	98.68	0	-0.71	-4.95	0.00	0.00
1	197	131311279	1256	557	1223	650	98.68	0	-0.71	-4.95	0.00	0.00
1	198	131311320	1256	557	1223	650	98.68	0	-0.71	-4.95	0.00	0.00
1	199	131311361	1256	556	1223	650	99.62	0	-0.72	-4.95	0.00	0.00
1	200	131311401	1256	556	1223	650	99.62	0	-0.72	-4.95	500.00	500.00
1	201	131311442	1256	556	1240	668	113.14	0	-0.72	-4.95	500.00	500.00
1	202	131311482	1256	556	1264	691	135.24	0	-0.73	-4.95	500.00	500.00
1	203	131311523	1256	556	1280	708	153.88	0	-0.73	-4.95	500.00	500.00
1	204	131311564	1256	555	1305	732	183.66	0	-0.73	-4.95	500.00	500.00
1	205	131311605	1256	555	1322	750	205.87	0	-0.74	-4.95	500.00	-500.00
1	206	131311645	1256	555	1346	726	193.24	0	-0.74	-4.94	0.00	-500.00
1	207	131311686	1256	555	1346	710	179.23	0	-0.74	-4.94	0.00	-500.00
1	208	131311727	1256	555	1346	685	158.11	0	-0.75	-4.94	0.00	-500.00
1	209	131311768	1256	554	1346	668	145.24	0	-0.75	-4.94	0.00	-500.00
1	210	131311809	1256	554	1346	644	127.28	0	-0.75	-4.94	-500.00	-500.00
1	211	131311850	1256	554	1328	627	102.53	0	-0.76	-4.94	0.00	-500.00
1	212	131311891	1256	554	1328	604	87.66	0	-0.76	-4.94	0.00	0.00
1	213	131311932	1256	554	1328	604	87.66	0	-0.76	-4.94	0.00	500.00
1	214	131311973	1256	553	1328	628	103.97	0	-0.77	-4.94	500.00	500.00
1	215	131312014	1256	553	1346	645	128.70	0	-0.77	-4.94	500.00	500.00
1	216	131312055	1256	553	1368	668	160.53	0	-0.77	-4.94	0.00	0.00
1	217	131312096	1256	553	1368	668	160.53	0	-0.78	-4.94	0.00	0.00
1	218	131312137	1256	553	1368	668	160.53	0	-0.78	-4.94	0.00	0.00
1	219	131312178	1256	552	1368	668	161.25	0	-0.78	-4.94	0.00	-500.00
1	220	131312219	1256	552	1368	645	145.58	0	-0.79	-4.94	0.00	-500.00
1	221	131312260	1256	552	1368	628	135.35	0	-0.79	-4.94	0.00	-500.00
1	222	131312301	1256	552	1368	603	123.07	0	-0.80	-4.94	0.00	-500.00
1	223	131312341	1256	552	1368	586	117.05	0	-0.80	-4.94	0.00	-500.00
1	224	131312382	1256	551	1368	562	112.54	0	-0.80	-4.94	0.00	-500.00
1	225	131312423	1256	551	1368	544	112.22	0	-0.80	-4.93	-500.00	-500.00
1	226	131312464	1256	551	1345	521	93.92	0	-0.81	-4.93	-500.00	-500.00
1	227	131312505	1256	551	1327	504	85.15	0	-0.81	-4.93	-500.00	0.00
1	228	131312546	1255	551	1304	504	67.90	0	-0.82	-4.93	-500.00	500.00
1	229	131312587	1255	550	1286	521	42.45	0	-0.82	-4.93	-500.00	500.00
1	230	131312628	1255	550	1263	545	9.43	1	-0.82	-4.93	-500.00	500.00
1	231	131312669	1255	550	1244	563	17.03	0	-0.83	-4.93	-500.00	500.00
1	232	131312710	1255	550	1227	581	41.77	0	-0.83	-4.93	0.00	500.00
1	233	131312751	1255	550	1227	604	60.83	0	-0.83	-4.93	500.00	500.00
1	234	131312792	1255	549	1250	628	79.16	0	-0.84	-4.93	500.00	500.00
1	235	131312833	1255	549	1268	645	96.88	0	-0.84	-4.93	500.00	0.00
1	236	131312874	1255	549	1291	645	102.53	0	-0.84	-4.93	0.00	-500.00
1	237	131312915	1255	549	1291	628	86.82	0	-0.85	-4.93	0.00	-500.00
1	238	131312956	1255	549	1291	604	65.73	0	-0.85	-4.93	0.00	-500.00
1	239	131312997	1255	548	1291	586	52.35	0	-0.85	-4.93	0.00	-500.00
1	240	131313038	1255	548	1291	563	39.00	0	-0.86	-4.93	-500.00	-500.00
1	241	131313079	1255	548	1273	546	18.11	0	-0.86	-4.93	0.00	0.00
1	242	131313120	1255	548	1273	546	18.11	0	-0.86	-4.92	0.00	0.00
1	243	131313161	1255	548	1273	546	18.11	0	-0.87	-4.92	0.00	0.00
1	244	131313202	1255	547	1273	546	18.03	0	-0.87	-4.92	0.00	500.00
1	245	131313243	1255	547	1273	569	28.43	0	-0.87	-4.92	0.00	500.00
1	246	131313284	1255	547	1273	592	48.47	0	-0.88	-4.92	0.00	500.00
1	247	131313325	1255	547	1273	611	66.48	0	-0.88	-4.92	-500.00	500.00
1	248	131313366	1255	547	1257	628	81.02	0	-0.88	-4.92	-500.00	500.00
1	249	131313406	1255	546	1233	651	107.28	0	-0.89	-4.92	-500.00	500.00
1	250	131313446	1255	546	1210	674	135.68	0	-0.89	-4.92	-500.00	0.00
1	251	131313487	1255	546	1192	674	142.66	0	-0.89	-4.92	-500.00	-500.00
1	252	131313528	1255	546	1175	657	136.82	0	-0.90	-4.92	-500.00	-500.00
1	253	131313569	1255	546	1151	633	135.59	0	-0.90	-4.92	0.00	-500.00
1	254	131313610	1255	545	1151	610	122.64	0	-0.90	-4.92	0.00	0.00
1	255	131313651	1255	545	1151	610	122.64	0	-0.91	-4.92	0.00	0.00
1	256	131313692	1254	545	1151	610	121.79	0	-0.91	-4.92	0.00	0.00
1	257	131313733	1254	545	1151	610	121.79	0	-0.91	-4.92	0.00	0.00
1	258	131313774	1254	545	1151	610	121.79	0	-0.92	-4.92	0.00	0.00
1	259	131313814	1254	544	1151	610	122.33	0	-0.92	-4.91	0.00	0.00
1	260	131313855	1254	544	1151	610	122.33	0	-0.92	-4.91	0.00	-500.00
1	261	131313896	1254	544	1151	592	113.64	0	-0.93	-4.91	0.00	-500.00
1	262	131313937	1254	544	1151	569	105.99	0	-0.93	-4.91	0.00	-500.00
1	263	131313978	1254	544	1151	551	103.24	0	-0.93	-4.91	0.00	-500.00
1	264	131314019	1254	543	1151	534	103.39	0	-0.94	-4.91	0.00	-500.00
1	265	131314059	1254	543	1151	510	108.16	0	-0.94	-4.91	500.00	-500.00
1	266	131314100	1254	543	1175	487	96.83	0	-0.94	-4.91	500.00	0.00
1	267	131314141	1254	543	1192	487	83.55	0	-0.95	-4.91	500.00	500.00
1	268	131314182	1254	542	1216	510	49.68	0	-0.95	-4.91	500.00	500.00
1	269	131314222	1254	542	1233	528	25.24	0	-0.95	-4.91	500.00	500.00
1	270	131314263	1254	542	1257	551	9.49	1	-0.96	-4.91	500.00	500.00
1	271	131314304	1254	542	1275	570	35.00	0	-0.96	-4.91	500.00	0.00
1	272	131314345	1254	542	1298	570	52.15	0	-0.96	-4.91	500.00	-500.00
1	273	131314385	1254	542	1315	552	61.81	0	-0.97	-4.91	0.00	-500.00
1	274	131314426	1254	541	1315	529	62.17	0	-0.97	-4.90	0.00	-500.00
1	275	131314467	1254	541	1315	511	67.98	0	-0.97	-4.90	-500.00	-500.00
1	276	131314508	1254	541	1292	488	65.22	0	-0.98	-4.90	-500.00	-500.00
1	277	131314548	1254	541	1274	470	73.76	0	-0.98	-4.90	-500.00	-500.00
1	278	131314589	1254	540	1251	447	93.05	0	-0.98	-4.90	-500.00	-500.00
1	279	131314629	1254	540	1232	428	114.14	0	-0.99	-4.90	0.00	0.00
1	280	131314670	1254	540	1232	428	114.14	0	-0.99	-4.90	500.00	0.00
1	281	131314711	1254	540	1250	428	112.07	0	-0.99	-4.90	500.00	500.00
1	282	131314752	1253	540	1273	452	90.24	0	-1.00	-4.90	500.00	500.00
1	283	131314792	1253	539	1292	470	79.26	0	-1.00	-4.90	500.00	500.00
1	284	131314833	1253	539	1309	487	76.42	0	-1.00	-4.90	0.00	0.00
1	285	131314874	1253	539	1309	487	76.42	0	-1.01	-4.90	0.00	-500.00
1	286	131314915	1253	539	1309	463	94.40	0	-1.01	-4.90	-500.00	-500.00
1	287	131314955	1253	539	1291	446	100.46	0	-1.01	-4.90	-500.00	-500.00
1	288	131314996	1253	538	1268	422	116.97	0	-1.02	-4.90	-500.00	-500.00
1	289	131315037	1253	538	1250	405	133.03	0	-1.02	-4.89	0.00	0.00
1	290	131315078	1253	538	1250	405	133.03	0	-1.02	-4.89	0.00	500.00
1	291	131315119	1253	538	1250	423	115.04	0	-1.03	-4.89	500.00	500.00
1	292	131315160	1253	538	1272	446	93.94	0	-1.03	-4.89	0.00	500.00
1	293	131315201	1253	537	1272	463	76.40	0	-1.03	-4.89	-500.00	0.00
1	294	131315242	1253	537	1249	463	74.11	0	-1.04	-4.89	-500.00	-500.00
1	295	131315283	1253	537	1231	446	93.62	0	-1.04	-4.89	-500.00	-500.00
1	296	131315324	1253	537	1208	422	123.49	0	-1.04	-4.89	-500.00	0.00
1	297	131315364	1253	537	1189	422	131.61	0	-1.05	-4.89	-500.00	500.00
1	298	131315405	1253	536	1167	445	125.21	0	-1.05	-4.89	-500.00	500.00
1	299	131315446	1253	536	1149	462	127.64	0	-1.05	-4.89	-500.00	500.00
1	300	131315487	1253	536	1126	486	136.49	0	-1.06	-4.89	0.00	500.00
1	301	131315528	1253	536	1126	503	131.22	0	-1.06	-4.89	0.00	0.00
1	302	131315569	1253	536	1126	503	131.22	0	-1.06	-4.89	0.00	0.00
1	303	131315610	1253	535	1126	503	130.97	0	-1.07	-4.88	0.00	-500.00
1	304	131315651	1253	535	1126	486	136.12	0	-1.07	-4.88	0.00	-500.00
1	305	131315692	1253	535	1126	462	146.49	0	-1.07	-4.88	0.00	-500.00
1	306	131315733	1252	535	1126	439	158.40	0	-1.08	-4.88	500.00	-500.00
1	307	131315774	1252	535	1144	421	157.04	0	-1.08	-4.88	500.00	0.00
1	308	131315815	1252	535	1161	421	145.87	0	-1.08	-4.88	500.00	500.00
1	309	131315856	1252	534	1185	445	111.40	0	-1.09	-4.88	500.00	500.00
1	310	131315897	1252	534	1208	468	79.32	0	-1.09	-4.88	500.00	500.00
1	311	131315937	1252	534	1226	486	54.59	0	-1.09	-4.88	500.00	500.00
1	312	131315978	1252	534	1249	509	25.18	0	-1.10	-4.88	0.00	500.00
1	313	131316018	1252	533	1249	528	5.83	1	-1.10	-4.88	0.00	500.00
1	314	131316059	1252	533	1249	550	17.26	0	-1.10	-4.88	0.00	500.00
1	315	131316100	1252	533	1249	568	35.13	0	-1.11	-4.88	0.00	500.00
1	316	131316141	1252	533	1249	591	58.08	0	-1.11	-4.88	500.00	500.00
1	317	131316182	1252	533	1267	609	77.47	0	-1.11	-4.87	500.00	0.00
1	318	131316223	1252	532	1290	609	85.87	0	-1.12	-4.87	500.00	-500.00
1	319	131316264	1252	532	1308	591	81.34	0	-1.12	-4.87	0.00	-500.00
1	320	131316305	1252	532	1308	568	66.57	0	-1.12	-4.87	0.00	-500.00
1	321	131316346	1252	532	1308	549	58.52	0	-1.13	-4.87	0.00	-500.00
1	322	131316387	1252	532	1308	527	56.22	0	-1.13	-4.87	0.00	0.00
1	323	131316428	1252	531	1308	527	56.14	0	-1.13	-4.87	500.00	0.00
1	324	131316469	1252	531	1331	527	79.10	0	-1.14	-4.87	500.00	500.00
1	325	131316510	1252	531	1349	545	98.01	0	-1.14	-4.87	500.00	500.00
1	326	131316551	1252	531	1372	568	125.57	0	-1.14	-4.87	0.00	500.00
1	327	131316591	1252	531	1372	586	132.00	0	-1.15	-4.87	0.00	500.00
1	328	131316632	1251	530	1372	609	144.51	0	-1.15	-4.87	0.00	500.00
1	329	131316672	1251	530	1372	628	155.71	0	-1.15	-4.87	0.00	500.00
1	330	131316713	1251	530	1372	644	166.24	0	-1.16	-4.86	-500.00	500.00
1	331	131316754	1251	530	1348	669	169.50	0	-1.16	-4.86	-500.00	500.00
1	332	131316794	1251	530	1325	691	177.19	0	-1.16	-4.86	-500.00	0.00
1	333	131316835	1251	529	1308	691	171.74	0	-1.17	-4.86	-500.00	-500.00
1	334	131316876	1251	529	1284	668	142.86	0	-1.17	-4.86	-500.00	-500.00
1	335	131316917	1251	529	1267	650	122.05	0	-1.17	-4.86	-500.00	-500.00
1	336	131316958	1251	529	1249	632	103.02	0	-1.18	-4.86	0.00	0.00
1	337	131316999	1251	529	1249	632	103.02	0	-1.18	-4.86	0.00	0.00
1	338	131317040	1251	528	1249	632	104.02	0	-1.18	-4.86	0.00	500.00
1	339	131317081	1251	528	1249	650	122.02	0	-1.19	-4.86	0.00	500.00
1	340	131317122	1251	528	1249	673	145.01	0	-1.19	-4.86	0.00	0.00
1	341	131317163	1251	528	1249	673	145.01	0	-1.19	-4.86	0.00	0.00
1	342	131317204	1251	528	1249	673	145.01	0	-1.20	-4.85	0.00	-500.00
1	343	131317245	1251	527	1249	655	128.02	0	-1.20	-4.85	0.00	-500.00
1	344	131317286	1251	527	1249	632	105.02	0	-1.20	-4.85	0.00	-500.00
1	345	131317326	1251	527	1249	615	88.02	0	-1.21	-4.85	0.00	-500.00
1	346	131317367	1251	527	1249	591	64.03	0	-1.21	-4.85	0.00	-500.00
1	347	131317407	1251	527	1249	574	47.04	0	-1.21	-4.85	0.00	-500.00
1	348	131317448	1250	527	1249	556	29.02	0	-1.22	-4.85	0.00	-500.00
1	349	131317489	1250	526	1249	533	7.07	1	-1.22	-4.85	0.00	-500.00
1	350	131317530	1250	526	1249	509	17.03	0	-1.22	-4.85	500.00	-500.00
1	351	131317571	1250	526	1267	492	38.01	0	-1.23	-4.85	500.00	-500.00
1	352	131317612	1250	526	1290	468	70.46	0	-1.23	-4.85	0.00	0.00
1	353	131317653	1250	526	1290	468	70.46	0	-1.23	-4.85	0.00	0.00
1	354	131317694	1250	525	1290	468	69.63	0	-1.24	-4.84	0.00	0.00
1	355	131317735	1250	525	1290	468	69.63	0	-1.24	-4.84	0.00	0.00
1	356	131317776	1250	525	1290	468	69.63	0	-1.24	-4.84	0.00	500.00
1	357	131317817	1250	525	1290	486	55.87	0	-1.25	-4.84	0.00	500.00
1	358	131317858	1250	524	1290	509	42.72	0	-1.25	-4.84	0.00	500.00
1	359	131317899	1250	524	1290	527	40.11	0	-1.25	-4.84	0.00	500.00
1	360	131317940	1250	524	1290	550	47.71	0	-1.26	-4.84	-500.00	500.00
1	361	131317981	1250	524	1272	568	49.19	0	-1.26	-4.84	0.00	0.00
1	362	131318022	1250	524	1272	568	49.19	0	-1.26	-4.84	0.00	0.00
1	363	131318063	1250	524	1272	568	49.19	0	-1.27	-4.84	0.00	-500.00
1	364	131318104	1250	523	1272	545	31.11	0	-1.27	-4.84	-500.00	-500.00
1	365	131318145	1250	523	1255	528	7.07	1	-1.27	-4.84	-500.00	-500.00
1	366	131318186	1250	523	1231	504	26.87	0	-1.28	-4.83	-500.00	-500.00
1	367	131318226	1250	523	1214	487	50.91	0	-1.28	-4.83	-500.00	-500.00
1	368	131318267	1249	523	1196	469	75.66	0	-1.28	-4.83	0.00	-500.00
1	369	131318308	1249	522	1196	446	92.66	0	-1.29	-4.83	0.00	0.00
1	370	131318349	1249	522	1196	446	92.66	0	-1.29	-4.83	0.00	0.00
1	371	131318389	1249	522	1196	446	92.66	0	-1.29	-4.83	0.00	500.00
1	372	131318430	1249	522	1196	468	75.66	0	-1.30	-4.83	0.00	500.00
1	373	131318471	1249	522	1196	486	64.07	0	-1.30	-4.83	0.00	500.00
1	374	131318512	1249	521	1196	509	54.34	0	-1.30	-4.83	500.00	500.00
1	375	131318553	1249	521	1214	527	35.51	0	-1.31	-4.83	500.00	500.00
1	376	131318594	1249	521	1237	550	31.38	0	-1.31	-4.83	500.00	500.00
1	377	131318634	1249	521	1255	568	47.38	0	-1.31	-4.82	500.00	500.00
1	378	131318675	1249	521	1272	586	68.95	0	-1.32	-4.82	500.00	500.00
1	379	131318716	1249	520	1296	609	100.65	0	-1.32	-4.82	0.00	0.00
1	380	131318757	1249	520	1296	609	100.65	0	-1.32	-4.82	0.00	0.00
1	381	131318797	1249	520	1296	609	100.65	0	-1.33	-4.82	0.00	0.00
1	382	131318838	1249	520	1296	609	100.65	0	-1.33	-4.82	0.00	0.00
1	383	131318879	1249	520	1296	609	100.65	0	-1.33	-4.82	0.00	0.00
1	384	131318920	1249	519	1296	609	101.53	0	-1.34	-4.82	0.00	-500.00
1	385	131318961	1249	519	1296	591	85.98	0	-1.34	-4.82	0.00	-500.00
1	386	131319002	1248	519	1296	574	73.00	0	-1.34	-4.82	0.00	-500.00
1	387	131319043	1248	519	1296	550	57.14	0	-1.35	-4.82	0.00	-500.00
1	388	131319084	1248	519	1296	532	49.73	0	-1.35	-4.81	-500.00	-500.00
1	389	131319124	1248	518	1273	509	26.57	0	-1.35	-4.81	-500.00	-500.00
1	390	131319165	1248	518	1250	486	32.06	0	-1.36	-4.81	-500.00	0.00
1	391	131319205	1248	518	1232	486	35.78	0	-1.36	-4.81	-500.00	500.00
1	392	131319246	1248	518	1209	509	40.02	0	-1.36	-4.81	-500.00	500.00
1	393	131319287	1248	518	1190	528	58.86	0	-1.37	-4.81	-500.00	500.00
1	394	131319328	1248	517	1168	550	86.54	0	-1.37	-4.81	0.00	500.00
1	395	131319368	1248	517	1168	568	94.87	0	-1.37	-4.81	0.00	0.00
1	396	131319409	1248	517	1168	568	94.87	0	-1.37	-4.81	0.00	0.00
1	397	131319449	1248	517	1168	568	94.87	0	-1.38	-4.81	0.00	0.00
1	398	131319490	1248	517	1168	568	94.87	0	-1.38	-4.81	0.00	-500.00
1	399	131319531	1248	516	1168	545	85.09	0	-1.38	-4.80	0.00	-500.00
1	400	131319572	1248	516	1168	521	80.16	0	-1.39	-4.80	0.00	-500.00
1	401	131319612	1248	516	1168	503	81.05	0	-1.39	-4.80	0.00	-500.00
1	402	131319653	1248	516	1168	486	85.44	0	-1.39	-4.80	0.00	-500.00
1	403	131319693	1248	516	1168	462	96.52	0	-1.40	-4.80	0.00	0.00
1	404	131319734	1247	515	1168	462	95.13	0	-1.40	-4.80	0.00	0.00
1	405	131319775	1247	515	1168	462	95.13	0	-1.40	-4.80	0.00	0.00
1	406	131319816	1247	515	1168	462	95.13	0	-1.41	-4.80	0.00	0.00
1	407	131319857	1247	515	1168	462	95.13	0	-1.41	-4.80	0.00	500.00
1	408	131319898	1247	515	1168	486	84.15	0	-1.41	-4.80	0.00	500.00
1	409	131319939	1247	514	1168	503	79.76	0	-1.42	-4.79	500.00	500.00
1	410	131319980	1247	514	1186	521	61.40	0	-1.42	-4.79	500.00	500.00
1	411	131320021	1247	514	1209	545	49.04	0	-1.42	-4.79	500.00	500.00
1	412	131320062	1247	514	1232	568	56.04	0	-1.43	-4.79	0.00	0.00
1	413	131320102	1247	514	1232	568	56.04	0	-1.43	-4.79	0.00	0.00
1	414	131320143	1247	513	1232	568	57.01	0	-1.43	-4.79	0.00	0.00
1	415	131320184	1247	513	1232	568	57.01	0	-1.44	-4.79	0.00	0.00
1	416	131320225	1247	513	1232	568	57.01	0	-1.44	-4.79	0.00	-500.00
1	417	131320266	1247	513	1232	550	39.92	0	-1.44	-4.79	0.00	-500.00
1	418	131320307	1247	513	1232	527	20.52	0	-1.45	-4.79	0.00	-500.00
1	419	131320348	1247	512	1232	509	15.30	0	-1.45	-4.78	0.00	0.00
1	420	131320389	1247	512	1232	509	15.30	0	-1.45	-4.78	0.00	0.00
1	421	131320429	1246	512	1232	509	14.32	0	-1.46	-4.78	0.00	0.00
1	422	131320470	1246	512	1232	509	14.32	0	-1.46	-4.78	0.00	0.00
1	423	131320510	1246	512	1232	509	14.32	0	-1.46	-4.78	0.00	0.00
1	424	131320551	1246	511	1232	509	14.14	0	-1.47	-4.78	0.00	0.00
1	425	131320591	1246	511	1232	509	14.14	0	-1.47	-4.78	0.00	500.00
1	426	131320632	1246	511	1232	533	26.08	0	-1.47	-4.78	0.00	500.00
1	427	131320673	1246	511	1232	551	42.38	0	-1.48	-4.78	0.00	500.00
1	428	131320714	1246	511	1232	574	64.54	0	-1.48	-4.78	0.00	0.00
1	429	131320755	1246	511	1232	574	64.54	0	-1.48	-4.77	0.00	0.00
1	430	131320796	1246	510	1232	574	65.51	0	-1.49	-4.77	0.00	0.00
1	431	131320837	1246	510	1232	574	65.51	0	-1.49	-4.77	0.00	0.00
1	432	131320878	1246	510	1232	574	65.51	0	-1.49	-4.77	0.00	0.00
1	433	131320918	1246	510	1232	574	65.51	0	-1.50	-4.77	0.00	-500.00
1	434	131320959	1246	510	1232	550	42.38	0	-1.50	-4.77	0.00	-500.00
1	435	131320999	1246	509	1232	533	27.78	0	-1.50	-4.77	0.00	-500.00
1	436	131321040	1246	509	1232	509	14.00	0	-1.51	-4.77	0.00	-500.00
1	437	131321081	1246	509	1232	492	22.02	0	-1.51	-4.77	0.00	0.00
1	438	131321122	1245	509	1232	492	21.40	0	-1.51	-4.77	0.00	0.00
1	439	131321163	1245	509	1232	492	21.40	0	-1.52	-4.76	0.00	0.00
1	440	131321204	1245	508	1232	492	20.62	0	-1.52	-4.76	0.00	0.00
1	441	131321245	1245	508	1232	492	20.62	0	-1.52	-4.76	0.00	0.00
1	442	131321286	1245	508	1232	492	20.62	0	-1.53	-4.76	0.00	0.00
1	443	131321326	1245	508	1232	492	20.62	0	-1.53	-4.76	0.00	500.00
1	444	131321367	1245	508	1232	509	13.04	0	-1.53	-4.76	0.00	500.00
1	445	131321408	1245	507	1232	533	29.07	0	-1.54	-4.76	0.00	0.00
1	446	131321449	1245	507	1232	533	29.07	0	-1.54	-4.76	0.00	0.00
1	447	131321489	1245	507	1232	533	29.07	0	-1.54	-4.76	0.00	0.00
1	448	131321530	1245	507	1232	533	29.07	0	-1.55	-4.76	0.00	0.00
1	449	131321571	1245	507	1232	533	29.07	0	-1.55	-4.75	0.00	0.00
1	450	131321612	1245	506	1232	533	29.97	0	-1.55	-4.75	0.00	0.00
1	451	131321653	1245	506	1232	533	29.97	0	-1.55	-4.75	0.00	0.00
1	452	131321694	1245	506	1232	533	29.97	0	-1.56	-4.75	500.00	0.00
1	453	131321734	1244	506	1256	533	29.55	0	-1.56	-4.75	500.00	-500.00
1	454	131321775	1244	506	1279	509	35.13	0	-1.57	-4.75	500.00	-500.00
1	455	131321815	1244	505	1297	492	54.57	0	-1.57	-4.75	0.00	0.00
1	456	131321856	1244	505	1297	492	54.57	0	-1.57	-4.75	0.00	0.00
1	457	131321896	1244	505	1297	492	54.57	0	-1.57	-4.75	0.00	0.00
1	458	131321937	1244	505	1297	492	54.57	0	-1.58	-4.74	0.00	0.00
1	459	131321978	1244	505	1297	492	54.57	0	-1.58	-4.74	0.00	0.00
1	460	131322019	1244	504	1297	492	54.34	0	-1.58	-4.74	-500.00	0.00
1	461	131322059	1244	504	1279	492	37.00	0	-1.59	-4.74	-500.00	0.00
1	462	131322100	1244	504	1256	492	16.97	0	-1.59	-4.74	-500.00	0.00
1	463	131322141	1244	504	1238	492	13.42	0	-1.59	-4.74	0.00	0.00
1	464	131322182	1244	504	1238	492	13.42	0	-1.60	-4.74	0.00	0.00
1	465	131322223	1244	503	1238	492	12.53	0	-1.60	-4.74	0.00	0.00
1	466	131322264	1244	503	1238	492	12.53	0	-1.60	-4.74	0.00	0.00
1	467	131322305	1244	503	1238	492	12.53	0	-1.61	-4.73	0.00	0.00
1	468	131322346	1244	503	1238	492	12.53	0	-1.61	-4.73	0.00	0.00
1	469	131322387	1243	503	1238	492	12.08	0	-1.61	-4.73	0.00	0.00
1	470	131322428	1243	502	1238	492	11.18	0	-1.62	-4.73	0.00	0.00
1	471	131322469	1243	502	1238	492	11.18	0	-1.62	-4.73	0.00	0.00
1	472	131322510	1243	502	1238	492	11.18	0	-1.62	-4.73	0.00	0.00
1	473	131322551	1243	502	1238	492	11.18	0	-1.63	-4.73	0.00	0.00
1	474	131322592	1243	502	1238	492	11.18	0	-1.63	-4.73	0.00	0.00
1	475	131322633	1243	502	1238	492	11.18	0	-1.63	-4.73	0.00	0.00
1	476	131322674	1243	501	1238	492	10.30	0	-1.64	-4.72	0.00	500.00
1	477	131322715	1243	501	1238	509	9.43	1	-1.64	-4.72	0.00	500.00
1	478	131322756	1243	501	1238	533	32.39	0	-1.64	-4.72	0.00	500.00
1	479	131322797	1243	501	1238	551	50.25	0	-1.65	-4.72	0.00	0.00
1	480	131322838	1243	501	1238	551	50.25	0	-1.65	-4.72	0.00	0.00
1	481	131322879	1243	500	1238	551	51.24	0	-1.65	-4.72	0.00	0.00
1	482	131322920	1243	500	1238	551	51.24	0	-1.66	-4.72	0.00	0.00
1	483	131322961	1243	500	1238	551	51.24	0	-1.66	-4.72	0.00	0.00
1	484	131323002	1242	500	1238	551	51.16	0	-1.66	-4.72	0.00	0.00
1	485	131323043	1242	500	1238	551	51.16	0	-1.66	-4.71	0.00	-500.00
1	486	131323084	1242	499	1238	528	29.27	0	-1.67	-4.71	0.00	-500.00
1	487	131323125	1242	499	1238	510	11.70	0	-1.67	-4.71	0.00	-500.00
1	488	131323166	1242	499	1238	487	12.65	0	-1.67	-4.71	0.00	-500.00
1	489	131323207	1242	499	1238	469	30.27	0	-1.68	-4.71	0.00	0.00
1	490	131323248	1242	499	1238	469	30.27	0	-1.68	-4.71	0.00	0.00
1	491	131323288	1242	498	1238	469	29.27	0	-1.68	-4.71	0.00	0.00
1	492	131323329	1242	498	1238	469	29.27	0	-1.69	-4.71	0.00	0.00
1	493	131323370	1242	498	1238	469	29.27	0	-1.69	-4.71	0.00	0.00
1	494	131323411	1242	498	1238	469	29.27	0	-1.69	-4.70	0.00	0.00
1	495	131323451	1242	498	1238	469	29.27	0	-1.70	-4.70	0.00	0.00
1	496	131323492	1242	497	1238	469	28.28	0	-1.70	-4.70	0.00	0.00
1	497	131323533	1242	497	1238	469	28.28	0	-1.70	-4.70	0.00	500.00
1	498	131323574	1241	497	1238	487	10.44	0	-1.71	-4.70	0.00	500.00
1	499	131323615	1241	497	1238	510	13.34	0	-1.71	-4.70	0.00	0.00
1	500	131323656	1241	497	1238	510	13.34	0	-1.71	-4.70	0.00	0.00
1	501	131323697	1241	497	1238	510	13.34	0	-1.72	-4.70	0.00	0.00
1	502	131323738	1241	496	1238	510	14.32	0	-1.72	-4.70	0.00	0.00
1	503	131323779	1241	496	1238	510	14.32	0	-1.72	-4.69	0.00	0.00
1	504	131323820	1241	496	1238	510	14.32	0	-1.73	-4.69	0.00	0.00
1	505	131323861	1241	496	1238	510	14.32	0	-1.73	-4.69	0.00	0.00
1	506	131323902	1241	496	1238	510	14.32	0	-1.73	-4.69	0.00	0.00
1	507	131323943	1241	495	1238	510	15.30	0	-1.74	-4.69	0.00	0.00
1	508	131323984	1241	495	1238	510	15.30	0	-1.74	-4.69	0.00	0.00
1	509	131324024	1241	495	1238	510	15.30	0	-1.74	-4.69	0.00	0.00
1	510	131324065	1241	495	1238	510	15.30	0	-1.75	-4.69	0.00	0.00
1	511	131324106	1241	495	1238	510	15.30	0	-1.75	-4.68	0.00	0.00
1	512	131324147	1240	494	1238	510	16.12	0	-1.75	-4.68	0.00	0.00
1	513	131324187	1240	494	1238	510	16.12	0	-1.76	-4.68	0.00	0.00
1	514	131324228	1240	494	1238	510	16.12	0	-1.76	-4.68	0.00	0.00
1	515	131324269	1240	494	1238	510	16.12	0	-1.76	-4.68	0.00	0.00
1	516	131324310	1240	494	1238	510	16.12	0	-1.76	-4.68	0.00	0.00
1	517	131324351	1240	493	1238	510	17.12	0	-1.77	-4.68	0.00	0.00
1	518	131324392	1240	493	1238	510	17.12	0	-1.77	-4.68	0.00	-500.00
1	519	131324433	1240	493	1238	486	7.28	1	-1.77	-4.67	0.00	-500.00
1	520	131324474	1240	493	1238	469	24.08	0	-1.78	-4.67	0.00	-500.00
1	521	131324514	1240	493	1238	445	48.04	0	-1.78	-4.67	0.00	-500.00
1	522	131324555	1240	492	1238	428	64.03	0	-1.78	-4.67	0.00	0.00
1	523	131324596	1240	492	1238	428	64.03	0	-1.79	-4.67	0.00	0.00
1	524	131324637	1240	492	1238	428	64.03	0	-1.79	-4.67	0.00	0.00
1	525	131324678	1240	492	1238	428	64.03	0	-1.79	-4.67	0.00	0.00
1	526	131324719	1239	492	1238	428	64.01	0	-1.80	-4.67	0.00	0.00
1	527	131324759	1239	492	1238	428	64.01	0	-1.80	-4.66	0.00	0.00
1	528	131324800	1239	491	1238	428	63.01	0	-1.80	-4.66	0.00	0.00
1	529	131324840	1239	491	1238	428	63.01	0	-1.81	-4.66	0.00	0.00
1	530	131324881	1239	491	1238	428	63.01	0	-1.81	-4.66	0.00	0.00
1	531	131324922	1239	491	1238	428	63.01	0	-1.81	-4.66	0.00	0.00
1	532	131324963	1239	491	1238	428	63.01	0	-1.82	-4.66	-500.00	500.00
1	533	131325003	1239	490	1215	452	44.94	0	-1.82	-4.66	-500.00	500.00
1	534	131325044	1239	490	1197	469	46.96	0	-1.82	-4.66	-500.00	500.00
1	535	131325084	1239	490	1173	493	66.07	0	-1.83	-4.65	-500.00	500.00
1	536	131325125	1239	490	1156	510	85.38	0	-1.83	-4.65	-500.00	500.00
1	537	131325165	1239	490	1133	534	114.77	0	-1.83	-4.65	-500.00	500.00
1	538	131325206	1239	489	1115	552	139.09	0	-1.83	-4.65	-500.00	500.00
1	539	131325247	1238	489	1092	575	169.45	0	-1.84	-4.65	0.00	0.00
1	540	131325288	1238	489	1092	575	169.45	0	-1.84	-4.65	0.00	0.00
1	541	131325329	1238	489	1092	575	169.45	0	-1.84	-4.65	0.00	0.00
1	542	131325370	1238	489	1092	575	169.45	0	-1.85	-4.65	0.00	0.00
1	543	131325410	1238	488	1092	575	169.96	0	-1.85	-4.64	0.00	0.00
1	544	131325451	1238	488	1092	575	169.96	0	-1.85	-4.64	500.00	-500.00
1	545	131325492	1238	488	1116	551	137.31	0	-1.86	-4.64	500.00	-500.00
1	546	131325533	1238	488	1133	534	114.63	0	-1.86	-4.64	500.00	-500.00
1	547	131325574	1238	488	1157	510	83.93	0	-1.86	-4.64	500.00	-500.00
1	548	131325615	1238	488	1174	493	64.20	0	-1.87	-4.64	0.00	0.00
1	549	131325656	1238	487	1174	493	64.28	0	-1.87	-4.64	0.00	0.00
1	550	131325697	1238	487	1174	493	64.28	0	-1.87	-4.64	0.00	0.00
1	551	131325738	1238	487	1174	493	64.28	0	-1.88	-4.63	0.00	0.00
1	552	131325779	1238	487	1174	493	64.28	0	-1.88	-4.63	0.00	0.00
1	553	131325820	1237	487	1174	493	63.29	0	-1.88	-4.63	0.00	0.00
1	554	131325861	1237	486	1174	493	63.39	0	-1.89	-4.63	0.00	0.00
1	555	131325902	1237	486	1174	493	63.39	0	-1.89	-4.63	0.00	0.00
1	556	131325943	1237	486	1174	493	63.39	0	-1.89	-4.63	0.00	0.00
1	557	131325984	1237	486	1174	493	63.39	0	-1.90	-4.63	0.00	0.00
1	558	131326025	1237	486	1174	493	63.39	0	-1.90	-4.63	0.00	0.00
1	559	131326066	1237	485	1174	493	63.51	0	-1.90	-4.62	0.00	0.00
1	560	131326107	1237	485	1174	493	63.51	0	-1.90	-4.62	0.00	0.00
1	561	131326148	1237	485	1174	493	63.51	0	-1.91	-4.62	0.00	0.00
1	562	131326189	1237	485	1174	493	63.51	0	-1.91	-4.62	0.00	0.00
1	563	131326230	1237	485	1174	493	63.51	0	-1.91	-4.62	0.00	0.00
1	564	131326271	1237	484	1174	493	63.64	0	-1.92	-4.62	500.00	0.00
1	565	131326312	1236	484	1197	493	40.02	0	-1.92	-4.62	500.00	0.00
1	566	131326352	1236	484	1215	493	22.85	0	-1.92	-4.62	500.00	0.00
1	567	131326393	1236	484	1238	493	9.22	1	-1.93	-4.61	500.00	0.00
1	568	131326434	1236	484	1256	493	21.93	0	-1.93	-4.61	500.00	0.00
1	569	131326475	1236	484	1279	493	43.93	0	-1.93	-4.61	500.00	0.00
1	570	131326516	1236	483	1297	493	61.81	0	-1.94	-4.61	500.00	0.00
1	571	131326557	1236	483	1320	493	84.59	0	-1.94	-4.61	0.00	0.00
1	572	131326598	1236	483	1320	493	84.59	0	-1.94	-4.61	0.00	0.00
1	573	131326639	1236	483	1320	493	84.59	0	-1.95	-4.61	0.00	0.00
1	574	131326680	1236	483	1320	493	84.59	0	-1.95	-4.60	0.00	0.00
1	575	131326721	1236	482	1320	493	84.72	0	-1.95	-4.60	0.00	0.00
1	576	131326762	1236	482	1320	493	84.72	0	-1.95	-4.60	0.00	0.00
1	577	131326803	1236	482	1320	493	84.72	0	-1.96	-4.60	0.00	0.00
1	578	131326844	1235	482	1320	493	85.71	0	-1.96	-4.60	0.00	0.00
1	579	131326885	1235	482	1320	493	85.71	0	-1.96	-4.60	0.00	0.00
1	580	131326926	1235	481	1320	493	85.84	0	-1.97	-4.60	0.00	0.00
1	581	131326967	1235	481	1320	493	85.84	0	-1.97	-4.60	0.00	0.00
1	582	131327008	1235	481	1320	493	85.84	0	-1.97	-4.59	0.00	0.00
1	583	131327049	1235	481	1320	493	85.84	0	-1.98	-4.59	0.00	0.00
1	584	131327090	1235	481	1320	493	85.84	0	-1.98	-4.59	0.00	0.00
1	585	131327130	1235	480	1320	493	85.99	0	-1.98	-4.59	0.00	0.00
1	586	131327171	1235	480	1320	493	85.99	0	-1.99	-4.59	0.00	0.00
1	587	131327212	1235	480	1320	493	85.99	0	-1.99	-4.59	0.00	0.00
1	588	131327253	1235	480	1320	493	85.99	0	-1.99	-4.59	0.00	0.00
1	589	131327294	1235	480	1320	493	85.99	0	-2.00	-4.58	0.00	0.00
1	590	131327335	1234	480	1320	493	86.98	0	-2.00	-4.58	0.00	0.00
1	591	131327376	1234	479	1320	493	87.13	0	-2.00	-4.58	0.00	0.00
1	592	131327416	1234	479	1320	493	87.13	0	-2.00	-4.58	0.00	0.00
1	593	131327457	1234	479	1320	493	87.13	0	-2.01	-4.58	0.00	0.00
1	594	131327498	1234	479	1320	493	87.13	0	-2.01	-4.58	0.00	0.00
1	595	131327539	1234	479	1320	493	87.13	0	-2.01	-4.58	0.00	0.00
1	596	131327580	1234	478	1320	493	87.30	0	-2.02	-4.57	0.00	0.00
1	597	131327620	1234	478	1320	493	87.30	0	-2.02	-4.57	0.00	0.00
1	598	131327661	1234	478	1320	493	87.30	0	-2.02	-4.57	0.00	0.00
1	599	131327701	1234	478	1320	493	87.30	0	-2.03	-4.57	0.00	0.00
1	600	131327742	1234	478	1320	493	87.30	0	-2.03	-4.57	0.00	0.00
1	601	131327783	1234	477	1320	493	87.48	0	-2.03	-4.57	0.00	0.00
1	602	131327824	1234	477	1320	493	87.48	0	-2.04	-4.57	0.00	0.00
1	603	131327865	1233	477	1320	493	88.46	0	-2.04	-4.57	0.00	0.00
1	604	131327906	1233	477	1320	493	88.46	0	-2.04	-4.56	0.00	0.00
1	605	131327947	1233	477	1320	493	88.46	0	-2.05	-4.56	0.00	0.00
1	606	131327988	1233	477	1320	493	88.46	0	-2.05	-4.56	0.00	0.00
1	607	131328029	1233	476	1320	493	88.65	0	-2.05	-4.56	0.00	0.00
1	608	131328070	1233	476	1320	493	88.65	0	-2.05	-4.56	0.00	0.00
1	609	131328111	1233	476	1320	493	88.65	0	-2.06	-4.56	0.00	0.00
1	610	131328152	1233	476	1320	493	88.65	0	-2.06	-4.56	0.00	0.00
1	611	131328193	1233	476	1320	493	88.65	0	-2.06	-4.55	0.00	0.00
1	612	131328234	1233	475	1320	493	88.84	0	-2.07	-4.55	0.00	0.00
1	613	131328275	1233	475	1320	493	88.84	0	-2.07	-4.55	0.00	0.00
1	614	131328316	1232	475	1320	493	89.82	0	-2.07	-4.55	0.00	0.00
1	615	131328357	1232	475	1320	493	89.82	0	-2.08	-4.55	0.00	0.00
1	616	131328398	1232	475	1320	493	89.82	0	-2.08	-4.55	0.00	0.00
1	617	131328439	1232	474	1320	493	90.03	0	-2.08	-4.55	0.00	0.00
1	618	131328480	1232	474	1320	493	90.03	0	-2.09	-4.54	0.00	0.00
1	619	131328521	1232	474	1320	493	90.03	0	-2.09	-4.54	0.00	0.00
1	620	131328562	1232	474	1320	493	90.03	0	-2.09	-4.54	0.00	0.00
1	621	131328603	1232	474	1320	493	90.03	0	-2.10	-4.54	0.00	0.00
1	622	131328644	1232	474	1320	493	90.03	0	-2.10	-4.54	0.00	0.00
1	623	131328685	1232	473	1320	493	90.24	0	-2.10	-4.54	0.00	0.00
1	624	131328725	1232	473	1320	493	90.24	0	-2.10	-4.54	0.00	0.00
1	625	131328766	1232	473	1320	493	90.24	0	-2.11	-4.53	0.00	0.00
1	626	131328807	1231	473	1320	493	91.22	0	-2.11	-4.53	0.00	0.00
1	627	131328848	1231	473	1320	493	91.22	0	-2.11	-4.53	0.00	0.00
1	628	131328888	1231	472	1320	493	91.44	0	-2.12	-4.53	0.00	0.00
1	629	131328929	1231	472	1320	493	91.44	0	-2.12	-4.53	0.00	0.00
1	630	131328970	1231	472	1320	493	91.44	0	-2.12	-4.53	0.00	0.00
1	631	131329011	1231	472	1320	493	91.44	0	-2.13	-4.53	0.00	0.00
1	632	131329052	1231	472	1320	493	91.44	0	-2.13	-4.52	0.00	0.00
1	633	131329093	1231	472	1320	493	91.44	0	-2.13	-4.52	0.00	0.00
1	634	131329134	1231	471	1320	493	91.68	0	-2.14	-4.52	0.00	0.00
1	635	131329175	1231	471	1320	493	91.68	0	-2.14	-4.52	0.00	0.00
1	636	131329215	1231	471	1320	493	91.68	0	-2.14	-4.52	0.00	0.00
1	637	131329256	1230	471	1320	493	92.65	0	-2.15	-4.52	0.00	0.00
1	638	131329297	1230	471	1320	493	92.65	0	-2.15	-4.52	0.00	0.00
1	639	131329337	1230	470	1320	493	92.89	0	-2.15	-4.51	0.00	0.00
1	640	131329378	1230	470	1320	493	92.89	0	-2.15	-4.51	0.00	0.00
1	641	131329419	1230	470	1320	493	92.89	0	-2.16	-4.51	0.00	0.00
1	642	131329459	1230	470	1320	493	92.89	0	-2.16	-4.51	0.00	0.00
1	643	131329500	1230	470	1320	493	92.89	0	-2.16	-4.51	0.00	0.00
1	644	131329540	1230	470	1320	493	92.89	0	-2.17	-4.51	0.00	0.00
1	645	131329581	1230	469	1320	493	93.15	0	-2.17	-4.50	0.00	0.00
1	646	131329622	1230	469	1320	493	93.15	0	-2.17	-4.50	0.00	0.00
1	647	131329663	1230	469	1320	493	93.15	0	-2.18	-4.50	0.00	0.00
1	648	131329704	1230	469	1320	493	93.15	0	-2.18	-4.50	0.00	0.00
1	649	131329745	1229	469	1320	493	94.11	0	-2.18	-4.50	0.00	0.00
1	650	131329786	1229	468	1320	493	94.37	0	-2.18	-4.50	0.00	0.00
1	651	131329827	1229	468	1320	493	94.37	0	-2.19	-4.50	0.00	0.00
1	652	131329868	1229	468	1320	493	94.37	0	-2.19	-4.49	0.00	0.00
1	653	131329909	1229	468	1320	493	94.37	0	-2.19	-4.49	0.00	0.00
1	654	131329950	1229	468	1320	493	94.37	0	-2.20	-4.49	0.00	0.00
1	655	131329991	1229	467	1320	493	94.64	0	-2.20	-4.49	0.00	0.00
1	656	131330032	1229	467	1320	493	94.64	0	-2.20	-4.49	0.00	0.00
1	657	131330073	1229	467	1320	493	94.64	0	-2.21	-4.49	0.00	0.00
1	658	131330114	1229	467	1320	493	94.64	0	-2.21	-4.49	0.00	0.00
1	659	131330155	1229	467	1320	493	94.64	0	-2.21	-4.48	0.00	0.00
1	660	131330195	1228	467	1320	493	95.60	0	-2.22	-4.48	0.00	0.00
1	661	131330236	1228	466	1320	493	95.88	0	-2.22	-4.48	0.00	0.00
1	662	131330277	1228	466	1320	493	95.88	0	-2.22	-4.48	0.00	0.00
1	663	131330318	1228	466	1320	493	95.88	0	-2.23	-4.48	0.00	0.00
1	664	131330358	1228	466	1320	493	95.88	0	-2.23	-4.48	0.00	0.00
1	665	131330398	1228	466	1320	493	95.88	0	-2.23	-4.47	0.00	0.00
1	666	131330439	1228	465	1320	493	96.17	0	-2.23	-4.47	0.00	0.00
1	667	131330480	1228	465	1320	493	96.17	0	-2.24	-4.47	0.00	0.00
1	668	131330521	1228	465	1320	493	96.17	0	-2.24	-4.47	0.00	0.00
1	669	131330562	1228	465	1320	493	96.17	0	-2.24	-4.47	0.00	0.00
1	670	131330603	1228	465	1320	493	96.17	0	-2.25	-4.47	0.00	0.00
1	671	131330644	1227	465	1320	493	97.12	0	-2.25	-4.47	0.00	0.00
1	672	131330685	1227	464	1320	493	97.42	0	-2.25	-4.46	0.00	0.00
1	673	131330726	1227	464	1320	493	97.42	0	-2.26	-4.46	0.00	0.00
1	674	131330767	1227	464	1320	493	97.42	0	-2.26	-4.46	0.00	0.00
1	675	131330808	1227	464	1320	493	97.42	0	-2.26	-4.46	0.00	0.00
1	676	131330849	1227	464	1320	493	97.42	0	-2.26	-4.46	0.00	0.00
1	677	131330890	1227	463	1320	493	97.72	0	-2.27	-4.46	0.00	0.00
1	678	131330931	1227	463	1320	493	97.72	0	-2.27	-4.45	0.00	0.00
1	679	131330972	1227	463	1320	493	97.72	0	-2.27	-4.45	0.00	0.00
1	680	131331013	1227	463	1320	493	97.72	0	-2.28	-4.45	0.00	0.00
1	681	131331054	1226	463	1320	493	98.67	0	-2.28	-4.45	0.00	0.00
1	682	131331095	1226	463	1320	493	98.67	0	-2.28	-4.45	0.00	0.00
1	683	131331136	1226	462	1320	493	98.98	0	-2.29	-4.45	0.00	0.00
1	684	131331177	1226	462	1320	493	98.98	0	-2.29	-4.45	0.00	0.00
1	685	131331218	1226	462	1320	493	98.98	0	-2.29	-4.44	0.00	0.00
1	686	131331259	1226	462	1320	493	98.98	0	-2.29	-4.44	0.00	0.00
1	687	131331300	1226	462	1320	493	98.98	0	-2.30	-4.44	0.00	0.00
1	688	131331341	1226	461	1320	493	99.30	0	-2.30	-4.44	0.00	0.00
1	689	131331382	1226	461	1320	493	99.30	0	-2.30	-4.44	0.00	0.00
1	690	131331423	1226	461	1320	493	99.30	0	-2.31	-4.44	0.00	0.00
1	691	131331464	1226	461	1320	493	99.30	0	-2.31	-4.43	0.00	0.00
1	692	131331505	1225	461	1320	493	100.24	0	-2.31	-4.43	0.00	0.00
1	693	131331546	1225	461	1320	493	100.24	0	-2.32	-4.43	0.00	0.00
1	694	131331587	1225	460	1320	493	100.57	0	-2.32	-4.43	0.00	0.00
1	695	131331628	1225	460	1320	493	100.57	0	-2.32	-4.43	0.00	0.00
1	696	131331669	1225	460	1320	493	100.57	0	-2.33	-4.43	0.00	0.00
1	697	131331710	1225	460	1320	493	100.57	0	-2.33	-4.42	0.00	0.00
1	698	131331750	1225	460	1320	493	100.57	0	-2.33	-4.42	0.00	0.00
1	699	131331791	1225	459	1320	493	100.90	0	-2.33	-4.42	0.00	0.00
1	700	131331832	1225	459	1320	493	100.90	0	-2.34	-4.42	0.00	0.00
1	701	131331873	1225	459	1320	493	100.90	0	-2.34	-4.42	0.00	0.00
1	702	131331914	1225	459	1320	493	100.90	0	-2.34	-4.42	0.00	0.00
1	703	131331955	1224	459	1320	493	101.84	0	-2.35	-4.42	0.00	0.00
1	704	131331996	1224	459	1320	493	101.84	0	-2.35	-4.41	0.00	0.00
1	705	131332037	1224	458	1320	493	102.18	0	-2.35	-4.41	0.00	0.00
1	706	131332078	1224	458	1320	493	102.18	0	-2.36	-4.41	0.00	0.00
1	707	131332119	1224	458	1320	493	102.18	0	-2.36	-4.41	0.00	0.00
1	708	131332160	1224	458	1320	493	102.18	0	-2.36	-4.41	0.00	0.00
1	709	131332201	1224	458	1320	493	102.18	0	-2.36	-4.41	0.00	0.00
1	710	131332242	1224	457	1320	493	102.53	0	-2.37	-4.40	-500.00	-500.00
1	711	131332283	1224	457	1297	469	73.98	0	-2.37	-4.40	0.00	-500.00
1	712	131332324	1224	457	1297	452	73.17	0	-2.37	-4.40	0.00	-500.00
1	713	131332365	1223	457	1297	434	77.49	0	-2.38	-4.40	0.00	0.00
1	714	131332406	1223	457	1297	434	77.49	0	-2.38	-4.40	0.00	0.00
1	715	131332447	1223	457	1297	434	77.49	0	-2.38	-4.40	0.00	0.00
1	716	131332488	1223	456	1297	434	77.20	0	-2.39	-4.39	-500.00	0.00
1	717	131332529	1223	456	1273	434	54.63	0	-2.39	-4.39	-500.00	500.00
1	718	131332570	1223	456	1256	452	33.24	0	-2.39	-4.39	-500.00	500.00
1	719	131332611	1223	456	1232	475	21.02	0	-2.39	-4.39	-500.00	500.00
1	720	131332652	1223	456	1215	493	37.85	0	-2.40	-4.39	0.00	0.00
1	721	131332693	1223	455	1215	493	38.83	0	-2.40	-4.39	0.00	0.00
1	722	131332734	1223	455	1215	493	38.83	0	-2.40	-4.38	0.00	0.00
1	723	131332775	1222	455	1215	493	38.64	0	-2.41	-4.38	0.00	0.00
1	724	131332815	1222	455	1215	493	38.64	0	-2.41	-4.38	0.00	-500.00
1	725	131332856	1222	455	1215	469	15.65	0	-2.41	-4.38	0.00	-500.00
1	726	131332896	1222	455	1215	452	7.62	1	-2.42	-4.38	0.00	-500.00
1	727	131332937	1222	454	1215	428	26.93	0	-2.42	-4.38	0.00	-500.00
1	728	131332978	1222	454	1215	411	43.57	0	-2.42	-4.37	0.00	0.00
1	729	131333019	1222	454	1215	411	43.57	0	-2.42	-4.37	0.00	0.00
1	730	131333060	1222	454	1215	411	43.57	0	-2.43	-4.37	0.00	0.00
1	731	131333101	1222	454	1215	411	43.57	0	-2.43	-4.37	0.00	0.00
1	732	131333142	1222	453	1215	411	42.58	0	-2.43	-4.37	0.00	500.00
1	733	131333183	1221	453	1215	434	19.92	0	-2.44	-4.37	0.00	500.00
1	734	131333223	1221	453	1215	452	6.08	1	-2.44	-4.36	0.00	500.00
1	735	131333264	1221	453	1215	475	22.80	0	-2.44	-4.36	0.00	500.00
1	736	131333305	1221	453	1215	493	40.45	0	-2.45	-4.36	0.00	0.00
1	737	131333346	1221	453	1215	493	40.45	0	-2.45	-4.36	0.00	0.00
1	738	131333387	1221	452	1215	493	41.44	0	-2.45	-4.36	0.00	0.00
1	739	131333428	1221	452	1215	493	41.44	0	-2.45	-4.36	0.00	0.00
1	740	131333468	1221	452	1215	493	41.44	0	-2.46	-4.35	0.00	-500.00
1	741	131333509	1221	452	1215	469	18.03	0	-2.46	-4.35	0.00	-500.00
1	742	131333549	1221	452	1215	452	6.00	1	-2.46	-4.35	0.00	-500.00
1	743	131333590	1220	452	1215	428	24.52	0	-2.47	-4.35	0.00	0.00
1	744	131333631	1220	451	1215	428	23.54	0	-2.47	-4.35	0.00	0.00
1	745	131333672	1220	451	1215	428	23.54	0	-2.47	-4.35	0.00	0.00
1	746	131333713	1220	451	1215	428	23.54	0	-2.48	-4.34	0.00	0.00
1	747	131333754	1220	451	1215	428	23.54	0	-2.48	-4.34	0.00	0.00
1	748	131333795	1220	451	1215	428	23.54	0	-2.48	-4.34	0.00	0.00
1	749	131333836	1220	450	1215	428	22.56	0	-2.48	-4.34	0.00	500.00
1	750	131333877	1220	450	1215	446	6.40	1	-2.49	-4.34	0.00	500.00
1	751	131333918	1220	450	1215	469	19.65	0	-2.49	-4.34	0.00	500.00
1	752	131333958	1220	450	1215	487	37.34	0	-2.49	-4.33	0.00	0.00
1	753	131333999	1219	450	1215	487	37.22	0	-2.50	-4.33	0.00	0.00
1	754	131334040	1219	450	1215	487	37.22	0	-2.50	-4.33	0.00	0.00
1	755	131334081	1219	449	1215	487	38.21	0	-2.50	-4.33	0.00	0.00
1	756	131334121	1219	449	1215	487	38.21	0	-2.50	-4.33	0.00	0.00
1	757	131334162	1219	449	1215	487	38.21	0	-2.51	-4.33	0.00	0.00
1	758	131334203	1219	449	1215	487	38.21	0	-2.51	-4.32	0.00	0.00
1	759	131334244	1219	449	1215	487	38.21	0	-2.51	-4.32	0.00	0.00
1	760	131334284	1219	448	1215	487	39.20	0	-2.52	-4.32	0.00	500.00
1	761	131334325	1219	448	1215	505	57.14	0	-2.52	-4.32	0.00	500.00
1	762	131334366	1219	448	1215	529	81.10	0	-2.52	-4.32	-500.00	500.00
1	763	131334407	1218	448	1197	546	100.22	0	-2.53	-4.32	-500.00	500.00
1	764	131334448	1218	448	1174	570	129.69	0	-2.53	-4.31	-500.00	0.00
1	765	131334489	1218	448	1156	570	136.85	0	-2.53	-4.31	0.00	0.00
1	766	131334530	1218	447	1156	570	137.74	0	-2.53	-4.31	0.00	0.00
1	767	131334571	1218	447	1156	570	137.74	0	-2.54	-4.31	0.00	0.00
1	768	131334611	1218	447	1156	570	137.74	0	-2.54	-4.31	0.00	0.00
1	769	131334652	1218	447	1156	570	137.74	0	-2.54	-4.31	0.00	-500.00
1	770	131334693	1218	447	1156	546	116.81	0	-2.55	-4.30	0.00	-500.00
1	771	131334734	1218	447	1156	529	102.80	0	-2.55	-4.30	0.00	-500.00
1	772	131334775	1217	446	1156	506	85.56	0	-2.55	-4.30	0.00	-500.00
1	773	131334816	1217	446	1156	488	74.06	0	-2.55	-4.30	0.00	-500.00
1	774	131334857	1217	446	1156	465	63.89	0	-2.56	-4.30	0.00	0.00
1	775	131334898	1217	446	1156	465	63.89	0	-2.56	-4.29	0.00	0.00
1	776	131334939	1217	446	1156	465	63.89	0	-2.56	-4.29	0.00	0.00
1	777	131334980	1217	446	1156	465	63.89	0	-2.57	-4.29	0.00	0.00
1	778	131335021	1217	445	1156	465	64.20	0	-2.57	-4.29	0.00	0.00
1	779	131335061	1217	445	1156	465	64.20	0	-2.57	-4.29	0.00	0.00
1	780	131335102	1217	445	1156	465	64.20	0	-2.58	-4.29	0.00	0.00
1	781	131335143	1217	445	1156	465	64.20	0	-2.58	-4.28	500.00	0.00
1	782	131335184	1216	445	1180	465	41.18	0	-2.58	-4.28	500.00	0.00
1	783	131335225	1216	444	1197	465	28.32	0	-2.58	-4.28	500.00	-500.00
1	784	131335266	1216	444	1221	441	5.83	1	-2.59	-4.28	500.00	-500.00
1	785	131335307	1216	444	1238	423	30.41	0	-2.59	-4.28	0.00	0.00
1	786	131335348	1216	444	1238	423	30.41	0	-2.59	-4.27	0.00	0.00
1	787	131335389	1216	444	1238	423	30.41	0	-2.60	-4.27	0.00	0.00
1	788	131335430	1216	444	1238	423	30.41	0	-2.60	-4.27	0.00	0.00
1	789	131335470	1216	443	1238	423	29.73	0	-2.60	-4.27	0.00	0.00
1	790	131335511	1216	443	1238	423	29.73	0	-2.60	-4.27	0.00	0.00
1	791	131335552	1215	443	1238	423	30.48	0	-2.61	-4.27	-500.00	500.00
1	792	131335593	1215	443	1215	447	4.00	1	-2.61	-4.26	-500.00	500.00
1	793	131335634	1215	443	1197	464	27.66	0	-2.61	-4.26	-500.00	0.00
1	794	131335675	1215	443	1174	464	46.07	0	-2.62	-4.26	-500.00	500.00
1	795	131335715	1215	442	1156	482	71.28	0	-2.62	-4.26	-500.00	500.00
1	796	131335756	1215	442	1133	506	104.02	0	-2.62	-4.26	-500.00	500.00
1	797	131335796	1215	442	1115	523	128.69	0	-2.62	-4.26	-500.00	500.00
1	798	131335837	1215	442	1092	547	161.72	0	-2.63	-4.25	0.00	0.00
1	799	131335878	1215	442	1092	547	161.72	0	-2.63	-4.25	0.00	0.00
1	800	131335919	1214	441	1092	547	161.62	0	-2.63	-4.25	0.00	0.00
1	801	131335960	1214	441	1092	547	161.62	0	-2.64	-4.25	0.00	0.00
1	802	131336001	1214	441	1092	547	161.62	0	-2.64	-4.25	500.00	0.00
1	803	131336042	1214	441	1109	547	149.20	0	-2.64	-4.24	500.00	-500.00
1	804	131336083	1214	441	1133	523	115.26	0	-2.65	-4.24	500.00	-500.00
1	805	131336124	1214	441	1150	506	91.22	0	-2.65	-4.24	500.00	-500.00
1	806	131336165	1214	440	1174	482	58.00	0	-2.65	-4.24	500.00	-500.00
1	807	131336206	1214	440	1191	464	33.24	0	-2.65	-4.24	500.00	-500.00
1	808	131336247	1214	440	1215	441	1.41	1	-2.66	-4.24	0.00	0.00
1	809	131336288	1214	440	1215	441	1.41	1	-2.66	-4.23	0.00	0.00
1	810	131336329	1213	440	1215	441	2.24	1	-2.66	-4.23	0.00	0.00
1	811	131336370	1213	440	1215	441	2.24	1	-2.67	-4.23	0.00	0.00
1	812	131336411	1213	439	1215	441	2.83	1	-2.67	-4.23	0.00	0.00
1	813	131336452	1213	439	1215	441	2.83	1	-2.67	-4.23	-500.00	500.00
1	814	131336493	1213	439	1191	464	33.30	0	-2.67	-4.22	-500.00	500.00
1	815	131336534	1213	439	1175	481	56.64	0	-2.68	-4.22	-500.00	500.00
1	816	131336575	1213	439	1150	506	91.97	0	-2.68	-4.22	0.00	0.00
1	817	131336616	1213	439	1150	506	91.97	0	-2.68	-4.22	0.00	0.00
1	818	131336657	1213	438	1150	506	92.70	0	-2.69	-4.22	0.00	0.00
1	819	131336698	1212	438	1150	506	92.02	0	-2.69	-4.22	0.00	0.00
1	820	131336739	1212	438	1150	506	92.02	0	-2.69	-4.21	0.00	0.00
1	821	131336780	1212	438	1150	506	92.02	0	-2.69	-4.21	0.00	0.00
1	822	131336821	1212	438	1150	506	92.02	0	-2.70	-4.21	0.00	0.00
1	823	131336862	1212	437	1150	506	92.76	0	-2.70	-4.21	0.00	0.00
1	824	131336903	1212	437	1150	506	92.76	0	-2.70	-4.21	0.00	0.00
1	825	131336944	1212	437	1150	506	92.76	0	-2.71	-4.20	0.00	0.00
1	826	131336985	1212	437	1150	506	92.76	0	-2.71	-4.20	0.00	0.00
1	827	131337026	1212	437	1150	506	92.76	0	-2.71	-4.20	0.00	0.00
1	828	131337067	1211	437	1150	506	92.10	0	-2.71	-4.20	-500.00	-500.00
1	829	131337108	1211	436	1133	488	93.74	0	-2.72	-4.20	-500.00	-500.00
1	830	131337149	1211	436	1109	464	105.77	0	-2.72	-4.19	0.00	-500.00
1	831	131337190	1211	436	1109	447	102.59	0	-2.72	-4.19	0.00	-500.00
1	832	131337231	1211	436	1109	423	102.83	0	-2.73	-4.19	0.00	-500.00
1	833	131337272	1211	436	1109	406	106.32	0	-2.73	-4.19	0.00	-500.00
1	834	131337313	1211	436	1109	382	115.41	0	-2.73	-4.19	0.00	0.00
1	835	131337354	1211	435	1109	382	114.95	0	-2.73	-4.19	0.00	0.00
1	836	131337395	1211	435	1109	382	114.95	0	-2.74	-4.18	0.00	0.00
1	837	131337436	1210	435	1109	382	114.06	0	-2.74	-4.18	0.00	0.00
1	838	131337477	1210	435	1109	382	114.06	0	-2.74	-4.18	0.00	0.00
1	839	131337518	1210	435	1109	382	114.06	0	-2.75	-4.18	0.00	0.00
1	840	131337559	1210	435	1109	382	114.06	0	-2.75	-4.18	0.00	0.00
1	841	131337600	1210	434	1109	382	113.60	0	-2.75	-4.17	0.00	500.00
1	842	131337641	1210	434	1109	405	105.08	0	-2.75	-4.17	-500.00	500.00
1	843	131337682	1210	434	1092	423	118.51	0	-2.76	-4.17	-500.00	500.00
1	844	131337723	1210	434	1068	446	142.51	0	-2.76	-4.17	-500.00	500.00
1	845	131337764	1210	434	1051	464	161.81	0	-2.76	-4.17	0.00	0.00
1	846	131337804	1209	434	1051	464	160.82	0	-2.77	-4.16	0.00	0.00
1	847	131337845	1209	433	1051	464	161.01	0	-2.77	-4.16	0.00	0.00
1	848	131337886	1209	433	1051	464	161.01	0	-2.77	-4.16	0.00	0.00
1	849	131337926	1209	433	1051	464	161.01	0	-2.77	-4.16	500.00	-500.00
1	850	131337967	1209	433	1073	442	136.30	0	-2.78	-4.16	500.00	-500.00
1	851	131338008	1209	433	1091	424	118.34	0	-2.78	-4.16	500.00	-500.00
1	852	131338048	1209	432	1114	401	99.93	0	-2.78	-4.15	500.00	-500.00
1	853	131338089	1209	432	1132	383	91.27	0	-2.79	-4.15	0.00	0.00
1	854	131338129	1208	432	1132	383	90.43	0	-2.79	-4.15	0.00	0.00
1	855	131338170	1208	432	1132	383	90.43	0	-2.79	-4.15	-500.00	500.00
1	856	131338211	1208	432	1108	406	103.32	0	-2.79	-4.15	-500.00	500.00
1	857	131338251	1208	432	1091	424	117.27	0	-2.80	-4.14	-500.00	500.00
1	858	131338292	1208	431	1066	448	143.01	0	-2.80	-4.14	-500.00	500.00
1	859	131338332	1208	431	1048	467	164.00	0	-2.80	-4.14	-500.00	500.00
1	860	131338373	1208	431	1025	489	191.97	0	-2.81	-4.14	0.00	0.00
1	861	131338414	1208	431	1025	489	191.97	0	-2.81	-4.14	0.00	0.00
1	862	131338455	1208	431	1025	489	191.97	0	-2.81	-4.13	500.00	0.00
1	863	131338495	1207	431	1043	489	173.95	0	-2.81	-4.13	500.00	-500.00
1	864	131338536	1207	430	1061	472	151.92	0	-2.82	-4.13	500.00	-500.00
1	865	131338577	1207	430	1084	448	124.31	0	-2.82	-4.13	500.00	-500.00
1	866	131338618	1207	430	1107	425	100.12	0	-2.82	-4.13	500.00	-500.00
1	867	131338659	1207	430	1125	407	85.16	0	-2.83	-4.13	0.00	0.00
1	868	131338700	1207	430	1125	407	85.16	0	-2.83	-4.12	0.00	0.00
1	869	131338741	1207	430	1125	407	85.16	0	-2.83	-4.12	0.00	0.00
1	870	131338782	1207	429	1125	407	84.90	0	-2.83	-4.12	0.00	500.00
1	871	131338823	1207	429	1125	426	82.05	0	-2.84	-4.12	0.00	500.00
1	872	131338864	1206	429	1125	448	83.20	0	-2.84	-4.12	500.00	500.00
1	873	131338904	1206	429	1143	466	73.06	0	-2.84	-4.11	500.00	500.00
1	874	131338945	1206	429	1161	484	71.06	0	-2.85	-4.11	0.00	0.00
1	875	131338986	1206	429	1161	484	71.06	0	-2.85	-4.11	0.00	0.00
1	876	131339027	1206	428	1161	484	71.84	0	-2.85	-4.11	0.00	0.00
1	877	131339067	1206	428	1161	484	71.84	0	-2.85	-4.11	500.00	0.00
1	878	131339108	1206	428	1185	484	59.81	0	-2.86	-4.10	500.00	-500.00
1	879	131339149	1206	428	1202	467	39.20	0	-2.86	-4.10	500.00	-500.00
1	880	131339190	1205	428	1226	443	25.81	0	-2.86	-4.10	500.00	-500.00
1	881	131339230	1205	428	1244	425	39.12	0	-2.87	-4.10	0.00	0.00
1	882	131339271	1205	427	1244	425	39.05	0	-2.87	-4.10	0.00	0.00
1	883	131339312	1205	427	1244	425	39.05	0	-2.87	-4.09	0.00	0.00
1	884	131339353	1205	427	1244	425	39.05	0	-2.87	-4.09	0.00	0.00
1	885	131339393	1205	427	1244	425	39.05	0	-2.88	-4.09	0.00	0.00
1	886	131339434	1205	427	1244	425	39.05	0	-2.88	-4.09	0.00	0.00
1	887	131339475	1205	427	1244	425	39.05	0	-2.88	-4.09	-500.00	500.00
1	888	131339516	1205	426	1221	448	27.20	0	-2.88	-4.08	-500.00	500.00
1	889	131339557	1204	426	1203	466	40.01	0	-2.89	-4.08	-500.00	500.00
1	890	131339598	1204	426	1180	489	67.42	0	-2.89	-4.08	-500.00	500.00
1	891	131339638	1204	426	1161	508	92.59	0	-2.89	-4.08	-500.00	0.00
1	892	131339679	1204	426	1139	508	104.64	0	-2.90	-4.08	0.00	0.00
1	893	131339720	1204	426	1139	508	104.64	0	-2.90	-4.07	0.00	0.00
1	894	131339761	1204	425	1139	508	105.42	0	-2.90	-4.07	0.00	0.00
1	895	131339801	1204	425	1139	508	105.42	0	-2.90	-4.07	0.00	0.00
1	896	131339842	1204	425	1139	508	105.42	0	-2.91	-4.07	0.00	-500.00
1	897	131339883	1203	425	1139	484	87.05	0	-2.91	-4.07	0.00	-500.00
1	898	131339924	1203	425	1139	461	73.43	0	-2.91	-4.06	0.00	-500.00
1	899	131339965	1203	425	1139	442	66.22	0	-2.92	-4.06	0.00	0.00
1	900	131340006	1203	424	1139	442	66.48	0	-2.92	-4.06	0.00	0.00
1	901	131340046	1203	424	1139	442	66.48	0	-2.92	-4.06	0.00	0.00
1	902	131340087	1203	424	1139	442	66.48	0	-2.92	-4.06	0.00	0.00
1	903	131340128	1203	424	1139	442	66.48	0	-2.93	-4.05	0.00	0.00
1	904	131340169	1203	424	1139	442	66.48	0	-2.93	-4.05	0.00	0.00
1	905	131340210	1203	424	1139	442	66.48	0	-2.93	-4.05	500.00	0.00
1	906	131340251	1202	423	1156	442	49.77	0	-2.93	-4.05	500.00	0.00
1	907	131340291	1202	423	1180	442	29.07	0	-2.94	-4.05	0.00	0.00
1	908	131340332	1202	423	1180	442	29.07	0	-2.94	-4.04	0.00	0.00
1	909	131340372	1202	423	1180	442	29.07	0	-2.94	-4.04	0.00	0.00
1	910	131340413	1202	423	1180	442	29.07	0	-2.95	-4.04	0.00	0.00
1	911	131340454	1202	423	1180	442	29.07	0	-2.95	-4.04	0.00	0.00
1	912	131340495	1202	422	1180	442	29.73	0	-2.95	-4.04	0.00	0.00
1	913	131340535	1202	422	1180	442	29.73	0	-2.95	-4.03	0.00	0.00
1	914	131340576	1201	422	1180	442	29.00	0	-2.96	-4.03	0.00	0.00
1	915	131340617	1201	422	1180	442	29.00	0	-2.96	-4.03	0.00	0.00
1	916	131340658	1201	422	1180	442	29.00	0	-2.96	-4.03	0.00	0.00
1	917	131340699	1201	422	1180	442	29.00	0	-2.96	-4.03	0.00	0.00
1	918	131340740	1201	421	1180	442	29.70	0	-2.97	-4.02	0.00	0.00
1	919	131340781	1201	421	1180	442	29.70	0	-2.97	-4.02	0.00	0.00
1	920	131340822	1201	421	1180	442	29.70	0	-2.97	-4.02	0.00	0.00
1	921	131340863	1201	421	1180	442	29.70	0	-2.98	-4.02	0.00	0.00
1	922	131340904	1200	421	1180	442	29.00	0	-2.98	-4.02	0.00	0.00
1	923	131340944	1200	421	1180	442	29.00	0	-2.98	-4.01	0.00	0.00
1	924	131340985	1200	420	1180	442	29.73	0	-2.98	-4.01	0.00	0.00
1	925	131341025	1200	420	1180	442	29.73	0	-2.99	-4.01	0.00	0.00
1	926	131341066	1200	420	1180	442	29.73	0	-2.99	-4.01	0.00	0.00
1	927	131341107	1200	420	1180	442	29.73	0	-2.99	-4.01	0.00	0.00
1	928	131341148	1200	420	1180	442	29.73	0	-3.00	-4.00	0.00	-500.00
1	929	131341188	1200	420	1180	425	20.62	0	-3.00	-4.00	0.00	-500.00
1	930	131341229	1199	419	1180	407	22.47	0	-3.00	-4.00	0.00	-500.00
1	931	131341270	1199	419	1180	384	39.82	0	-3.00	-4.00	0.00	0.00
1	932	131341311	1199	419	1180	384	39.82	0	-3.01	-4.00	0.00	0.00
1	933	131341352	1199	419	1180	384	39.82	0	-3.01	-3.99	0.00	0.00
1	934	131341393	1199	419	1180	384	39.82	0	-3.01	-3.99	0.00	0.00
1	935	131341434	1199	419	1180	384	39.82	0	-3.01	-3.99	0.00	500.00
1	936	131341475	1199	419	1180	401	26.17	0	-3.02	-3.99	0.00	500.00
1	937	131341516	1199	418	1180	425	20.25	0	-3.02	-3.99	0.00	500.00
1	938	131341557	1198	418	1180	448	34.99	0	-3.02	-3.98	0.00	500.00
1	939	131341597	1198	418	1180	466	51.26	0	-3.03	-3.98	0.00	0.00
1	940	131341638	1198	418	1180	466	51.26	0	-3.03	-3.98	0.00	0.00
1	941	131341678	1198	418	1180	466	51.26	0	-3.03	-3.98	0.00	0.00
1	942	131341719	1198	417	1180	466	52.20	0	-3.03	-3.97	0.00	-500.00
1	943	131341760	1198	417	1180	447	34.99	0	-3.04	-3.97	0.00	-500.00
1	944	131341801	1198	417	1180	425	19.70	0	-3.04	-3.97	0.00	-500.00
1	945	131341841	1198	417	1180	407	20.59	0	-3.04	-3.97	0.00	-500.00
1	946	131341882	1197	417	1180	384	37.12	0	-3.04	-3.97	0.00	0.00
1	947	131341923	1197	417	1180	384	37.12	0	-3.05	-3.96	0.00	0.00
1	948	131341964	1197	417	1180	384	37.12	0	-3.05	-3.96	0.00	0.00
1	949	131342005	1197	416	1180	384	36.24	0	-3.05	-3.96	0.00	0.00
1	950	131342046	1197	416	1180	384	36.24	0	-3.06	-3.96	0.00	0.00
1	951	131342086	1197	416	1180	384	36.24	0	-3.06	-3.96	0.00	0.00
1	952	131342127	1197	416	1180	384	36.24	0	-3.06	-3.95	0.00	0.00
1	953	131342167	1197	416	1180	384	36.24	0	-3.06	-3.95	0.00	0.00
1	954	131342208	1196	416	1180	384	35.78	0	-3.07	-3.95	500.00	0.00
1	955	131342248	1196	415	1197	384	31.02	0	-3.07	-3.95	500.00	0.00
1	956	131342288	1196	415	1215	384	36.36	0	-3.07	-3.95	0.00	0.00
1	957	131342329	1196	415	1215	384	36.36	0	-3.07	-3.94	0.00	0.00
1	958	131342370	1196	415	1215	384	36.36	0	-3.08	-3.94	0.00	0.00
1	959	131342410	1196	415	1215	384	36.36	0	-3.08	-3.94	0.00	500.00
1	960	131342451	1196	415	1215	402	23.02	0	-3.08	-3.94	0.00	500.00
1	961	131342491	1196	414	1215	425	21.95	0	-3.08	-3.94	-500.00	500.00
1	962	131342532	1195	414	1196	443	29.02	0	-3.09	-3.93	-500.00	500.00
1	963	131342572	1195	414	1174	466	56.08	0	-3.09	-3.93	0.00	0.00
1	964	131342613	1195	414	1174	466	56.08	0	-3.09	-3.93	0.00	0.00
1	965	131342653	1195	414	1174	466	56.08	0	-3.10	-3.93	0.00	0.00
1	966	131342694	1195	414	1174	466	56.08	0	-3.10	-3.92	500.00	-500.00
1	967	131342735	1195	413	1197	442	29.07	0	-3.10	-3.92	500.00	-500.00
1	968	131342776	1195	413	1215	425	23.32	0	-3.10	-3.92	500.00	-500.00
1	969	131342816	1195	413	1238	401	44.64	0	-3.11	-3.92	0.00	-500.00
1	970	131342857	1194	413	1238	384	52.70	0	-3.11	-3.92	0.00	0.00
1	971	131342897	1194	413	1238	384	52.70	0	-3.11	-3.91	0.00	0.00
1	972	131342938	1194	413	1238	384	52.70	0	-3.11	-3.91	0.00	0.00
1	973	131342979	1194	412	1238	384	52.15	0	-3.12	-3.91	0.00	0.00
1	974	131343020	1194	412	1238	384	52.15	0	-3.12	-3.91	0.00	0.00
1	975	131343061	1194	412	1238	384	52.15	0	-3.12	-3.91	-500.00	0.00
1	976	131343102	1194	412	1221	384	38.90	0	-3.12	-3.90	-500.00	500.00
1	977	131343142	1194	412	1196	408	4.47	1	-3.13	-3.90	-500.00	500.00
1	978	131343183	1193	412	1180	425	18.38	0	-3.13	-3.90	-500.00	500.00
1	979	131343224	1193	412	1156	448	51.62	0	-3.13	-3.90	0.00	0.00
1	980	131343264	1193	411	1156	448	52.33	0	-3.14	-3.89	0.00	0.00
1	981	131343304	1193	411	1156	448	52.33	0	-3.14	-3.89	0.00	0.00
1	982	131343345	1193	411	1156	448	52.33	0	-3.14	-3.89	0.00	0.00
1	983	131343386	1193	411	1156	448	52.33	0	-3.14	-3.89	0.00	-500.00
1	984	131343427	1193	411	1156	430	41.59	0	-3.15	-3.89	500.00	-500.00
1	985	131343467	1193	411	1179	407	14.56	0	-3.15	-3.88	500.00	-500.00
1	986	131343508	1192	410	1196	390	20.40	0	-3.15	-3.88	500.00	-500.00
1	987	131343549	1192	410	1221	365	53.54	0	-3.15	-3.88	0.00	0.00
1	988	131343590	1192	410	1221	365	53.54	0	-3.16	-3.88	0.00	0.00
1	989	131343630	1192	410	1221	365	53.54	0	-3.16	-3.88	0.00	0.00
1	990	131343671	1192	410	1221	365	53.54	0	-3.16	-3.87	0.00	0.00
1	991	131343712	1192	410	1221	365	53.54	0	-3.16	-3.87	0.00	0.00
1	992	131343753	1192	409	1221	365	52.70	0	-3.17	-3.87	0.00	500.00
1	993	131343793	1191	409	1221	388	36.62	0	-3.17	-3.87	0.00	500.00
1	994	131343834	1191	409	1221	405	30.27	0	-3.17	-3.86	0.00	500.00
1	995	131343875	1191	409	1221	429	36.06	0	-3.18	-3.86	0.00	500.00
1	996	131343916	1191	409	1221	446	47.63	0	-3.18	-3.86	0.00	500.00
1	997	131343956	1191	409	1221	471	68.88	0	-3.18	-3.86	0.00	0.00
1	998	131343997	1191	409	1221	471	68.88	0	-3.18	-3.86	0.00	0.00
1	999	131344038	1191	408	1221	471	69.78	0	-3.19	-3.85	0.00	0.00
1	1000	131344079	1191	408	1221	471	69.78	0	-3.19	-3.85	0.00	0.00
1	1001	131344119	1190	408	1221	471	70.21	0	-3.19	-3.85	-500.00	-500.00
1	1002	131344160	1190	408	1203	453	46.84	0	-3.19	-3.85	-500.00	-500.00
1	1003	131344200	1190	408	1180	430	24.17	0	-3.20	-3.84	-500.00	-500.00
1	1004	131344240	1190	408	1161	411	29.15	0	-3.20	-3.84	-500.00	-500.00
1	1005	131344280	1190	407	1139	389	54.08	0	-3.20	-3.84	500.00	0.00
1	1006	131344321	1190	407	1156	389	38.47	0	-3.20	-3.84	0.00	0.00
1	1007	131344362	1190	407	1156	389	38.47	0	-3.21	-3.84	0.00	0.00
1	1008	131344403	1190	407	1156	389	38.47	0	-3.21	-3.83	0.00	0.00
1	1009	131344443	1189	407	1156	389	37.59	0	-3.21	-3.83	0.00	0.00
1	1010	131344484	1189	407	1156	389	37.59	0	-3.21	-3.83	0.00	0.00
1	1011	131344526	1189	406	1156	389	37.12	0	-3.22	-3.83	0.00	0.00
1	1012	131344567	1189	406	1156	389	37.12	0	-3.22	-3.83	0.00	0.00
1	1013	131344608	1189	406	1156	389	37.12	0	-3.22	-3.82	0.00	0.00
1	1014	131344649	1189	406	1156	389	37.12	0	-3.22	-3.82	0.00	0.00
1	1015	131344689	1189	406	1156	389	37.12	0	-3.23	-3.82	0.00	0.00
1	1016	131344730	1188	406	1156	389	36.24	0	-3.23	-3.82	0.00	0.00
1	1017	131344771	1188	406	1156	389	36.24	0	-3.23	-3.81	0.00	0.00
1	1018	131344812	1188	405	1156	389	35.78	0	-3.24	-3.81	0.00	0.00
1	1019	131344853	1188	405	1156	389	35.78	0	-3.24	-3.81	0.00	0.00
1	1020	131344893	1188	405	1156	389	35.78	0	-3.24	-3.81	0.00	0.00
1	1021	131344934	1188	405	1156	389	35.78	0	-3.24	-3.81	0.00	0.00
1	1022	131344975	1188	405	1156	389	35.78	0	-3.25	-3.80	0.00	0.00
1	1023	131345016	1188	405	1156	389	35.78	0	-3.25	-3.80	0.00	0.00
1	1024	131345057	1187	404	1156	389	34.44	0	-3.25	-3.80	0.00	0.00
1	1025	131345097	1187	404	1156	389	34.44	0	-3.25	-3.80	0.00	0.00
1	1026	131345138	1187	404	1156	389	34.44	0	-3.26	-3.79	0.00	0.00
1	1027	131345179	1187	404	1156	389	34.44	0	-3.26	-3.79	0.00	0.00
1	1028	131345220	1187	404	1156	389	34.44	0	-3.26	-3.79	0.00	0.00
1	1029	131345260	1187	404	1156	389	34.44	0	-3.26	-3.79	0.00	0.00
1	1030	131345301	1187	404	1156	389	34.44	0	-3.27	-3.79	0.00	0.00
1	1031	131345342	1186	403	1156	389	33.11	0	-3.27	-3.78	0.00	0.00
1	1032	131345383	1186	403	1156	389	33.11	0	-3.27	-3.78	0.00	0.00
1	1033	131345424	1186	403	1156	389	33.11	0	-3.27	-3.78	0.00	0.00
1	1034	131345465	1186	403	1156	389	33.11	0	-3.28	-3.78	0.00	0.00
1	1035	131345505	1186	403	1156	389	33.11	0	-3.28	-3.77	0.00	0.00
1	1036	131345546	1186	403	1156	389	33.11	0	-3.28	-3.77	0.00	0.00
1	1037	131345586	1186	402	1156	389	32.70	0	-3.28	-3.77	0.00	0.00
1	1038	131345627	1186	402	1156	389	32.70	0	-3.29	-3.77	0.00	0.00
1	1039	131345668	1185	402	1156	389	31.78	0	-3.29	-3.77	0.00	0.00
1	1040	131345709	1185	402	1156	389	31.78	0	-3.29	-3.76	0.00	0.00
1	1041	131345750	1185	402	1156	389	31.78	0	-3.30	-3.76	0.00	0.00
1	1042	131345791	1185	402	1156	389	31.78	0	-3.30	-3.76	0.00	0.00
1	1043	131345832	1185	401	1156	389	31.38	0	-3.30	-3.76	0.00	0.00
1	1044	131345872	1185	401	1156	389	31.38	0	-3.30	-3.75	0.00	0.00
1	1045	131345913	1185	401	1156	389	31.38	0	-3.31	-3.75	0.00	0.00
1	1046	131345954	1184	401	1156	389	30.46	0	-3.31	-3.75	0.00	0.00
1	1047	131345994	1184	401	1156	389	30.46	0	-3.31	-3.75	0.00	0.00
1	1048	131346034	1184	401	1156	389	30.46	0	-3.31	-3.75	0.00	0.00
1	1049	131346075	1184	401	1156	389	30.46	0	-3.32	-3.74	0.00	0.00
1	1050	131346116	1184	400	1156	389	30.08	0	-3.32	-3.74	0.00	0.00
1	1051	131346156	1184	400	1156	389	30.08	0	-3.32	-3.74	0.00	0.00
1	1052	131346197	1184	400	1156	389	30.08	0	-3.32	-3.74	0.00	0.00
1	1053	131346238	1184	400	1156	389	30.08	0	-3.33	-3.73	0.00	0.00
1	1054	131346279	1183	400	1156	389	29.15	0	-3.33	-3.73	0.00	0.00
1	1055	131346320	1183	400	1156	389	29.15	0	-3.33	-3.73	0.00	0.00
1	1056	131346360	1183	400	1156	389	29.15	0	-3.33	-3.73	0.00	0.00
1	1057	131346401	1183	399	1156	389	28.79	0	-3.34	-3.72	0.00	0.00
1	1058	131346442	1183	399	1156	389	28.79	0	-3.34	-3.72	0.00	0.00
1	1059	131346483	1183	399	1156	389	28.79	0	-3.34	-3.72	0.00	0.00
1	1060	131346524	1183	399	1156	389	28.79	0	-3.34	-3.72	0.00	0.00
1	1061	131346564	1182	399	1156	389	27.86	0	-3.35	-3.72	0.00	0.00
1	1062	131346605	1182	399	1156	389	27.86	0	-3.35	-3.71	0.00	0.00
1	1063	131346646	1182	398	1156	389	27.51	0	-3.35	-3.71	0.00	0.00
1	1064	131346687	1182	398	1156	389	27.51	0	-3.35	-3.71	0.00	0.00
1	1065	131346727	1182	398	1156	389	27.51	0	-3.36	-3.71	0.00	0.00
1	1066	131346768	1182	398	1156	389	27.51	0	-3.36	-3.70	0.00	0.00
1	1067	131346808	1182	398	1156	389	27.51	0	-3.36	-3.70	0.00	0.00
1	1068	131346849	1181	398	1156	389	26.57	0	-3.36	-3.70	0.00	0.00
1	1069	131346890	1181	398	1156	389	26.57	0	-3.37	-3.70	0.00	0.00
1	1070	131346931	1181	397	1156	389	26.25	0	-3.37	-3.69	0.00	0.00
1	1071	131346972	1181	397	1156	389	26.25	0	-3.37	-3.69	0.00	0.00
1	1072	131347012	1181	397	1156	389	26.25	0	-3.37	-3.69	0.00	0.00
1	1073	131347053	1181	397	1156	389	26.25	0	-3.38	-3.69	0.00	0.00
1	1074	131347094	1181	397	1156	389	26.25	0	-3.38	-3.69	0.00	0.00
1	1075	131347135	1180	397	1156	389	25.30	0	-3.38	-3.68	0.00	0.00
1	1076	131347176	1180	396	1156	389	25.00	0	-3.38	-3.68	0.00	0.00
1	1077	131347216	1180	396	1156	389	25.00	0	-3.39	-3.68	0.00	0.00
1	1078	131347257	1180	396	1156	389	25.00	0	-3.39	-3.68	0.00	0.00
1	1079	131347297	1180	396	1156	389	25.00	0	-3.39	-3.67	0.00	0.00
1	1080	131347338	1180	396	1156	389	25.00	0	-3.39	-3.67	0.00	0.00
1	1081	131347378	1180	396	1156	389	25.00	0	-3.40	-3.67	0.00	0.00
1	1082	131347419	1180	396	1156	389	25.00	0	-3.40	-3.67	0.00	0.00
1	1083	131347460	1179	395	1156	389	23.77	0	-3.40	-3.66	0.00	0.00
1	1084	131347501	1179	395	1156	389	23.77	0	-3.40	-3.66	0.00	0.00
1	1085	131347542	1179	395	1156	389	23.77	0	-3.41	-3.66	0.00	0.00
1	1086	131347583	1179	395	1156	389	23.77	0	-3.41	-3.66	0.00	0.00
1	1087	131347624	1179	395	1156	389	23.77	0	-3.41	-3.66	0.00	0.00
1	1088	131347665	1179	395	1156	389	23.77	0	-3.41	-3.65	0.00	0.00
1	1089	131347706	1179	394	1156	389	23.54	0	-3.42	-3.65	0.00	0.00
1	1090	131347747	1178	394	1156	389	22.56	0	-3.42	-3.65	0.00	0.00
1	1091	131347787	1178	394	1156	389	22.56	0	-3.42	-3.65	0.00	0.00
1	1092	131347828	1178	394	1156	389	22.56	0	-3.42	-3.64	0.00	0.00
1	1093	131347869	1178	394	1156	389	22.56	0	-3.43	-3.64	0.00	0.00
1	1094	131347910	1178	394	1156	389	22.56	0	-3.43	-3.64	0.00	0.00
1	1095	131347951	1178	394	1156	389	22.56	0	-3.43	-3.64	0.00	0.00
1	1096	131347992	1178	393	1156	389	22.36	0	-3.43	-3.63	0.00	0.00
1	1097	131348033	1177	393	1156	389	21.38	0	-3.44	-3.63	0.00	0.00
1	1098	131348074	1177	393	1156	389	21.38	0	-3.44	-3.63	0.00	0.00
1	1099	131348115	1177	393	1156	389	21.38	0	-3.44	-3.63	0.00	0.00
1	1100	131348156	1177	393	1156	389	21.38	0	-3.44	-3.63	0.00	0.00
1	1101	131348196	1177	393	1156	389	21.38	0	-3.45	-3.62	0.00	0.00
1	1102	131348237	1177	393	1156	389	21.38	0	-3.45	-3.62	0.00	0.00
1	1103	131348278	1177	392	1156	389	21.21	0	-3.45	-3.62	0.00	0.00
1	1104	131348318	1176	392	1156	389	20.22	0	-3.45	-3.62	0.00	0.00
1	1105	131348359	1176	392	1156	389	20.22	0	-3.46	-3.61	0.00	0.00
1	1106	131348400	1176	392	1156	389	20.22	0	-3.46	-3.61	0.00	0.00
1	1107	131348441	1176	392	1156	389	20.22	0	-3.46	-3.61	0.00	0.00
1	1108	131348482	1176	392	1156	389	20.22	0	-3.46	-3.61	0.00	0.00
1	1109	131348523	1176	392	1156	389	20.22	0	-3.47	-3.60	0.00	0.00
1	1110	131348564	1176	391	1156	389	20.10	0	-3.47	-3.60	0.00	0.00
1	1111	131348605	1175	391	1156	389	19.10	0	-3.47	-3.60	0.00	0.00
1	1112	131348646	1175	391	1156	389	19.10	0	-3.47	-3.60	0.00	0.00
1	1113	131348686	1175	391	1156	389	19.10	0	-3.48	-3.59	0.00	0.00
1	1114	131348727	1175	391	1156	389	19.10	0	-3.48	-3.59	0.00	0.00
1	1115	131348767	1175	391	1156	389	19.10	0	-3.48	-3.59	0.00	0.00
1	1116	131348808	1175	391	1156	389	19.10	0	-3.48	-3.59	0.00	0.00
1	1117	131348849	1175	390	1156	389	19.03	0	-3.49	-3.58	0.00	0.00
1	1118	131348890	1174	390	1156	389	18.03	0	-3.49	-3.58	0.00	0.00
1	1119	131348931	1174	390	1156	389	18.03	0	-3.49	-3.58	0.00	0.00
1	1120	131348972	1174	390	1156	389	18.03	0	-3.49	-3.58	0.00	0.00
1	1121	131349012	1174	390	1156	389	18.03	0	-3.50	-3.57	0.00	0.00
1	1122	131349053	1174	390	1156	389	18.03	0	-3.50	-3.57	0.00	0.00
1	1123	131349094	1174	389	1156	389	18.00	0	-3.50	-3.57	0.00	0.00
1	1124	131349134	1174	389	1156	389	18.00	0	-3.50	-3.57	0.00	0.00
1	1125	131349174	1173	389	1156	389	17.00	0	-3.51	-3.57	0.00	0.00
1	1126	131349215	1173	389	1156	389	17.00	0	-3.51	-3.56	0.00	0.00
1	1127	131349256	1173	389	1156	389	17.00	0	-3.51	-3.56	0.00	0.00
1	1128	131349297	1173	389	1156	389	17.00	0	-3.51	-3.56	0.00	0.00
1	1129	131349337	1173	389	1156	389	17.00	0	-3.52	-3.56	0.00	0.00
1	1130	131349378	1173	388	1156	389	17.03	0	-3.52	-3.55	0.00	0.00
1	1131	131349418	1173	388	1156	389	17.03	0	-3.52	-3.55	0.00	0.00
1	1132	131349459	1172	388	1156	389	16.03	0	-3.52	-3.55	0.00	0.00
1	1133	131349499	1172	388	1156	389	16.03	0	-3.52	-3.55	0.00	0.00
1	1134	131349539	1172	388	1156	389	16.03	0	-3.53	-3.54	0.00	0.00
1	1135	131349581	1172	388	1156	389	16.03	0	-3.53	-3.54	0.00	0.00
1	1136	131349622	1172	388	1156	389	16.03	0	-3.53	-3.54	0.00	0.00
1	1137	131349663	1172	387	1156	389	16.12	0	-3.53	-3.54	0.00	0.00
1	1138	131349704	1172	387	1156	389	16.12	0	-3.54	-3.53	0.00	0.00
1	1139	131349745	1171	387	1156	389	15.13	0	-3.54	-3.53	0.00	0.00
1	1140	131349786	1171	387	1156	389	15.13	0	-3.54	-3.53	0.00	0.00
1	1141	131349827	1171	387	1156	389	15.13	0	-3.54	-3.53	0.00	0.00
1	1142	131349867	1171	387	1156	389	15.13	0	-3.55	-3.52	0.00	0.00
1	1143	131349907	1171	387	1156	389	15.13	0	-3.55	-3.52	0.00	0.00
1	1144	131349948	1171	386	1156	389	15.30	0	-3.55	-3.52	0.00	0.00
1	1145	131349988	1171	386	1156	389	15.30	0	-3.55	-3.52	0.00	0.00
1	1146	131350028	1170	386	1156	389	14.32	0	-3.56	-3.51	0.00	0.00
1	1147	131350069	1170	386	1156	389	14.32	0	-3.56	-3.51	0.00	0.00
1	1148	131350110	1170	386	1156	389	14.32	0	-3.56	-3.51	0.00	0.00
1	1149	131350152	1170	386	1156	389	14.32	0	-3.56	-3.51	0.00	0.00
1	1150	131350193	1170	386	1156	389	14.32	0	-3.57	-3.51	0.00	0.00
1	1151	131350234	1170	385	1156	389	14.56	0	-3.57	-3.50	0.00	0.00
1	1152	131350274	1170	385	1156	389	14.56	0	-3.57	-3.50	0.00	0.00
1	1153	131350315	1169	385	1156	389	13.60	0	-3.57	-3.50	0.00	0.00
1	1154	131350355	1169	385	1156	389	13.60	0	-3.58	-3.50	0.00	0.00
1	1155	131350396	1169	385	1156	389	13.60	0	-3.58	-3.49	0.00	0.00
1	1156	131350437	1169	385	1156	389	13.60	0	-3.58	-3.49	0.00	0.00
1	1157	131350477	1169	385	1156	389	13.60	0	-3.58	-3.49	500.00	0.00
1	1158	131350518	1169	384	1174	389	7.07	1	-3.58	-3.49	500.00	-500.00
1	1159	131350559	1168	384	1197	365	34.67	0	-3.59	-3.48	500.00	-500.00
1	1160	131350599	1168	384	1215	348	59.20	0	-3.59	-3.48	500.00	-500.00
1	1161	131350640	1168	384	1238	324	92.20	0	-3.59	-3.48	500.00	-500.00
1	1162	131350681	1168	384	1257	306	118.34	0	-3.59	-3.48	500.00	-500.00
1	1163	131350721	1168	384	1279	283	150.07	0	-3.60	-3.47	0.00	0.00
1	1164	131350762	1168	384	1279	283	150.07	0	-3.60	-3.47	0.00	0.00
1	1165	131350803	1168	383	1279	283	149.40	0	-3.60	-3.47	0.00	0.00
1	1166	131350843	1167	383	1279	283	150.15	0	-3.60	-3.47	0.00	500.00
1	1167	131350884	1167	383	1279	307	135.35	0	-3.61	-3.46	0.00	500.00
1	1168	131350924	1167	383	1279	324	126.59	0	-3.61	-3.46	0.00	500.00
1	1169	131350965	1167	383	1279	348	117.34	0	-3.61	-3.46	0.00	500.00
1	1170	131351006	1167	383	1279	365	113.44	0	-3.61	-3.46	0.00	500.00
1	1171	131351046	1167	383	1279	389	112.16	0	-3.62	-3.45	0.00	0.00
1	1172	131351087	1167	382	1279	389	112.22	0	-3.62	-3.45	0.00	0.00
1	1173	131351128	1166	382	1279	389	113.22	0	-3.62	-3.45	0.00	0.00
1	1174	131351168	1166	382	1279	389	113.22	0	-3.62	-3.45	0.00	0.00
1	1175	131351208	1166	382	1279	389	113.22	0	-3.63	-3.44	0.00	-500.00
1	1176	131351249	1166	382	1279	371	113.53	0	-3.63	-3.44	0.00	-500.00
1	1177	131351290	1166	382	1279	347	118.30	0	-3.63	-3.44	0.00	-500.00
1	1178	131351331	1166	382	1279	330	124.39	0	-3.63	-3.44	0.00	-500.00
1	1179	131351372	1166	381	1279	307	135.07	0	-3.63	-3.43	0.00	0.00
1	1180	131351412	1165	381	1279	307	135.91	0	-3.64	-3.43	0.00	0.00
1	1181	131351453	1165	381	1279	307	135.91	0	-3.64	-3.43	0.00	0.00
1	1182	131351493	1165	381	1279	307	135.91	0	-3.64	-3.43	0.00	0.00
1	1183	131351534	1165	381	1279	307	135.91	0	-3.64	-3.42	-500.00	500.00
1	1184	131351575	1165	381	1261	325	111.14	0	-3.65	-3.42	-500.00	500.00
1	1185	131351615	1165	381	1238	348	80.11	0	-3.65	-3.42	-500.00	500.00
1	1186	131351655	1164	380	1221	365	58.94	0	-3.65	-3.42	-500.00	500.00
1	1187	131351696	1164	380	1197	389	34.21	0	-3.65	-3.41	0.00	500.00
1	1188	131351737	1164	380	1197	406	42.01	0	-3.66	-3.41	0.00	0.00
1	1189	131351778	1164	380	1197	406	42.01	0	-3.66	-3.41	0.00	0.00
1	1190	131351819	1164	380	1197	406	42.01	0	-3.66	-3.41	0.00	0.00
1	1191	131351860	1164	380	1197	406	42.01	0	-3.66	-3.40	0.00	0.00
1	1192	131351901	1164	380	1197	406	42.01	0	-3.66	-3.40	0.00	-500.00
1	1193	131351942	1163	379	1197	384	34.37	0	-3.67	-3.40	0.00	-500.00
1	1194	131351983	1163	379	1197	366	36.40	0	-3.67	-3.40	0.00	-500.00
1	1195	131352023	1163	379	1197	343	49.52	0	-3.67	-3.39	0.00	-500.00
1	1196	131352064	1163	379	1197	325	63.81	0	-3.67	-3.39	0.00	0.00
1	1197	131352105	1163	379	1197	325	63.81	0	-3.68	-3.39	0.00	0.00
1	1198	131352145	1163	379	1197	325	63.81	0	-3.68	-3.39	0.00	0.00
1	1199	131352186	1163	379	1197	325	63.81	0	-3.68	-3.38	0.00	0.00
1	1200	131352227	1162	379	1197	325	64.35	0	-3.68	-3.38	0.00	500.00
1	1201	131352268	1162	378	1197	349	45.45	0	-3.69	-3.38	0.00	500.00
1	1202	131352308	1162	378	1197	366	37.00	0	-3.69	-3.38	0.00	500.00
1	1203	131352349	1162	378	1197	390	37.00	0	-3.69	-3.37	0.00	500.00
1	1204	131352390	1162	378	1197	408	46.10	0	-3.69	-3.37	0.00	500.00
1	1205	131352431	1162	378	1197	431	63.51	0	-3.70	-3.37	0.00	0.00
1	1206	131352472	1161	378	1197	431	64.07	0	-3.70	-3.37	0.00	0.00
1	1207	131352513	1161	378	1197	431	64.07	0	-3.70	-3.36	0.00	0.00
1	1208	131352553	1161	377	1197	431	64.90	0	-3.70	-3.36	0.00	0.00
1	1209	131352594	1161	377	1197	431	64.90	0	-3.70	-3.36	0.00	0.00
1	1210	131352635	1161	377	1197	431	64.90	0	-3.71	-3.36	-500.00	500.00
1	1211	131352675	1161	377	1174	454	78.09	0	-3.71	-3.35	-500.00	500.00
1	1212	131352716	1161	377	1156	472	95.13	0	-3.71	-3.35	-500.00	500.00
1	1213	131352757	1160	377	1133	495	121.05	0	-3.71	-3.35	-500.00	500.00
1	1214	131352798	1160	377	1115	513	143.25	0	-3.72	-3.35	-500.00	500.00
1	1215	131352839	1160	376	1092	536	173.85	0	-3.72	-3.34	0.00	0.00
1	1216	131352880	1160	376	1092	536	173.85	0	-3.72	-3.34	0.00	0.00
1	1217	131352921	1160	376	1092	536	173.85	0	-3.72	-3.34	0.00	0.00
1	1218	131352962	1160	376	1092	536	173.85	0	-3.72	-3.34	0.00	0.00
1	1219	131353003	1159	376	1092	536	173.46	0	-3.73	-3.33	-500.00	500.00
1	1220	131353043	1159	376	1074	554	197.25	0	-3.73	-3.33	-500.00	500.00
1	1221	131353083	1159	376	1051	577	228.18	0	-3.73	-3.33	-500.00	500.00
1	1222	131353123	1159	375	1033	595	253.53	0	-3.73	-3.33	-500.00	500.00
1	1223	131353164	1159	375	1010	618	285.04	0	-3.74	-3.32	-500.00	500.00
1	1224	131353205	1159	375	991	637	311.24	0	-3.74	-3.32	-500.00	0.00
1	1225	131353246	1159	375	969	637	323.64	0	-3.74	-3.32	0.00	0.00
1	1226	131353286	1158	375	969	637	323.06	0	-3.74	-3.32	0.00	0.00
1	1227	131353327	1158	375	969	637	323.06	0	-3.75	-3.31	0.00	0.00
1	1228	131353369	1158	375	969	637	323.06	0	-3.75	-3.31	0.00	0.00
1	1229	131353410	1158	374	969	637	323.87	0	-3.75	-3.31	0.00	0.00
1	1230	131353451	1158	374	969	637	323.87	0	-3.75	-3.31	0.00	0.00
1	1231	131353492	1158	374	969	637	323.87	0	-3.75	-3.30	0.00	0.00
1	1232	131353532	1157	374	969	637	323.28	0	-3.76	-3.30	0.00	0.00
1	1233	131353573	1157	374	969	637	323.28	0	-3.76	-3.30	0.00	0.00
1	1234	131353613	1157	374	969	637	323.28	0	-3.76	-3.29	0.00	0.00
1	1235	131353654	1157	374	969	637	323.28	0	-3.76	-3.29	-500.00	0.00
1	1236	131353695	1157	374	951	637	334.07	0	-3.77	-3.29	-500.00	500.00
1	1237	131353736	1157	373	928	660	367.16	0	-3.77	-3.29	-500.00	500.00
1	1238	131353777	1157	373	910	678	392.47	0	-3.77	-3.28	-500.00	500.00
1	1239	131353818	1156	373	887	701	424.20	0	-3.77	-3.28	-500.00	500.00
1	1240	131353859	1156	373	869	719	449.54	0	-3.77	-3.28	-500.00	500.00
1	1241	131353900	1156	373	846	742	481.93	0	-3.78	-3.28	-500.00	500.00
1	1242	131353940	1156	373	828	760	507.30	0	-3.78	-3.27	0.00	0.00
1	1243	131353981	1156	373	828	760	507.30	0	-3.78	-3.27	0.00	0.00
1	1244	131354022	1156	373	828	760	507.30	0	-3.78	-3.27	0.00	0.00
1	1245	131354062	1155	372	828	760	507.42	0	-3.79	-3.27	0.00	0.00
1	1246	131354103	1155	372	828	760	507.42	0	-3.79	-3.26	0.00	0.00
1	1247	131354144	1155	372	828	760	507.42	0	-3.79	-3.26	-500.00	0.00
1	1248	131354185	1155	372	810	760	519.20	0	-3.79	-3.26	-500.00	0.00
1	1249	131354225	1155	372	786	760	535.45	0	-3.79	-3.26	-500.00	0.00
1	1250	131354266	1155	372	770	760	546.60	0	-3.80	-3.25	-500.00	500.00
1	1251	131354307	1155	372	745	784	581.24	0	-3.80	-3.25	-500.00	500.00
1	1252	131354348	1154	371	729	801	604.59	0	-3.80	-3.25	-500.00	0.00
1	1253	131354389	1154	371	705	801	621.69	0	-3.80	-3.25	0.00	0.00
1	1254	131354430	1154	371	705	801	621.69	0	-3.81	-3.24	0.00	0.00
1	1255	131354470	1154	371	705	801	621.69	0	-3.81	-3.24	0.00	0.00
1	1256	131354511	1154	371	705	801	621.69	0	-3.81	-3.24	0.00	0.00
1	1257	131354551	1154	371	705	801	621.69	0	-3.81	-3.23	0.00	0.00
1	1258	131354592	1153	371	705	801	620.97	0	-3.81	-3.23	0.00	0.00
1	1259	131354632	1153	370	705	801	621.66	0	-3.82	-3.23	-500.00	0.00
1	1260	131354673	1153	370	688	801	634.02	0	-3.82	-3.23	-500.00	0.00
1	1261	131354714	1153	370	663	801	652.58	0	-3.82	-3.22	-500.00	0.00
1	1262	131354755	1153	370	647	801	664.68	0	-3.82	-3.22	-500.00	0.00
1	1263	131354796	1153	370	623	801	683.13	0	-3.83	-3.22	-500.00	0.00
1	1264	131354837	1153	370	606	801	696.40	0	-3.83	-3.22	-500.00	0.00
1	1265	131354878	1152	370	582	801	714.61	0	-3.83	-3.21	-500.00	0.00
1	1266	131354919	1152	370	565	801	728.24	0	-3.83	-3.21	0.00	0.00
1	1267	131354959	1152	369	565	801	728.83	0	-3.83	-3.21	0.00	0.00
1	1268	131355000	1152	369	565	801	728.83	0	-3.84	-3.21	0.00	0.00
1	1269	131355041	1152	369	565	801	728.83	0	-3.84	-3.20	0.00	0.00
1	1270	131355082	1152	369	565	801	728.83	0	-3.84	-3.20	0.00	0.00
1	1271	131355123	1151	369	565	801	728.02	0	-3.84	-3.20	0.00	0.00
1	1272	131355163	1151	369	565	801	728.02	0	-3.85	-3.20	0.00	0.00
1	1273	131355204	1151	369	565	801	728.02	0	-3.85	-3.19	0.00	0.00
1	1274	131355244	1151	369	565	801	728.02	0	-3.85	-3.19	0.00	0.00
1	1275	131355285	1151	368	565	801	728.62	0	-3.85	-3.19	0.00	0.00
1	1276	131355326	1151	368	565	801	728.62	0	-3.85	-3.19	0.00	0.00
1	1277	131355367	1150	368	565	801	727.81	0	-3.86	-3.18	0.00	0.00
1	1278	131355408	1150	368	565	801	727.81	0	-3.86	-3.18	0.00	0.00
1	1279	131355449	1150	368	565	801	727.81	0	-3.86	-3.18	-500.00	0.00
1	1280	131355490	1150	368	547	801	742.36	0	-3.86	-3.17	-500.00	0.00
1	1281	131355530	1150	368	523	801	761.98	0	-3.87	-3.17	-500.00	0.00
1	1282	131355571	1150	367	506	801	776.59	0	-3.87	-3.17	-500.00	0.00
1	1283	131355612	1149	367	483	801	794.93	0	-3.87	-3.17	-500.00	0.00
1	1284	131355653	1149	367	465	801	810.07	0	-3.87	-3.16	-500.00	0.00
1	1285	131355693	1149	367	448	801	824.47	0	-3.87	-3.16	0.00	0.00
1	1286	131355734	1149	367	448	801	824.47	0	-3.88	-3.16	0.00	0.00
1	1287	131355775	1149	367	448	801	824.47	0	-3.88	-3.16	0.00	0.00
1	1288	131355816	1149	367	448	801	824.47	0	-3.88	-3.15	0.00	0.00
1	1289	131355857	1149	367	448	801	824.47	0	-3.88	-3.15	0.00	0.00
1	1290	131355897	1148	366	448	801	824.15	0	-3.88	-3.15	0.00	0.00
1	1291	131355938	1148	366	448	801	824.15	0	-3.89	-3.15	0.00	0.00
1	1292	131355979	1148	366	448	801	824.15	0	-3.89	-3.14	0.00	0.00
1	1293	131356020	1148	366	448	801	824.15	0	-3.89	-3.14	0.00	0.00
1	1294	131356061	1148	366	448	801	824.15	0	-3.89	-3.14	0.00	0.00
1	1295	131356102	1148	366	448	801	824.15	0	-3.90	-3.13	0.00	0.00
1	1296	131356143	1147	366	448	801	823.30	0	-3.90	-3.13	0.00	0.00
1	1297	131356183	1147	366	448	801	823.30	0	-3.90	-3.13	0.00	0.00
1	1298	131356223	1147	365	448	801	823.83	0	-3.90	-3.13	0.00	0.00
1	1299	131356264	1147	365	448	801	823.83	0	-3.90	-3.12	0.00	0.00
1	1300	131356305	1147	365	448	801	823.83	0	-3.91	-3.12	0.00	0.00
1	1301	131356346	1147	365	448	801	823.83	0	-3.91	-3.12	0.00	0.00
1	1302	131356387	1146	365	448	801	822.98	0	-3.91	-3.12	0.00	0.00
1	1303	131356427	1146	365	448	801	822.98	0	-3.91	-3.11	0.00	0.00
1	1304	131356468	1146	365	448	801	822.98	0	-3.91	-3.11	0.00	0.00
1	1305	131356508	1146	365	448	801	822.98	0	-3.92	-3.11	0.00	0.00
1	1306	131356549	1146	364	448	801	823.51	0	-3.92	-3.11	0.00	0.00
1	1307	131356589	1146	364	448	801	823.51	0	-3.92	-3.10	0.00	0.00
1	1308	131356630	1146	364	448	801	823.51	0	-3.92	-3.10	0.00	0.00
1	1309	131356671	1145	364	448	801	822.67	0	-3.93	-3.10	0.00	0.00
1	1310	131356711	1145	364	448	801	822.67	0	-3.93	-3.10	0.00	0.00
1	1311	131356752	1145	364	448	801	822.67	0	-3.93	-3.09	0.00	0.00
1	1312	131356793	1145	364	448	801	822.67	0	-3.93	-3.09	0.00	0.00
1	1313	131356834	1145	363	448	801	823.20	0	-3.93	-3.09	0.00	0.00
1	1314	131356874	1145	363	448	801	823.20	0	-3.94	-3.08	0.00	0.00
1	1315	131356914	1144	363	448	801	822.35	0	-3.94	-3.08	0.00	0.00
1	1316	131356955	1144	363	448	801	822.35	0	-3.94	-3.08	0.00	0.00
1	1317	131356995	1144	363	448	801	822.35	0	-3.94	-3.08	0.00	0.00
1	1318	131357036	1144	363	448	801	822.35	0	-3.94	-3.07	0.00	0.00
1	1319	131357077	1144	363	448	801	822.35	0	-3.95	-3.07	0.00	0.00
1	1320	131357118	1144	363	448	801	822.35	0	-3.95	-3.07	0.00	0.00
1	1321	131357159	1143	362	448	801	822.04	0	-3.95	-3.07	0.00	0.00
1	1322	131357200	1143	362	448	801	822.04	0	-3.95	-3.06	0.00	0.00
1	1323	131357241	1143	362	448	801	822.04	0	-3.95	-3.06	0.00	0.00
1	1324	131357282	1143	362	448	801	822.04	0	-3.96	-3.06	0.00	0.00
1	1325	131357323	1143	362	448	801	822.04	0	-3.96	-3.05	0.00	0.00
1	1326	131357364	1143	362	448	801	822.04	0	-3.96	-3.05	0.00	0.00
1	1327	131357405	1142	362	448	801	821.19	0	-3.96	-3.05	0.00	0.00
1	1328	131357446	1142	362	448	801	821.19	0	-3.96	-3.05	0.00	0.00
1	1329	131357487	1142	361	448	801	821.73	0	-3.97	-3.04	0.00	0.00
1	1330	131357528	1142	361	448	801	821.73	0	-3.97	-3.04	0.00	0.00
1	1331	131357569	1142	361	448	801	821.73	0	-3.97	-3.04	0.00	0.00
1	1332	131357610	1142	361	448	801	821.73	0	-3.97	-3.04	0.00	0.00
1	1333	131357651	1141	361	448	801	820.88	0	-3.98	-3.03	0.00	0.00
1	1334	131357691	1141	361	448	801	820.88	0	-3.98	-3.03	0.00	0.00
1	1335	131357731	1141	361	448	801	820.88	0	-3.98	-3.03	0.00	0.00
1	1336	131357771	1141	361	448	801	820.88	0	-3.98	-3.02	0.00	0.00
1	1337	131357812	1141	360	448	801	821.42	0	-3.98	-3.02	0.00	0.00
1	1338	131357853	1141	360	448	801	821.42	0	-3.99	-3.02	0.00	0.00
1	1339	131357894	1140	360	448	801	820.58	0	-3.99	-3.02	0.00	0.00
1	1340	131357935	1140	360	448	801	820.58	0	-3.99	-3.01	0.00	0.00
1	1341	131357976	1140	360	448	801	820.58	0	-3.99	-3.01	0.00	0.00
1	1342	131358017	1140	360	448	801	820.58	0	-3.99	-3.01	0.00	0.00
1	1343	131358059	1140	360	448	801	820.58	0	-4.00	-3.01	0.00	0.00
1	1344	131358100	1140	360	448	801	820.58	0	-4.00	-3.00	0.00	0.00
1	1345	131358141	1139	359	448	801	820.27	0	-4.00	-3.00	0.00	0.00
1	1346	131358181	1139	359	448	801	820.27	0	-4.00	-3.00	0.00	0.00
1	1347	131358222	1139	359	448	801	820.27	0	-4.00	-2.99	0.00	0.00
1	1348	131358263	1139	359	448	801	820.27	0	-4.01	-2.99	0.00	0.00
1	1349	131358303	1139	359	448	801	820.27	0	-4.01	-2.99	0.00	0.00
1	1350	131358344	1139	359	448	801	820.27	0	-4.01	-2.99	0.00	0.00
1	1351	131358385	1139	359	448	801	820.27	0	-4.01	-2.98	0.00	0.00
1	1352	131358425	1138	359	448	801	819.43	0	-4.01	-2.98	0.00	0.00
1	1353	131358465	1138	359	448	801	819.43	0	-4.02	-2.98	0.00	0.00
1	1354	131358506	1138	358	448	801	819.97	0	-4.02	-2.98	0.00	0.00
1	1355	131358546	1138	358	448	801	819.97	0	-4.02	-2.97	0.00	-500.00
1	1356	131358587	1138	358	448	783	810.39	0	-4.02	-2.97	0.00	-500.00
1	1357	131358628	1138	358	448	760	798.56	0	-4.02	-2.97	0.00	-500.00
1	1358	131358668	1137	358	448	742	788.78	0	-4.03	-2.96	0.00	-500.00
1	1359	131358709	1137	358	448	719	777.84	0	-4.03	-2.96	0.00	-500.00
1	1360	131358749	1137	358	448	701	769.66	0	-4.03	-2.96	0.00	0.00
1	1361	131358789	1137	358	448	701	769.66	0	-4.03	-2.96	0.00	0.00
1	1362	131358830	1137	357	448	701	770.10	0	-4.03	-2.95	0.00	0.00
1	1363	131358871	1137	357	448	701	770.10	0	-4.04	-2.95	0.00	0.00
1	1364	131358911	1136	357	448	701	769.21	0	-4.04	-2.95	0.00	0.00
1	1365	131358952	1136	357	448	701	769.21	0	-4.04	-2.94	0.00	0.00
1	1366	131358993	1136	357	448	701	769.21	0	-4.04	-2.94	0.00	0.00
1	1367	131359034	1136	357	448	701	769.21	0	-4.04	-2.94	0.00	0.00
1	1368	131359075	1136	357	448	701	769.21	0	-4.05	-2.94	0.00	0.00
1	1369	131359115	1136	357	448	701	769.21	0	-4.05	-2.93	0.00	0.00
1	1370	131359156	1135	356	448	701	768.76	0	-4.05	-2.93	0.00	-500.00
1	1371	131359197	1135	356	448	678	758.72	0	-4.05	-2.93	0.00	-500.00
1	1372	131359237	1135	356	448	659	750.85	0	-4.05	-2.93	0.00	-500.00
1	1373	131359278	1135	356	448	637	742.25	0	-4.06	-2.92	0.00	-500.00
1	1374	131359319	1135	356	448	619	735.62	0	-4.06	-2.92	0.00	-500.00
1	1375	131359360	1135	356	448	596	727.71	0	-4.06	-2.92	0.00	-500.00
1	1376	131359401	1134	356	448	578	721.03	0	-4.06	-2.91	0.00	0.00
1	1377	131359441	1134	356	448	578	721.03	0	-4.06	-2.91	0.00	0.00
1	1378	131359482	1134	356	448	578	721.03	0	-4.07	-2.91	0.00	0.00
1	1379	131359522	1134	355	448	578	721.34	0	-4.07	-2.91	0.00	0.00
1	1380	131359563	1134	355	448	578	721.34	0	-4.07	-2.90	0.00	0.00
1	1381	131359603	1134	355	448	578	721.34	0	-4.07	-2.90	0.00	0.00
1	1382	131359644	1133	355	448	578	720.38	0	-4.07	-2.90	0.00	0.00
1	1383	131359685	1133	355	448	578	720.38	0	-4.08	-2.89	0.00	0.00
1	1384	131359725	1133	355	448	578	720.38	0	-4.08	-2.89	0.00	0.00
1	1385	131359766	1133	355	448	578	720.38	0	-4.08	-2.89	0.00	0.00
1	1386	131359806	1133	355	448	578	720.38	0	-4.08	-2.89	0.00	-500.00
1	1387	131359847	1133	354	448	555	713.88	0	-4.08	-2.88	0.00	-500.00
1	1388	131359888	1132	354	448	537	708.06	0	-4.09	-2.88	0.00	-500.00
1	1389	131359929	1132	354	448	514	702.46	0	-4.09	-2.88	0.00	-500.00
1	1390	131359970	1132	354	448	496	698.58	0	-4.09	-2.88	0.00	-500.00
1	1391	131360011	1132	354	448	473	694.27	0	-4.09	-2.87	0.00	-500.00
1	1392	131360052	1132	354	448	455	691.42	0	-4.09	-2.87	0.00	0.00
1	1393	131360093	1132	354	448	455	691.42	0	-4.10	-2.87	0.00	0.00
1	1394	131360134	1131	354	448	455	690.43	0	-4.10	-2.86	0.00	0.00
1	1395	131360175	1131	353	448	455	690.57	0	-4.10	-2.86	0.00	0.00
1	1396	131360216	1131	353	448	455	690.57	0	-4.10	-2.86	0.00	0.00
1	1397	131360257	1131	353	448	455	690.57	0	-4.10	-2.86	500.00	0.00
1	1398	131360297	1131	353	465	455	673.77	0	-4.11	-2.85	500.00	-500.00
1	1399	131360338	1131	353	489	432	646.84	0	-4.11	-2.85	500.00	-500.00
1	1400	131360379	1130	353	506	414	626.97	0	-4.11	-2.85	500.00	-500.00
1	1401	131360420	1130	353	530	391	601.20	0	-4.11	-2.84	500.00	-500.00
1	1402	131360461	1130	353	547	373	583.34	0	-4.11	-2.84	500.00	-500.00
1	1403	131360502	1130	353	571	350	559.01	0	-4.12	-2.84	500.00	-500.00
1	1404	131360543	1130	352	588	332	542.37	0	-4.12	-2.84	500.00	-500.00
1	1405	131360583	1129	352	612	309	518.79	0	-4.12	-2.83	500.00	-500.00
1	1406	131360624	1129	352	629	291	503.71	0	-4.12	-2.83	500.00	-500.00
1	1407	131360665	1129	352	653	268	483.35	0	-4.12	-2.83	500.00	-500.00
1	1408	131360705	1129	352	670	250	470.20	0	-4.13	-2.83	500.00	-500.00
1	1409	131360746	1129	352	694	227	452.60	0	-4.13	-2.82	500.00	-500.00
1	1410	131360787	1129	352	711	216	439.57	0	-4.13	-2.82	500.00	-500.00
1	1411	131360828	1128	352	735	216	415.87	0	-4.13	-2.82	0.00	0.00
1	1412	131360869	1128	352	735	216	415.87	0	-4.13	-2.81	0.00	0.00
1	1413	131360910	1128	351	735	216	415.54	0	-4.14	-2.81	0.00	0.00
1	1414	131360951	1128	351	735	216	415.54	0	-4.14	-2.81	0.00	0.00
1	1415	131360992	1128	351	735	216	415.54	0	-4.14	-2.81	0.00	0.00
1	1416	131361033	1128	351	735	216	415.54	0	-4.14	-2.80	0.00	500.00
1	1417	131361074	1127	351	735	238	407.96	0	-4.14	-2.80	0.00	500.00
1	1418	131361115	1127	351	735	256	403.35	0	-4.14	-2.80	0.00	500.00
1	1419	131361155	1127	351	735	279	398.56	0	-4.15	-2.79	0.00	500.00
1	1420	131361196	1127	351	735	297	395.70	0	-4.15	-2.79	0.00	500.00
1	1421	131361237	1127	350	735	320	393.15	0	-4.15	-2.79	0.00	500.00
1	1422	131361278	1127	350	735	338	392.18	0	-4.15	-2.79	0.00	0.00
1	1423	131361318	1126	350	735	338	391.18	0	-4.15	-2.78	0.00	0.00
1	1424	131361359	1126	350	735	338	391.18	0	-4.16	-2.78	0.00	0.00
1	1425	131361400	1126	350	735	338	391.18	0	-4.16	-2.78	0.00	0.00
1	1426	131361441	1126	350	735	338	391.18	0	-4.16	-2.77	500.00	-500.00
1	1427	131361482	1126	350	759	313	368.86	0	-4.16	-2.77	500.00	-500.00
1	1428	131361523	1126	350	776	297	353.99	0	-4.16	-2.77	500.00	-500.00
1	1429	131361563	1125	350	799	273	334.97	0	-4.17	-2.77	500.00	-500.00
1	1430	131361604	1125	349	817	256	321.73	0	-4.17	-2.76	0.00	0.00
1	1431	131361645	1125	349	817	256	321.73	0	-4.17	-2.76	0.00	0.00
1	1432	131361685	1125	349	817	256	321.73	0	-4.17	-2.76	0.00	0.00
1	1433	131361726	1125	349	817	256	321.73	0	-4.17	-2.75	0.00	0.00
1	1434	131361766	1125	349	817	256	321.73	0	-4.17	-2.75	0.00	0.00
1	1435	131361807	1124	349	817	256	320.78	0	-4.18	-2.75	0.00	0.00
1	1436	131361848	1124	349	817	256	320.78	0	-4.18	-2.75	0.00	0.00
1	1437	131361888	1124	349	817	256	320.78	0	-4.18	-2.74	0.00	0.00
1	1438	131361929	1124	349	817	256	320.78	0	-4.18	-2.74	0.00	0.00
1	1439	131361970	1124	348	817	256	320.49	0	-4.18	-2.74	0.00	0.00
1	1440	131362011	1124	348	817	256	320.49	0	-4.19	-2.73	0.00	0.00
1	1441	131362051	1123	348	817	256	319.53	0	-4.19	-2.73	0.00	0.00
1	1442	131362092	1123	348	817	256	319.53	0	-4.19	-2.73	0.00	-500.00
1	1443	131362133	1123	348	817	232	327.25	0	-4.19	-2.73	0.00	-500.00
1	1444	131362174	1123	348	817	216	333.26	0	-4.19	-2.72	0.00	-500.00
1	1445	131362214	1123	348	817	216	333.26	0	-4.20	-2.72	0.00	-500.00
1	1446	131362255	1123	348	817	216	333.26	0	-4.20	-2.72	0.00	0.00
1	1447	131362296	1122	348	817	216	332.34	0	-4.20	-2.71	0.00	0.00
1	1448	131362337	1122	347	817	216	331.94	0	-4.20	-2.71	0.00	0.00
1	1449	131362378	1122	347	817	216	331.94	0	-4.20	-2.71	0.00	0.00
1	1450	131362419	1122	347	817	216	331.94	0	-4.20	-2.71	0.00	0.00
1	1451	131362459	1122	347	817	216	331.94	0	-4.21	-2.70	0.00	500.00
1	1452	131362500	1121	347	817	233	324.67	0	-4.21	-2.70	0.00	500.00
1	1453	131362540	1121	347	817	257	317.04	0	-4.21	-2.70	0.00	500.00
1	1454	131362580	1121	347	817	274	312.64	0	-4.21	-2.69	0.00	500.00
1	1455	131362622	1121	347	817	298	307.92	0	-4.21	-2.69	0.00	500.00
1	1456	131362663	1121	347	817	315	305.68	0	-4.22	-2.69	0.00	500.00
1	1457	131362704	1121	346	817	339	304.08	0	-4.22	-2.69	0.00	0.00
1	1458	131362745	1120	346	817	339	303.08	0	-4.22	-2.68	0.00	0.00
1	1459	131362786	1120	346	817	339	303.08	0	-4.22	-2.68	0.00	0.00
1	1460	131362827	1120	346	817	339	303.08	0	-4.22	-2.68	0.00	0.00
1	1461	131362868	1120	346	817	339	303.08	0	-4.23	-2.67	0.00	0.00
1	1462	131362908	1120	346	817	339	303.08	0	-4.23	-2.67	0.00	0.00
1	1463	131362949	1120	346	817	339	303.08	0	-4.23	-2.67	0.00	0.00
