Pra_Test	PointNum	PointTime	ObjPointX	ObjPointY	PostPointX	PostPointY	Distance	Hit	ObjSpeedX	ObjSpeedY	PostSpeedX	PostSpeedY
1	1	131173597	1259	597	960	600	299.02	0	-0.04	-5.00	0.00	-500.00
1	2	131173638	1259	597	960	583	299.33	0	-0.05	-5.00	-500.00	-500.00
1	3	131173679	1259	596	936	559	325.11	0	-0.05	-5.00	0.00	-500.00
1	4	131173720	1259	596	936	542	327.48	0	-0.05	-5.00	0.00	0.00
1	5	131173761	1259	596	936	542	327.48	0	-0.06	-5.00	0.00	0.00
1	6	131173802	1259	596	936	542	327.48	0	-0.06	-5.00	0.00	0.00
1	7	131173843	1259	596	936	542	327.48	0	-0.06	-5.00	0.00	0.00
1	8	131173884	1259	595	936	542	327.32	0	-0.07	-5.00	0.00	0.00
1	9	131173925	1259	595	936	542	327.32	0	-0.07	-5.00	0.00	0.00
1	10	131173966	1259	595	936	542	327.32	0	-0.07	-5.00	500.00	0.00
1	11	131174007	1259	595	959	542	304.65	0	-0.08	-5.00	500.00	-500.00
1	12	131174047	1259	595	977	524	290.80	0	-0.08	-5.00	500.00	-500.00
1	13	131174087	1259	594	1000	501	275.19	0	-0.08	-5.00	500.00	-500.00
1	14	131174128	1259	594	1018	483	265.33	0	-0.09	-5.00	500.00	0.00
1	15	131174168	1259	594	1042	483	243.74	0	-0.09	-5.00	500.00	0.00
1	16	131174209	1259	594	1059	483	228.74	0	-0.09	-5.00	500.00	500.00
1	17	131174250	1259	594	1083	507	196.33	0	-0.10	-5.00	500.00	500.00
1	18	131174291	1259	593	1100	524	173.33	0	-0.10	-5.00	500.00	500.00
1	19	131174332	1259	593	1124	548	142.30	0	-0.10	-5.00	500.00	500.00
1	20	131174373	1259	593	1141	565	121.28	0	-0.11	-5.00	500.00	500.00
1	21	131174414	1259	593	1165	589	94.09	0	-0.11	-5.00	500.00	500.00
1	22	131174455	1259	593	1182	606	78.09	0	-0.11	-5.00	500.00	500.00
1	23	131174496	1259	592	1206	630	65.22	0	-0.12	-5.00	0.00	0.00
1	24	131174537	1259	592	1206	630	65.22	0	-0.12	-5.00	0.00	0.00
1	25	131174578	1259	592	1206	630	65.22	0	-0.13	-5.00	0.00	0.00
1	26	131174619	1259	592	1206	630	65.22	0	-0.13	-5.00	0.00	-500.00
1	27	131174660	1259	592	1206	606	54.82	0	-0.13	-5.00	0.00	-500.00
1	28	131174700	1259	591	1206	589	53.04	0	-0.14	-5.00	0.00	-500.00
1	29	131174741	1259	591	1206	565	59.03	0	-0.14	-5.00	0.00	-500.00
1	30	131174782	1259	591	1206	548	68.25	0	-0.14	-5.00	0.00	0.00
1	31	131174823	1259	591	1206	548	68.25	0	-0.15	-5.00	0.00	0.00
1	32	131174864	1259	591	1206	548	68.25	0	-0.15	-5.00	0.00	0.00
1	33	131174905	1259	590	1206	548	67.62	0	-0.15	-5.00	0.00	500.00
1	34	131174945	1259	590	1206	565	58.60	0	-0.16	-5.00	0.00	500.00
1	35	131174985	1259	590	1206	589	53.01	0	-0.16	-5.00	0.00	500.00
1	36	131175026	1259	590	1206	606	55.36	0	-0.16	-5.00	0.00	0.00
1	37	131175067	1259	590	1206	606	55.36	0	-0.17	-5.00	0.00	0.00
1	38	131175108	1259	589	1206	606	55.66	0	-0.17	-5.00	0.00	0.00
1	39	131175149	1259	589	1206	606	55.66	0	-0.17	-5.00	0.00	0.00
1	40	131175190	1259	589	1206	606	55.66	0	-0.18	-5.00	500.00	0.00
1	41	131175231	1259	589	1230	606	33.62	0	-0.18	-5.00	500.00	-500.00
1	42	131175272	1259	589	1248	589	11.00	0	-0.18	-5.00	500.00	-500.00
1	43	131175313	1259	588	1271	565	25.94	0	-0.19	-5.00	500.00	-500.00
1	44	131175354	1259	588	1289	548	50.00	0	-0.19	-5.00	0.00	0.00
1	45	131175395	1259	588	1289	548	50.00	0	-0.19	-5.00	0.00	0.00
1	46	131175435	1259	588	1289	548	50.00	0	-0.20	-5.00	0.00	0.00
1	47	131175475	1259	587	1289	548	49.20	0	-0.20	-5.00	0.00	0.00
1	48	131175516	1259	587	1289	548	49.20	0	-0.20	-5.00	-500.00	0.00
1	49	131175557	1259	587	1264	548	39.32	0	-0.21	-5.00	-500.00	500.00
1	50	131175598	1259	587	1247	565	25.06	0	-0.21	-5.00	-500.00	500.00
1	51	131175639	1259	587	1223	589	36.06	0	-0.21	-5.00	-500.00	500.00
1	52	131175679	1259	586	1207	605	55.36	0	-0.22	-5.00	0.00	0.00
1	53	131175720	1259	586	1207	605	55.36	0	-0.22	-5.00	0.00	0.00
1	54	131175761	1259	586	1207	605	55.36	0	-0.22	-4.99	0.00	0.00
1	55	131175802	1259	586	1207	605	55.36	0	-0.23	-4.99	0.00	0.00
1	56	131175842	1259	586	1207	605	55.36	0	-0.23	-4.99	0.00	0.00
1	57	131175883	1259	585	1207	605	55.71	0	-0.23	-4.99	500.00	0.00
1	58	131175923	1259	585	1224	605	40.31	0	-0.24	-4.99	500.00	-500.00
1	59	131175964	1259	585	1248	582	11.40	0	-0.24	-4.99	500.00	-500.00
1	60	131176005	1259	585	1265	564	21.84	0	-0.24	-4.99	500.00	-500.00
1	61	131176046	1259	585	1289	541	53.25	0	-0.25	-4.99	500.00	-500.00
1	62	131176086	1259	584	1306	523	77.01	0	-0.25	-4.99	0.00	0.00
1	63	131176127	1259	584	1306	523	77.01	0	-0.26	-4.99	0.00	0.00
1	64	131176168	1259	584	1306	523	77.01	0	-0.26	-4.99	0.00	0.00
1	65	131176208	1259	584	1306	523	77.01	0	-0.26	-4.99	0.00	0.00
1	66	131176249	1259	584	1306	523	77.01	0	-0.27	-4.99	0.00	0.00
1	67	131176290	1259	583	1306	523	76.22	0	-0.27	-4.99	0.00	0.00
1	68	131176331	1259	583	1306	523	76.22	0	-0.27	-4.99	0.00	0.00
1	69	131176372	1259	583	1306	523	76.22	0	-0.28	-4.99	0.00	0.00
1	70	131176412	1259	583	1306	523	76.22	0	-0.28	-4.99	0.00	0.00
1	71	131176452	1259	583	1306	523	76.22	0	-0.28	-4.99	0.00	0.00
1	72	131176492	1259	582	1306	523	75.43	0	-0.29	-4.99	0.00	0.00
1	73	131176533	1259	582	1306	523	75.43	0	-0.29	-4.99	0.00	0.00
1	74	131176574	1259	582	1306	523	75.43	0	-0.29	-4.99	0.00	0.00
1	75	131176614	1259	582	1306	523	75.43	0	-0.30	-4.99	0.00	0.00
1	76	131176655	1259	582	1306	523	75.43	0	-0.30	-4.99	0.00	0.00
1	77	131176695	1259	581	1306	523	74.65	0	-0.30	-4.99	-500.00	0.00
1	78	131176736	1259	581	1284	523	63.16	0	-0.31	-4.99	-500.00	0.00
1	79	131176776	1259	581	1266	523	58.42	0	-0.31	-4.99	-500.00	500.00
1	80	131176817	1259	581	1243	547	37.58	0	-0.31	-4.99	-500.00	500.00
1	81	131176858	1259	581	1224	565	38.48	0	-0.32	-4.99	-500.00	500.00
1	82	131176899	1259	580	1201	589	58.69	0	-0.32	-4.99	0.00	0.00
1	83	131176939	1259	580	1201	589	58.69	0	-0.32	-4.99	0.00	0.00
1	84	131176980	1259	580	1201	589	58.69	0	-0.33	-4.99	0.00	0.00
1	85	131177020	1259	580	1201	589	58.69	0	-0.33	-4.99	0.00	0.00
1	86	131177062	1259	580	1201	589	58.69	0	-0.33	-4.99	0.00	0.00
1	87	131177103	1259	579	1201	589	58.86	0	-0.34	-4.99	500.00	0.00
1	88	131177143	1259	579	1217	589	43.17	0	-0.34	-4.99	500.00	500.00
1	89	131177184	1259	579	1242	613	38.01	0	-0.34	-4.99	500.00	0.00
1	90	131177224	1259	579	1258	613	34.01	0	-0.35	-4.99	500.00	0.00
1	91	131177264	1259	578	1282	613	41.88	0	-0.35	-4.99	500.00	0.00
1	92	131177305	1259	578	1300	613	53.91	0	-0.35	-4.99	0.00	0.00
1	93	131177346	1259	578	1300	613	53.91	0	-0.36	-4.99	0.00	0.00
1	94	131177386	1259	578	1300	613	53.91	0	-0.36	-4.99	0.00	0.00
1	95	131177427	1259	578	1300	613	53.91	0	-0.36	-4.99	0.00	500.00
1	96	131177467	1259	577	1300	630	67.01	0	-0.37	-4.99	0.00	500.00
1	97	131177508	1259	577	1300	654	87.24	0	-0.37	-4.99	-500.00	500.00
1	98	131177548	1259	577	1283	672	97.98	0	-0.37	-4.99	-500.00	500.00
1	99	131177589	1259	577	1259	695	118.00	0	-0.38	-4.99	0.00	0.00
1	100	131177630	1259	577	1259	695	118.00	0	-0.38	-4.99	0.00	0.00
1	101	131177671	1259	576	1259	695	119.00	0	-0.38	-4.99	0.00	0.00
1	102	131177711	1259	576	1259	695	119.00	0	-0.39	-4.98	0.00	0.00
1	103	131177752	1259	576	1259	695	119.00	0	-0.39	-4.98	0.00	-500.00
1	104	131177793	1259	576	1259	678	102.00	0	-0.39	-4.98	0.00	-500.00
1	105	131177834	1259	576	1259	654	78.00	0	-0.40	-4.98	0.00	-500.00
1	106	131177874	1259	575	1259	637	62.00	0	-0.40	-4.98	0.00	0.00
1	107	131177915	1259	575	1259	637	62.00	0	-0.41	-4.98	0.00	0.00
1	108	131177955	1258	575	1259	637	62.01	0	-0.41	-4.98	0.00	0.00
1	109	131177995	1258	575	1259	637	62.01	0	-0.41	-4.98	0.00	0.00
1	110	131178036	1258	575	1259	637	62.01	0	-0.42	-4.98	-500.00	500.00
1	111	131178076	1258	574	1236	660	88.77	0	-0.42	-4.98	-500.00	500.00
1	112	131178117	1258	574	1217	679	112.72	0	-0.42	-4.98	-500.00	500.00
1	113	131178158	1258	574	1194	702	143.11	0	-0.43	-4.98	-500.00	500.00
1	114	131178199	1258	574	1176	720	167.45	0	-0.43	-4.98	0.00	500.00
1	115	131178239	1258	574	1176	743	187.84	0	-0.43	-4.98	0.00	0.00
1	116	131178280	1258	573	1176	743	188.74	0	-0.44	-4.98	0.00	0.00
1	117	131178321	1258	573	1176	743	188.74	0	-0.44	-4.98	0.00	0.00
1	118	131178362	1258	573	1176	743	188.74	0	-0.44	-4.98	0.00	-500.00
1	119	131178402	1258	573	1176	719	167.45	0	-0.45	-4.98	500.00	-500.00
1	120	131178443	1258	573	1193	702	144.45	0	-0.45	-4.98	500.00	-500.00
1	121	131178484	1258	572	1217	678	113.65	0	-0.45	-4.98	500.00	-500.00
1	122	131178525	1258	572	1235	660	90.96	0	-0.46	-4.98	0.00	0.00
1	123	131178566	1258	572	1235	660	90.96	0	-0.46	-4.98	0.00	0.00
1	124	131178607	1258	572	1235	660	90.96	0	-0.46	-4.98	0.00	0.00
1	125	131178648	1258	571	1235	660	91.92	0	-0.47	-4.98	0.00	0.00
1	126	131178688	1258	571	1235	660	91.92	0	-0.47	-4.98	0.00	0.00
1	127	131178729	1258	571	1235	660	91.92	0	-0.47	-4.98	0.00	500.00
1	128	131178770	1258	571	1235	678	109.44	0	-0.48	-4.98	500.00	500.00
1	129	131178811	1258	571	1258	701	130.00	0	-0.48	-4.98	500.00	500.00
1	130	131178852	1258	571	1276	719	149.09	0	-0.48	-4.98	500.00	500.00
1	131	131178893	1258	570	1298	741	175.62	0	-0.49	-4.98	500.00	500.00
1	132	131178934	1258	570	1317	760	198.95	0	-0.49	-4.98	500.00	0.00
1	133	131178975	1258	570	1340	760	206.94	0	-0.49	-4.98	0.00	-500.00
1	134	131179015	1258	570	1340	743	191.45	0	-0.50	-4.98	0.00	-500.00
1	135	131179055	1258	569	1340	720	171.83	0	-0.50	-4.97	0.00	-500.00
1	136	131179095	1258	569	1340	702	156.25	0	-0.50	-4.97	-500.00	-500.00
1	137	131179136	1258	569	1317	679	124.82	0	-0.51	-4.97	-500.00	-500.00
1	138	131179177	1258	569	1299	661	100.72	0	-0.51	-4.97	-500.00	-500.00
1	139	131179217	1258	569	1276	638	71.31	0	-0.51	-4.97	-500.00	-500.00
1	140	131179258	1258	568	1258	620	52.00	0	-0.52	-4.97	-500.00	-500.00
1	141	131179298	1258	568	1235	597	37.01	0	-0.52	-4.97	-500.00	-500.00
1	142	131179340	1258	568	1217	579	42.45	0	-0.52	-4.97	-500.00	0.00
1	143	131179380	1258	568	1194	579	64.94	0	-0.53	-4.97	-500.00	500.00
1	144	131179421	1258	568	1175	598	88.26	0	-0.53	-4.97	0.00	500.00
1	145	131179462	1258	567	1175	621	99.02	0	-0.53	-4.97	0.00	0.00
1	146	131179502	1258	567	1175	621	99.02	0	-0.54	-4.97	0.00	0.00
1	147	131179543	1258	567	1175	621	99.02	0	-0.54	-4.97	0.00	0.00
1	148	131179583	1258	567	1175	621	99.02	0	-0.54	-4.97	0.00	0.00
1	149	131179624	1258	567	1175	621	99.02	0	-0.55	-4.97	500.00	-500.00
1	150	131179664	1258	566	1193	603	74.79	0	-0.55	-4.97	500.00	-500.00
1	151	131179705	1258	566	1215	581	45.54	0	-0.56	-4.97	500.00	-500.00
1	152	131179746	1258	566	1234	562	24.33	0	-0.56	-4.97	500.00	-500.00
1	153	131179787	1258	566	1257	539	27.02	0	-0.56	-4.97	0.00	-500.00
1	154	131179828	1258	566	1257	521	45.01	0	-0.56	-4.97	0.00	0.00
1	155	131179868	1258	565	1257	521	44.01	0	-0.57	-4.97	0.00	0.00
1	156	131179909	1258	565	1257	521	44.01	0	-0.57	-4.97	0.00	0.00
1	157	131179949	1258	565	1257	521	44.01	0	-0.58	-4.97	0.00	0.00
1	158	131179990	1257	565	1257	521	44.00	0	-0.58	-4.97	0.00	500.00
1	159	131180030	1257	565	1257	545	20.00	0	-0.58	-4.97	0.00	500.00
1	160	131180071	1257	564	1257	562	2.00	1	-0.59	-4.97	0.00	500.00
1	161	131180112	1257	564	1257	582	18.00	0	-0.59	-4.97	0.00	500.00
1	162	131180153	1257	564	1257	605	41.00	0	-0.59	-4.96	0.00	500.00
1	163	131180194	1257	564	1257	623	59.00	0	-0.60	-4.96	0.00	0.00
1	164	131180235	1257	564	1257	623	59.00	0	-0.60	-4.96	0.00	0.00
1	165	131180276	1257	563	1257	623	60.00	0	-0.60	-4.96	0.00	0.00
1	166	131180317	1257	563	1257	623	60.00	0	-0.61	-4.96	0.00	-500.00
1	167	131180358	1257	563	1257	606	43.00	0	-0.61	-4.96	0.00	-500.00
1	168	131180398	1257	563	1257	582	19.00	0	-0.61	-4.96	0.00	-500.00
1	169	131180439	1257	563	1257	564	1.00	1	-0.62	-4.96	0.00	-500.00
1	170	131180480	1257	562	1257	541	21.00	0	-0.62	-4.96	0.00	0.00
1	171	131180521	1257	562	1257	541	21.00	0	-0.62	-4.96	0.00	0.00
1	172	131180562	1257	562	1257	541	21.00	0	-0.63	-4.96	0.00	0.00
1	173	131180603	1257	562	1257	541	21.00	0	-0.63	-4.96	0.00	0.00
1	174	131180644	1257	562	1257	541	21.00	0	-0.63	-4.96	0.00	0.00
1	175	131180684	1257	561	1257	541	20.00	0	-0.64	-4.96	0.00	0.00
1	176	131180725	1257	561	1257	541	20.00	0	-0.64	-4.96	0.00	0.00
1	177	131180766	1257	561	1257	541	20.00	0	-0.64	-4.96	0.00	500.00
1	178	131180806	1257	561	1257	564	3.00	1	-0.65	-4.96	0.00	500.00
1	179	131180847	1257	561	1257	582	21.00	0	-0.65	-4.96	0.00	500.00
1	180	131180888	1257	560	1257	605	45.00	0	-0.65	-4.96	0.00	0.00
1	181	131180928	1257	560	1257	605	45.00	0	-0.66	-4.96	0.00	0.00
1	182	131180968	1257	560	1257	605	45.00	0	-0.66	-4.96	0.00	0.00
1	183	131181010	1257	560	1257	605	45.00	0	-0.66	-4.96	0.00	0.00
1	184	131181051	1257	560	1257	605	45.00	0	-0.67	-4.96	0.00	0.00
1	185	131181091	1257	559	1257	605	46.00	0	-0.67	-4.95	0.00	0.00
1	186	131181131	1257	559	1257	605	46.00	0	-0.67	-4.95	0.00	0.00
1	187	131181172	1257	559	1257	605	46.00	0	-0.68	-4.95	0.00	0.00
1	188	131181213	1257	559	1257	605	46.00	0	-0.68	-4.95	0.00	0.00
1	189	131181254	1257	559	1257	605	46.00	0	-0.68	-4.95	0.00	-500.00
1	190	131181295	1257	558	1257	582	24.00	0	-0.69	-4.95	0.00	-500.00
1	191	131181335	1257	558	1257	564	6.00	1	-0.69	-4.95	0.00	-500.00
1	192	131181376	1257	558	1257	541	17.00	0	-0.69	-4.95	0.00	-500.00
1	193	131181417	1257	558	1257	523	35.00	0	-0.70	-4.95	0.00	-500.00
1	194	131181458	1257	557	1257	500	57.00	0	-0.70	-4.95	0.00	0.00
1	195	131181499	1257	557	1257	500	57.00	0	-0.70	-4.95	0.00	0.00
1	196	131181540	1256	557	1257	500	57.01	0	-0.71	-4.95	0.00	0.00
1	197	131181581	1256	557	1257	500	57.01	0	-0.71	-4.95	0.00	0.00
1	198	131181621	1256	557	1257	500	57.01	0	-0.71	-4.95	0.00	500.00
1	199	131181662	1256	556	1257	518	38.01	0	-0.72	-4.95	500.00	500.00
1	200	131181703	1256	556	1281	541	29.15	0	-0.72	-4.95	500.00	500.00
1	201	131181743	1256	556	1298	559	42.11	0	-0.72	-4.95	500.00	500.00
1	202	131181783	1256	556	1322	582	70.94	0	-0.73	-4.95	0.00	0.00
1	203	131181824	1256	556	1322	582	70.94	0	-0.73	-4.95	0.00	0.00
1	204	131181865	1256	555	1322	582	71.31	0	-0.73	-4.95	0.00	0.00
1	205	131181905	1256	555	1322	582	71.31	0	-0.74	-4.95	0.00	0.00
1	206	131181945	1256	555	1322	582	71.31	0	-0.74	-4.94	0.00	0.00
1	207	131181986	1256	555	1322	582	71.31	0	-0.74	-4.94	-500.00	-500.00
1	208	131182026	1256	555	1303	563	47.68	0	-0.75	-4.94	-500.00	-500.00
1	209	131182067	1256	554	1286	546	31.05	0	-0.75	-4.94	-500.00	-500.00
1	210	131182107	1256	554	1262	522	32.56	0	-0.75	-4.94	0.00	0.00
1	211	131182148	1256	554	1262	522	32.56	0	-0.76	-4.94	0.00	0.00
1	212	131182189	1256	554	1262	522	32.56	0	-0.76	-4.94	0.00	0.00
1	213	131182230	1256	554	1262	522	32.56	0	-0.76	-4.94	0.00	0.00
1	214	131182270	1256	553	1262	522	31.58	0	-0.77	-4.94	0.00	0.00
1	215	131182311	1256	553	1262	522	31.58	0	-0.77	-4.94	0.00	0.00
1	216	131182352	1256	553	1262	522	31.58	0	-0.77	-4.94	0.00	500.00
1	217	131182392	1256	553	1262	540	14.32	0	-0.78	-4.94	0.00	500.00
1	218	131182432	1256	553	1262	563	11.66	0	-0.78	-4.94	0.00	500.00
1	219	131182473	1256	552	1262	581	29.61	0	-0.78	-4.94	0.00	0.00
1	220	131182514	1256	552	1262	581	29.61	0	-0.79	-4.94	0.00	0.00
1	221	131182555	1256	552	1262	581	29.61	0	-0.79	-4.94	0.00	0.00
1	222	131182595	1256	552	1262	581	29.61	0	-0.80	-4.94	0.00	0.00
1	223	131182636	1256	552	1262	581	29.61	0	-0.80	-4.94	0.00	0.00
1	224	131182677	1256	551	1262	581	30.59	0	-0.80	-4.94	0.00	0.00
1	225	131182717	1256	551	1262	581	30.59	0	-0.80	-4.93	-500.00	-500.00
1	226	131182758	1256	551	1239	558	18.38	0	-0.81	-4.93	-500.00	-500.00
1	227	131182799	1256	551	1221	540	36.69	0	-0.81	-4.93	0.00	-500.00
1	228	131182840	1255	551	1221	517	48.08	0	-0.82	-4.93	0.00	0.00
1	229	131182880	1255	550	1221	517	47.38	0	-0.82	-4.93	0.00	0.00
1	230	131182921	1255	550	1221	517	47.38	0	-0.82	-4.93	0.00	0.00
1	231	131182962	1255	550	1221	517	47.38	0	-0.83	-4.93	0.00	0.00
1	232	131183002	1255	550	1221	517	47.38	0	-0.83	-4.93	0.00	0.00
1	233	131183042	1255	550	1221	517	47.38	0	-0.83	-4.93	0.00	500.00
1	234	131183082	1255	549	1221	540	35.17	0	-0.84	-4.93	500.00	500.00
1	235	131183123	1255	549	1239	557	17.89	0	-0.84	-4.93	500.00	500.00
1	236	131183164	1255	549	1262	581	32.76	0	-0.84	-4.93	-500.00	0.00
1	237	131183205	1255	549	1244	581	33.84	0	-0.85	-4.93	0.00	0.00
1	238	131183245	1255	549	1244	581	33.84	0	-0.85	-4.93	0.00	0.00
1	239	131183286	1255	548	1244	581	34.79	0	-0.85	-4.93	0.00	0.00
1	240	131183327	1255	548	1244	581	34.79	0	-0.86	-4.93	0.00	0.00
1	241	131183367	1255	548	1244	581	34.79	0	-0.86	-4.93	-500.00	-500.00
1	242	131183408	1255	548	1220	557	36.14	0	-0.86	-4.93	-500.00	-500.00
1	243	131183448	1255	548	1203	540	52.61	0	-0.87	-4.92	0.00	0.00
1	244	131183489	1255	547	1203	540	52.47	0	-0.87	-4.92	0.00	0.00
1	245	131183530	1255	547	1203	540	52.47	0	-0.87	-4.92	0.00	0.00
1	246	131183570	1255	547	1203	540	52.47	0	-0.88	-4.92	0.00	0.00
1	247	131183611	1255	547	1203	540	52.47	0	-0.88	-4.92	0.00	0.00
1	248	131183652	1255	547	1203	540	52.47	0	-0.88	-4.92	500.00	0.00
1	249	131183692	1255	546	1222	540	33.54	0	-0.89	-4.92	500.00	0.00
1	250	131183733	1255	546	1245	540	11.66	0	-0.89	-4.92	500.00	0.00
1	251	131183774	1255	546	1262	540	9.22	1	-0.89	-4.92	500.00	0.00
1	252	131183815	1255	546	1286	540	31.58	0	-0.90	-4.92	0.00	0.00
1	253	131183856	1255	546	1286	540	31.58	0	-0.90	-4.92	0.00	0.00
1	254	131183896	1255	545	1286	540	31.40	0	-0.90	-4.92	0.00	0.00
1	255	131183936	1255	545	1286	540	31.40	0	-0.91	-4.92	0.00	0.00
1	256	131183977	1254	545	1286	540	32.39	0	-0.91	-4.92	0.00	0.00
1	257	131184018	1254	545	1286	540	32.39	0	-0.91	-4.92	0.00	0.00
1	258	131184059	1254	545	1286	540	32.39	0	-0.92	-4.92	0.00	0.00
1	259	131184100	1254	544	1286	540	32.25	0	-0.92	-4.91	0.00	0.00
1	260	131184141	1254	544	1286	540	32.25	0	-0.92	-4.91	0.00	0.00
1	261	131184182	1254	544	1286	540	32.25	0	-0.93	-4.91	0.00	0.00
1	262	131184222	1254	544	1286	540	32.25	0	-0.93	-4.91	0.00	0.00
1	263	131184263	1254	544	1286	540	32.25	0	-0.93	-4.91	0.00	0.00
1	264	131184303	1254	543	1286	540	32.14	0	-0.94	-4.91	0.00	0.00
1	265	131184343	1254	543	1286	540	32.14	0	-0.94	-4.91	0.00	0.00
1	266	131184385	1254	543	1286	540	32.14	0	-0.94	-4.91	0.00	-500.00
1	267	131184426	1254	543	1286	522	38.28	0	-0.95	-4.91	0.00	-500.00
1	268	131184467	1254	542	1286	499	53.60	0	-0.95	-4.91	0.00	-500.00
1	269	131184507	1254	542	1286	481	68.88	0	-0.95	-4.91	0.00	0.00
1	270	131184548	1254	542	1286	481	68.88	0	-0.96	-4.91	0.00	0.00
1	271	131184589	1254	542	1286	481	68.88	0	-0.96	-4.91	0.00	0.00
1	272	131184629	1254	542	1286	481	68.88	0	-0.96	-4.91	0.00	0.00
1	273	131184670	1254	542	1286	481	68.88	0	-0.97	-4.91	0.00	500.00
1	274	131184711	1254	541	1286	504	48.92	0	-0.97	-4.90	0.00	500.00
1	275	131184752	1254	541	1286	527	34.93	0	-0.97	-4.90	0.00	500.00
1	276	131184792	1254	541	1286	545	32.25	0	-0.98	-4.90	0.00	500.00
1	277	131184832	1254	541	1286	563	38.83	0	-0.98	-4.90	0.00	0.00
1	278	131184873	1254	540	1286	563	39.41	0	-0.98	-4.90	0.00	0.00
1	279	131184913	1254	540	1286	563	39.41	0	-0.99	-4.90	0.00	0.00
1	280	131184954	1254	540	1286	563	39.41	0	-0.99	-4.90	0.00	0.00
1	281	131184995	1254	540	1286	563	39.41	0	-0.99	-4.90	0.00	-500.00
1	282	131185036	1253	540	1286	539	33.02	0	-1.00	-4.90	0.00	-500.00
1	283	131185077	1253	539	1286	516	40.22	0	-1.00	-4.90	0.00	-500.00
1	284	131185118	1253	539	1286	499	51.86	0	-1.00	-4.90	0.00	0.00
1	285	131185159	1253	539	1286	499	51.86	0	-1.01	-4.90	0.00	0.00
1	286	131185200	1253	539	1286	499	51.86	0	-1.01	-4.90	0.00	0.00
1	287	131185241	1253	539	1286	499	51.86	0	-1.01	-4.90	0.00	0.00
1	288	131185281	1253	538	1286	499	51.09	0	-1.02	-4.90	0.00	0.00
1	289	131185322	1253	538	1286	499	51.09	0	-1.02	-4.89	-500.00	500.00
1	290	131185363	1253	538	1268	517	25.81	0	-1.02	-4.89	-500.00	500.00
1	291	131185404	1253	538	1250	534	5.00	1	-1.03	-4.89	-500.00	500.00
1	292	131185445	1253	538	1227	558	32.80	0	-1.03	-4.89	0.00	500.00
1	293	131185486	1253	537	1227	581	51.11	0	-1.03	-4.89	0.00	0.00
1	294	131185527	1253	537	1227	581	51.11	0	-1.04	-4.89	0.00	0.00
1	295	131185568	1253	537	1227	581	51.11	0	-1.04	-4.89	0.00	0.00
1	296	131185609	1253	537	1227	581	51.11	0	-1.04	-4.89	-500.00	-500.00
1	297	131185649	1253	537	1209	563	51.11	0	-1.05	-4.89	-500.00	-500.00
1	298	131185690	1253	536	1185	539	68.07	0	-1.05	-4.89	-500.00	-500.00
1	299	131185731	1253	536	1168	522	86.15	0	-1.05	-4.89	-500.00	0.00
1	300	131185772	1253	536	1144	522	109.90	0	-1.06	-4.89	0.00	0.00
1	301	131185813	1253	536	1144	522	109.90	0	-1.06	-4.89	500.00	0.00
1	302	131185853	1253	536	1168	522	86.15	0	-1.06	-4.89	500.00	0.00
1	303	131185894	1253	536	1185	522	69.43	0	-1.07	-4.88	500.00	0.00
1	304	131185934	1253	535	1209	522	45.88	0	-1.07	-4.88	500.00	0.00
1	305	131185974	1253	535	1226	522	29.97	0	-1.07	-4.88	0.00	0.00
1	306	131186015	1252	535	1226	522	29.07	0	-1.08	-4.88	0.00	0.00
1	307	131186056	1252	535	1226	522	29.07	0	-1.08	-4.88	0.00	0.00
1	308	131186096	1252	534	1226	522	28.64	0	-1.08	-4.88	0.00	0.00
1	309	131186137	1252	534	1226	522	28.64	0	-1.09	-4.88	500.00	500.00
1	310	131186177	1252	534	1244	540	10.00	0	-1.09	-4.88	500.00	500.00
1	311	131186218	1252	534	1262	558	26.00	0	-1.09	-4.88	500.00	500.00
1	312	131186259	1252	534	1286	581	58.01	0	-1.10	-4.88	0.00	0.00
1	313	131186300	1252	533	1286	581	58.82	0	-1.10	-4.88	0.00	0.00
1	314	131186341	1252	533	1286	581	58.82	0	-1.10	-4.88	0.00	0.00
1	315	131186382	1252	533	1286	581	58.82	0	-1.11	-4.88	0.00	0.00
1	316	131186423	1252	533	1286	581	58.82	0	-1.11	-4.88	0.00	0.00
1	317	131186463	1252	533	1286	581	58.82	0	-1.11	-4.87	0.00	0.00
1	318	131186504	1252	532	1286	581	59.64	0	-1.12	-4.87	-500.00	0.00
1	319	131186545	1252	532	1268	581	51.55	0	-1.12	-4.87	-500.00	0.00
1	320	131186586	1252	532	1245	581	49.50	0	-1.12	-4.87	-500.00	-500.00
1	321	131186627	1252	532	1227	563	39.82	0	-1.13	-4.87	-500.00	-500.00
1	322	131186668	1252	532	1204	540	48.66	0	-1.13	-4.87	-500.00	0.00
1	323	131186709	1252	531	1186	540	66.61	0	-1.13	-4.87	0.00	0.00
1	324	131186749	1252	531	1186	540	66.61	0	-1.14	-4.87	0.00	0.00
1	325	131186790	1252	531	1186	540	66.61	0	-1.14	-4.87	0.00	0.00
1	326	131186831	1252	531	1186	540	66.61	0	-1.14	-4.87	0.00	0.00
1	327	131186872	1252	531	1186	540	66.61	0	-1.15	-4.87	0.00	0.00
1	328	131186912	1251	530	1186	540	65.76	0	-1.15	-4.87	0.00	0.00
1	329	131186953	1251	530	1186	540	65.76	0	-1.15	-4.87	0.00	0.00
1	330	131186994	1251	530	1186	540	65.76	0	-1.16	-4.86	500.00	0.00
1	331	131187034	1251	530	1204	540	48.05	0	-1.16	-4.86	500.00	0.00
1	332	131187074	1251	530	1227	540	26.00	0	-1.16	-4.86	500.00	0.00
1	333	131187115	1251	530	1245	540	11.66	0	-1.17	-4.86	500.00	0.00
1	334	131187156	1251	529	1268	540	20.25	0	-1.17	-4.86	500.00	0.00
1	335	131187197	1251	529	1286	540	36.69	0	-1.17	-4.86	0.00	0.00
1	336	131187238	1251	529	1286	540	36.69	0	-1.18	-4.86	0.00	0.00
1	337	131187279	1251	529	1286	540	36.69	0	-1.18	-4.86	0.00	0.00
1	338	131187320	1251	528	1286	540	37.00	0	-1.18	-4.86	0.00	0.00
1	339	131187361	1251	528	1286	540	37.00	0	-1.19	-4.86	0.00	0.00
1	340	131187401	1251	528	1286	540	37.00	0	-1.19	-4.86	0.00	0.00
1	341	131187442	1251	528	1286	540	37.00	0	-1.19	-4.86	0.00	0.00
1	342	131187483	1251	528	1286	540	37.00	0	-1.20	-4.85	0.00	0.00
1	343	131187523	1251	528	1286	540	37.00	0	-1.20	-4.85	0.00	0.00
1	344	131187564	1251	527	1286	540	37.34	0	-1.20	-4.85	0.00	0.00
1	345	131187605	1251	527	1286	540	37.34	0	-1.21	-4.85	0.00	0.00
1	346	131187645	1251	527	1286	540	37.34	0	-1.21	-4.85	0.00	0.00
1	347	131187687	1251	527	1286	540	37.34	0	-1.21	-4.85	0.00	0.00
1	348	131187727	1250	526	1286	540	38.63	0	-1.22	-4.85	0.00	0.00
1	349	131187768	1250	526	1286	540	38.63	0	-1.22	-4.85	0.00	0.00
1	350	131187809	1250	526	1286	540	38.63	0	-1.22	-4.85	0.00	0.00
1	351	131187850	1250	526	1286	540	38.63	0	-1.23	-4.85	0.00	0.00
1	352	131187891	1250	526	1286	540	38.63	0	-1.23	-4.85	0.00	0.00
1	353	131187932	1250	525	1286	540	39.00	0	-1.23	-4.85	0.00	0.00
1	354	131187972	1250	525	1286	540	39.00	0	-1.24	-4.84	0.00	0.00
1	355	131188013	1250	525	1286	540	39.00	0	-1.24	-4.84	0.00	0.00
1	356	131188054	1250	525	1286	540	39.00	0	-1.24	-4.84	0.00	-500.00
1	357	131188095	1250	525	1286	517	36.88	0	-1.25	-4.84	0.00	-500.00
1	358	131188136	1250	525	1286	499	44.41	0	-1.25	-4.84	0.00	0.00
1	359	131188177	1250	524	1286	499	43.83	0	-1.25	-4.84	0.00	0.00
1	360	131188217	1250	524	1286	499	43.83	0	-1.26	-4.84	0.00	0.00
1	361	131188258	1250	524	1286	499	43.83	0	-1.26	-4.84	0.00	0.00
1	362	131188299	1250	524	1286	499	43.83	0	-1.26	-4.84	0.00	0.00
1	363	131188340	1250	523	1286	499	43.27	0	-1.27	-4.84	0.00	0.00
1	364	131188380	1250	523	1286	499	43.27	0	-1.27	-4.84	0.00	500.00
1	365	131188421	1250	523	1286	522	36.01	0	-1.27	-4.84	0.00	500.00
1	366	131188461	1250	523	1286	540	39.81	0	-1.28	-4.83	-500.00	500.00
1	367	131188502	1249	523	1262	563	42.06	0	-1.28	-4.83	-500.00	500.00
1	368	131188543	1249	523	1243	583	60.30	0	-1.28	-4.83	0.00	0.00
1	369	131188583	1249	522	1243	583	61.29	0	-1.29	-4.83	0.00	0.00
1	370	131188624	1249	522	1243	583	61.29	0	-1.29	-4.83	0.00	0.00
1	371	131188665	1249	522	1243	583	61.29	0	-1.29	-4.83	0.00	0.00
1	372	131188705	1249	522	1243	583	61.29	0	-1.30	-4.83	0.00	0.00
1	373	131188746	1249	522	1243	583	61.29	0	-1.30	-4.83	0.00	0.00
1	374	131188787	1249	521	1243	583	62.29	0	-1.30	-4.83	-500.00	-500.00
1	375	131188828	1249	521	1226	565	49.65	0	-1.31	-4.83	-500.00	-500.00
1	376	131188868	1249	521	1202	542	51.48	0	-1.31	-4.83	0.00	0.00
1	377	131188908	1249	521	1202	542	51.48	0	-1.31	-4.82	0.00	0.00
1	378	131188949	1249	521	1202	542	51.48	0	-1.32	-4.82	0.00	0.00
1	379	131188989	1249	520	1202	542	51.89	0	-1.32	-4.82	0.00	0.00
1	380	131189029	1249	520	1202	542	51.89	0	-1.32	-4.82	0.00	0.00
1	381	131189070	1249	520	1202	542	51.89	0	-1.33	-4.82	0.00	0.00
1	382	131189111	1249	520	1202	542	51.89	0	-1.33	-4.82	0.00	0.00
1	383	131189152	1249	520	1202	542	51.89	0	-1.33	-4.82	0.00	0.00
1	384	131189193	1249	519	1202	542	52.33	0	-1.34	-4.82	0.00	0.00
1	385	131189234	1249	519	1202	542	52.33	0	-1.34	-4.82	0.00	0.00
1	386	131189275	1248	519	1202	542	51.43	0	-1.34	-4.82	0.00	0.00
1	387	131189316	1248	519	1202	542	51.43	0	-1.35	-4.82	0.00	0.00
1	388	131189356	1248	519	1202	542	51.43	0	-1.35	-4.81	0.00	0.00
1	389	131189397	1248	518	1202	542	51.88	0	-1.35	-4.81	0.00	0.00
1	390	131189438	1248	518	1202	542	51.88	0	-1.36	-4.81	0.00	0.00
1	391	131189479	1248	518	1202	542	51.88	0	-1.36	-4.81	0.00	-500.00
1	392	131189519	1248	518	1202	518	46.00	0	-1.36	-4.81	0.00	-500.00
1	393	131189561	1248	518	1202	501	49.04	0	-1.37	-4.81	0.00	-500.00
1	394	131189602	1248	517	1202	477	60.96	0	-1.37	-4.81	0.00	-500.00
1	395	131189642	1248	517	1202	460	73.25	0	-1.37	-4.81	0.00	0.00
1	396	131189683	1248	517	1202	460	73.25	0	-1.38	-4.81	0.00	0.00
1	397	131189724	1248	517	1202	460	73.25	0	-1.38	-4.81	0.00	0.00
1	398	131189765	1248	517	1202	460	73.25	0	-1.38	-4.81	0.00	500.00
1	399	131189806	1248	516	1202	477	60.31	0	-1.38	-4.80	500.00	500.00
1	400	131189847	1248	516	1226	501	26.63	0	-1.39	-4.80	500.00	500.00
1	401	131189887	1248	516	1243	518	5.39	1	-1.39	-4.80	500.00	500.00
1	402	131189928	1248	516	1266	541	30.81	0	-1.40	-4.80	-500.00	0.00
1	403	131189968	1248	516	1247	541	25.02	0	-1.40	-4.80	0.00	0.00
1	404	131190009	1247	515	1247	541	26.00	0	-1.40	-4.80	0.00	0.00
1	405	131190049	1247	515	1247	541	26.00	0	-1.40	-4.80	0.00	0.00
1	406	131190090	1247	515	1247	541	26.00	0	-1.41	-4.80	0.00	0.00
1	407	131190131	1247	515	1247	541	26.00	0	-1.41	-4.80	-500.00	-500.00
1	408	131190172	1247	515	1224	517	23.09	0	-1.41	-4.80	-500.00	-500.00
1	409	131190213	1247	514	1206	500	43.32	0	-1.42	-4.79	-500.00	-500.00
1	410	131190253	1247	514	1183	476	74.43	0	-1.42	-4.79	0.00	0.00
1	411	131190294	1247	514	1183	476	74.43	0	-1.42	-4.79	0.00	0.00
1	412	131190334	1247	514	1183	476	74.43	0	-1.43	-4.79	0.00	0.00
1	413	131190375	1247	514	1183	476	74.43	0	-1.43	-4.79	0.00	0.00
1	414	131190416	1247	513	1183	476	73.93	0	-1.43	-4.79	0.00	0.00
1	415	131190457	1247	513	1183	476	73.93	0	-1.44	-4.79	500.00	500.00
1	416	131190498	1247	513	1206	500	43.01	0	-1.44	-4.79	500.00	500.00
1	417	131190539	1247	513	1224	517	23.35	0	-1.44	-4.79	500.00	500.00
1	418	131190580	1247	513	1247	541	28.00	0	-1.45	-4.79	500.00	0.00
1	419	131190621	1247	512	1265	541	34.13	0	-1.45	-4.78	0.00	0.00
1	420	131190661	1247	512	1265	541	34.13	0	-1.45	-4.78	0.00	0.00
1	421	131190701	1246	512	1265	541	34.67	0	-1.46	-4.78	0.00	0.00
1	422	131190742	1246	512	1265	541	34.67	0	-1.46	-4.78	0.00	0.00
1	423	131190783	1246	512	1265	541	34.67	0	-1.46	-4.78	0.00	0.00
1	424	131190823	1246	511	1265	541	35.51	0	-1.47	-4.78	0.00	-500.00
1	425	131190864	1246	511	1265	523	22.47	0	-1.47	-4.78	0.00	-500.00
1	426	131190905	1246	511	1265	500	21.95	0	-1.47	-4.78	0.00	0.00
1	427	131190946	1246	511	1265	500	21.95	0	-1.48	-4.78	0.00	0.00
1	428	131190986	1246	511	1265	500	21.95	0	-1.48	-4.78	0.00	0.00
1	429	131191027	1246	511	1265	500	21.95	0	-1.48	-4.77	0.00	0.00
1	430	131191068	1246	510	1265	500	21.47	0	-1.49	-4.77	0.00	0.00
1	431	131191109	1246	510	1265	500	21.47	0	-1.49	-4.77	0.00	0.00
1	432	131191150	1246	510	1265	500	21.47	0	-1.49	-4.77	-500.00	500.00
1	433	131191191	1246	510	1247	517	7.07	1	-1.50	-4.77	-500.00	500.00
1	434	131191232	1246	510	1224	541	38.01	0	-1.50	-4.77	-500.00	500.00
1	435	131191273	1246	509	1206	558	63.25	0	-1.50	-4.77	-500.00	500.00
1	436	131191313	1246	509	1184	581	95.02	0	-1.51	-4.77	0.00	0.00
1	437	131191354	1246	509	1184	581	95.02	0	-1.51	-4.77	0.00	0.00
1	438	131191395	1245	509	1184	581	94.37	0	-1.51	-4.77	0.00	0.00
1	439	131191435	1245	509	1184	581	94.37	0	-1.52	-4.76	0.00	0.00
1	440	131191476	1245	508	1184	581	95.13	0	-1.52	-4.76	-500.00	-500.00
1	441	131191517	1245	508	1166	563	96.26	0	-1.52	-4.76	-500.00	-500.00
1	442	131191557	1245	508	1143	540	106.90	0	-1.53	-4.76	0.00	-500.00
1	443	131191597	1245	508	1143	522	102.96	0	-1.53	-4.76	0.00	0.00
1	444	131191638	1245	508	1143	522	102.96	0	-1.53	-4.76	0.00	0.00
1	445	131191679	1245	507	1143	522	103.10	0	-1.54	-4.76	0.00	0.00
1	446	131191720	1245	507	1143	522	103.10	0	-1.54	-4.76	0.00	0.00
1	447	131191760	1245	507	1143	522	103.10	0	-1.54	-4.76	0.00	0.00
1	448	131191801	1245	507	1143	522	103.10	0	-1.55	-4.76	0.00	0.00
1	449	131191842	1245	507	1143	522	103.10	0	-1.55	-4.75	0.00	0.00
1	450	131191882	1245	506	1143	522	103.25	0	-1.55	-4.75	0.00	0.00
1	451	131191922	1245	506	1143	522	103.25	0	-1.55	-4.75	500.00	0.00
1	452	131191962	1245	506	1165	522	81.58	0	-1.56	-4.75	500.00	0.00
1	453	131192003	1244	506	1184	522	62.10	0	-1.56	-4.75	500.00	0.00
1	454	131192044	1244	506	1207	522	40.31	0	-1.57	-4.75	500.00	0.00
1	455	131192084	1244	505	1225	522	25.50	0	-1.57	-4.75	500.00	0.00
1	456	131192124	1244	505	1248	522	17.46	0	-1.57	-4.75	500.00	0.00
1	457	131192166	1244	505	1266	522	27.80	0	-1.57	-4.75	500.00	0.00
1	458	131192207	1244	505	1289	522	48.10	0	-1.58	-4.74	500.00	0.00
1	459	131192247	1244	505	1307	522	65.25	0	-1.58	-4.74	0.00	0.00
1	460	131192288	1244	504	1307	522	65.52	0	-1.58	-4.74	0.00	0.00
1	461	131192329	1244	504	1307	522	65.52	0	-1.59	-4.74	-500.00	0.00
1	462	131192370	1244	504	1283	522	42.95	0	-1.59	-4.74	-500.00	0.00
1	463	131192411	1244	504	1266	522	28.43	0	-1.59	-4.74	-500.00	500.00
1	464	131192451	1244	504	1242	546	42.05	0	-1.60	-4.74	-500.00	500.00
1	465	131192492	1244	503	1225	563	62.94	0	-1.60	-4.74	-500.00	500.00
1	466	131192532	1244	503	1201	587	94.37	0	-1.60	-4.74	0.00	0.00
1	467	131192573	1244	503	1201	587	94.37	0	-1.61	-4.73	0.00	0.00
1	468	131192614	1244	503	1201	587	94.37	0	-1.61	-4.73	0.00	0.00
1	469	131192655	1243	503	1201	587	93.91	0	-1.61	-4.73	0.00	0.00
1	470	131192696	1243	502	1201	587	94.81	0	-1.62	-4.73	0.00	-500.00
1	471	131192736	1243	502	1201	569	79.08	0	-1.62	-4.73	0.00	-500.00
1	472	131192777	1243	502	1201	547	61.55	0	-1.62	-4.73	0.00	-500.00
1	473	131192818	1243	502	1201	528	49.40	0	-1.63	-4.73	0.00	-500.00
1	474	131192858	1243	502	1201	505	42.11	0	-1.63	-4.73	0.00	-500.00
1	475	131192899	1243	502	1201	487	44.60	0	-1.63	-4.73	500.00	-500.00
1	476	131192940	1243	501	1225	464	41.15	0	-1.64	-4.72	0.00	0.00
1	477	131192980	1243	501	1225	464	41.15	0	-1.64	-4.72	0.00	0.00
1	478	131193021	1243	501	1225	464	41.15	0	-1.64	-4.72	0.00	0.00
1	479	131193062	1243	501	1225	464	41.15	0	-1.65	-4.72	0.00	0.00
1	480	131193103	1243	501	1225	464	41.15	0	-1.65	-4.72	0.00	0.00
1	481	131193144	1243	500	1225	464	40.25	0	-1.65	-4.72	0.00	0.00
1	482	131193185	1243	500	1225	464	40.25	0	-1.66	-4.72	0.00	0.00
1	483	131193226	1243	500	1225	464	40.25	0	-1.66	-4.72	0.00	0.00
1	484	131193266	1242	500	1225	464	39.81	0	-1.66	-4.72	0.00	0.00
1	485	131193307	1242	500	1225	464	39.81	0	-1.66	-4.71	0.00	0.00
1	486	131193348	1242	499	1225	464	38.91	0	-1.67	-4.71	0.00	500.00
1	487	131193389	1242	499	1225	482	24.04	0	-1.67	-4.71	0.00	500.00
1	488	131193429	1242	499	1225	506	18.38	0	-1.67	-4.71	0.00	500.00
1	489	131193470	1242	499	1225	523	29.41	0	-1.68	-4.71	0.00	500.00
1	490	131193511	1242	499	1225	547	50.92	0	-1.68	-4.71	0.00	0.00
1	491	131193552	1242	498	1225	547	51.87	0	-1.68	-4.71	0.00	0.00
1	492	131193592	1242	498	1225	547	51.87	0	-1.69	-4.71	0.00	0.00
1	493	131193633	1242	498	1225	547	51.87	0	-1.69	-4.71	0.00	0.00
1	494	131193674	1242	498	1225	547	51.87	0	-1.69	-4.70	0.00	0.00
1	495	131193715	1242	498	1225	547	51.87	0	-1.70	-4.70	0.00	-500.00
1	496	131193755	1242	497	1225	523	31.06	0	-1.70	-4.70	0.00	-500.00
1	497	131193796	1242	497	1225	506	19.24	0	-1.70	-4.70	0.00	-500.00
1	498	131193836	1241	497	1225	482	21.93	0	-1.71	-4.70	0.00	-500.00
1	499	131193877	1241	497	1225	465	35.78	0	-1.71	-4.70	0.00	0.00
1	500	131193917	1241	497	1225	465	35.78	0	-1.71	-4.70	0.00	0.00
1	501	131193958	1241	497	1225	465	35.78	0	-1.72	-4.70	0.00	0.00
1	502	131193999	1241	496	1225	465	34.89	0	-1.72	-4.69	0.00	0.00
1	503	131194040	1241	496	1225	465	34.89	0	-1.72	-4.69	0.00	0.00
1	504	131194081	1241	496	1225	465	34.89	0	-1.73	-4.69	0.00	0.00
1	505	131194122	1241	496	1225	465	34.89	0	-1.73	-4.69	0.00	0.00
1	506	131194163	1241	496	1225	465	34.89	0	-1.73	-4.69	0.00	0.00
1	507	131194204	1241	495	1225	465	34.00	0	-1.74	-4.69	0.00	0.00
1	508	131194244	1241	495	1225	465	34.00	0	-1.74	-4.69	0.00	-500.00
1	509	131194285	1241	495	1225	447	50.60	0	-1.74	-4.69	0.00	-500.00
1	510	131194326	1241	495	1225	424	72.78	0	-1.75	-4.69	0.00	-500.00
1	511	131194366	1241	495	1225	406	90.43	0	-1.75	-4.68	0.00	-500.00
1	512	131194407	1240	494	1225	382	113.00	0	-1.75	-4.68	0.00	0.00
1	513	131194448	1240	494	1225	382	113.00	0	-1.75	-4.68	0.00	0.00
1	514	131194488	1240	494	1225	382	113.00	0	-1.76	-4.68	0.00	0.00
1	515	131194529	1240	494	1225	382	113.00	0	-1.76	-4.68	0.00	0.00
1	516	131194570	1240	494	1225	382	113.00	0	-1.76	-4.68	0.00	500.00
1	517	131194611	1240	493	1225	400	94.20	0	-1.77	-4.68	0.00	500.00
1	518	131194652	1240	493	1225	424	70.61	0	-1.77	-4.68	0.00	500.00
1	519	131194693	1240	493	1225	441	54.12	0	-1.77	-4.67	0.00	500.00
1	520	131194734	1240	493	1225	465	31.76	0	-1.78	-4.67	500.00	500.00
1	521	131194775	1240	493	1242	482	11.18	0	-1.78	-4.67	0.00	0.00
1	522	131194815	1240	492	1242	482	10.20	0	-1.78	-4.67	0.00	0.00
1	523	131194855	1240	492	1242	482	10.20	0	-1.79	-4.67	0.00	0.00
1	524	131194896	1240	492	1242	482	10.20	0	-1.79	-4.67	0.00	0.00
1	525	131194936	1240	492	1242	482	10.20	0	-1.79	-4.67	0.00	-500.00
1	526	131194976	1239	492	1242	459	33.14	0	-1.80	-4.67	0.00	-500.00
1	527	131195017	1239	492	1242	441	51.09	0	-1.80	-4.66	0.00	-500.00
1	528	131195058	1239	491	1242	418	73.06	0	-1.80	-4.66	0.00	0.00
1	529	131195099	1239	491	1242	418	73.06	0	-1.81	-4.66	0.00	0.00
1	530	131195140	1239	491	1242	418	73.06	0	-1.81	-4.66	0.00	0.00
1	531	131195181	1239	491	1242	418	73.06	0	-1.81	-4.66	0.00	0.00
1	532	131195222	1239	491	1242	418	73.06	0	-1.82	-4.66	0.00	500.00
1	533	131195263	1239	490	1242	435	55.08	0	-1.82	-4.66	0.00	500.00
1	534	131195304	1239	490	1242	459	31.14	0	-1.82	-4.66	0.00	500.00
1	535	131195345	1239	490	1242	476	14.32	0	-1.82	-4.66	0.00	500.00
1	536	131195386	1239	490	1242	500	10.44	0	-1.83	-4.65	0.00	0.00
1	537	131195426	1239	490	1242	500	10.44	0	-1.83	-4.65	0.00	0.00
1	538	131195466	1239	489	1242	500	11.40	0	-1.83	-4.65	0.00	0.00
1	539	131195508	1239	489	1242	500	11.40	0	-1.84	-4.65	0.00	0.00
1	540	131195549	1238	489	1242	500	11.70	0	-1.84	-4.65	0.00	0.00
1	541	131195590	1238	489	1242	500	11.70	0	-1.84	-4.65	0.00	0.00
1	542	131195631	1238	489	1242	500	11.70	0	-1.85	-4.65	0.00	-500.00
1	543	131195672	1238	488	1242	482	7.21	1	-1.85	-4.64	0.00	-500.00
1	544	131195713	1238	488	1242	460	28.28	0	-1.85	-4.64	0.00	-500.00
1	545	131195754	1238	488	1242	442	46.17	0	-1.86	-4.64	0.00	-500.00
1	546	131195794	1238	488	1242	418	70.11	0	-1.86	-4.64	0.00	0.00
1	547	131195834	1238	488	1242	418	70.11	0	-1.86	-4.64	0.00	0.00
1	548	131195874	1238	487	1242	418	69.12	0	-1.87	-4.64	0.00	0.00
1	549	131195915	1238	487	1242	418	69.12	0	-1.87	-4.64	0.00	0.00
1	550	131195955	1238	487	1242	418	69.12	0	-1.87	-4.64	0.00	0.00
1	551	131195996	1238	487	1242	418	69.12	0	-1.88	-4.63	0.00	0.00
1	552	131196037	1237	487	1242	418	69.18	0	-1.88	-4.63	0.00	500.00
1	553	131196078	1237	487	1242	435	52.24	0	-1.88	-4.63	0.00	500.00
1	554	131196118	1237	486	1242	459	27.46	0	-1.89	-4.63	0.00	500.00
1	555	131196159	1237	486	1242	476	11.18	0	-1.89	-4.63	0.00	0.00
1	556	131196200	1237	486	1242	476	11.18	0	-1.89	-4.63	0.00	0.00
1	557	131196241	1237	486	1242	476	11.18	0	-1.89	-4.63	0.00	0.00
1	558	131196281	1237	486	1242	476	11.18	0	-1.90	-4.63	0.00	0.00
1	559	131196322	1237	485	1242	476	10.30	0	-1.90	-4.62	0.00	0.00
1	560	131196363	1237	485	1242	476	10.30	0	-1.90	-4.62	0.00	0.00
1	561	131196404	1237	485	1242	476	10.30	0	-1.91	-4.62	0.00	0.00
1	562	131196445	1237	485	1242	476	10.30	0	-1.91	-4.62	-500.00	0.00
1	563	131196486	1237	485	1225	476	15.00	0	-1.91	-4.62	-500.00	500.00
1	564	131196527	1237	484	1201	500	39.40	0	-1.92	-4.62	0.00	500.00
1	565	131196568	1236	484	1201	517	48.10	0	-1.92	-4.62	0.00	0.00
1	566	131196609	1236	484	1201	517	48.10	0	-1.92	-4.62	0.00	0.00
1	567	131196650	1236	484	1201	517	48.10	0	-1.93	-4.61	0.00	0.00
1	568	131196691	1236	484	1201	517	48.10	0	-1.93	-4.61	0.00	0.00
1	569	131196731	1236	484	1201	517	48.10	0	-1.93	-4.61	0.00	0.00
1	570	131196771	1236	483	1201	517	48.80	0	-1.94	-4.61	0.00	0.00
1	571	131196812	1236	483	1201	517	48.80	0	-1.94	-4.61	0.00	0.00
1	572	131196853	1236	483	1201	517	48.80	0	-1.94	-4.61	0.00	-500.00
1	573	131196894	1236	483	1201	500	38.91	0	-1.95	-4.61	0.00	-500.00
1	574	131196935	1236	483	1201	475	35.90	0	-1.95	-4.60	0.00	-500.00
1	575	131196976	1236	482	1201	458	42.44	0	-1.95	-4.60	0.00	0.00
1	576	131197017	1236	482	1201	458	42.44	0	-1.96	-4.60	0.00	0.00
1	577	131197058	1236	482	1201	458	42.44	0	-1.96	-4.60	0.00	0.00
1	578	131197099	1235	482	1201	458	41.62	0	-1.96	-4.60	0.00	0.00
1	579	131197140	1235	482	1201	458	41.62	0	-1.96	-4.60	0.00	0.00
1	580	131197181	1235	481	1201	458	41.05	0	-1.97	-4.60	0.00	0.00
1	581	131197222	1235	481	1201	458	41.05	0	-1.97	-4.60	0.00	0.00
1	582	131197263	1235	481	1201	458	41.05	0	-1.97	-4.59	0.00	0.00
1	583	131197303	1235	481	1201	458	41.05	0	-1.98	-4.59	0.00	0.00
1	584	131197344	1235	481	1201	458	41.05	0	-1.98	-4.59	0.00	0.00
1	585	131197385	1235	481	1201	458	41.05	0	-1.98	-4.59	0.00	0.00
1	586	131197426	1235	480	1201	458	40.50	0	-1.99	-4.59	0.00	0.00
1	587	131197466	1235	480	1201	458	40.50	0	-1.99	-4.59	0.00	0.00
1	588	131197507	1235	480	1201	458	40.50	0	-1.99	-4.59	0.00	-500.00
1	589	131197548	1235	480	1201	440	52.50	0	-2.00	-4.58	0.00	-500.00
1	590	131197589	1234	480	1201	417	71.12	0	-2.00	-4.58	0.00	-500.00
1	591	131197630	1234	479	1201	399	86.54	0	-2.00	-4.58	0.00	-500.00
1	592	131197670	1234	479	1201	376	108.16	0	-2.01	-4.58	0.00	0.00
1	593	131197710	1234	479	1201	376	108.16	0	-2.01	-4.58	0.00	0.00
1	594	131197751	1234	479	1201	376	108.16	0	-2.01	-4.58	0.00	0.00
1	595	131197792	1234	479	1201	376	108.16	0	-2.01	-4.58	0.00	0.00
1	596	131197832	1234	478	1201	376	107.21	0	-2.02	-4.57	0.00	0.00
1	597	131197872	1234	478	1201	376	107.21	0	-2.02	-4.57	0.00	0.00
1	598	131197913	1234	478	1201	376	107.21	0	-2.02	-4.57	0.00	500.00
1	599	131197953	1234	478	1201	393	91.18	0	-2.03	-4.57	0.00	500.00
1	600	131197994	1234	478	1201	417	69.35	0	-2.03	-4.57	0.00	500.00
1	601	131198035	1234	478	1201	434	55.00	0	-2.03	-4.57	0.00	500.00
1	602	131198075	1233	477	1201	458	37.22	0	-2.04	-4.57	0.00	0.00
1	603	131198116	1233	477	1201	458	37.22	0	-2.04	-4.57	0.00	0.00
1	604	131198157	1233	477	1201	458	37.22	0	-2.04	-4.56	0.00	0.00
1	605	131198198	1233	477	1201	458	37.22	0	-2.05	-4.56	0.00	0.00
1	606	131198239	1233	477	1201	458	37.22	0	-2.05	-4.56	0.00	0.00
1	607	131198280	1233	476	1201	458	36.72	0	-2.05	-4.56	0.00	0.00
1	608	131198320	1233	476	1201	458	36.72	0	-2.06	-4.56	0.00	0.00
1	609	131198361	1233	476	1201	458	36.72	0	-2.06	-4.56	0.00	0.00
1	610	131198402	1233	476	1201	458	36.72	0	-2.06	-4.56	0.00	0.00
1	611	131198443	1233	476	1201	458	36.72	0	-2.06	-4.55	0.00	0.00
1	612	131198483	1233	475	1201	458	36.24	0	-2.07	-4.55	0.00	0.00
1	613	131198524	1233	475	1201	458	36.24	0	-2.07	-4.55	0.00	0.00
1	614	131198564	1232	475	1201	458	35.36	0	-2.07	-4.55	0.00	0.00
1	615	131198605	1232	475	1201	458	35.36	0	-2.08	-4.55	0.00	0.00
1	616	131198646	1232	475	1201	458	35.36	0	-2.08	-4.55	0.00	500.00
1	617	131198686	1232	475	1201	475	31.00	0	-2.08	-4.55	0.00	500.00
1	618	131198726	1232	474	1201	498	39.20	0	-2.09	-4.54	0.00	500.00
1	619	131198767	1232	474	1201	516	52.20	0	-2.09	-4.54	0.00	0.00
1	620	131198807	1232	474	1201	516	52.20	0	-2.09	-4.54	0.00	0.00
1	621	131198848	1232	474	1201	516	52.20	0	-2.10	-4.54	0.00	0.00
1	622	131198889	1232	474	1201	516	52.20	0	-2.10	-4.54	0.00	0.00
1	623	131198930	1232	473	1201	516	53.01	0	-2.10	-4.54	0.00	0.00
1	624	131198971	1232	473	1201	516	53.01	0	-2.11	-4.54	500.00	0.00
1	625	131199011	1232	473	1219	516	44.92	0	-2.11	-4.53	500.00	0.00
1	626	131199052	1231	473	1242	516	44.38	0	-2.11	-4.53	500.00	-500.00
1	627	131199093	1231	473	1260	499	38.95	0	-2.11	-4.53	500.00	-500.00
1	628	131199134	1231	472	1283	475	52.09	0	-2.12	-4.53	500.00	-500.00
1	629	131199175	1231	472	1301	458	71.39	0	-2.12	-4.53	500.00	-500.00
1	630	131199217	1231	472	1324	434	100.46	0	-2.12	-4.53	0.00	0.00
1	631	131199257	1231	472	1324	434	100.46	0	-2.13	-4.53	0.00	0.00
1	632	131199297	1231	472	1324	434	100.46	0	-2.13	-4.52	0.00	0.00
1	633	131199338	1231	472	1324	434	100.46	0	-2.13	-4.52	0.00	0.00
1	634	131199379	1231	471	1324	434	100.09	0	-2.14	-4.52	-500.00	0.00
1	635	131199420	1231	471	1307	434	84.53	0	-2.14	-4.52	-500.00	0.00
1	636	131199461	1231	471	1283	434	63.82	0	-2.14	-4.52	-500.00	0.00
1	637	131199501	1230	471	1266	434	51.62	0	-2.14	-4.52	-500.00	0.00
1	638	131199542	1230	471	1242	434	38.90	0	-2.15	-4.51	-500.00	0.00
1	639	131199583	1230	470	1226	434	36.22	0	-2.15	-4.51	0.00	0.00
1	640	131199623	1230	470	1226	434	36.22	0	-2.15	-4.51	0.00	0.00
1	641	131199664	1230	470	1226	434	36.22	0	-2.16	-4.51	0.00	0.00
1	642	131199705	1230	470	1226	434	36.22	0	-2.16	-4.51	0.00	0.00
1	643	131199745	1230	470	1226	434	36.22	0	-2.16	-4.51	0.00	0.00
1	644	131199785	1230	469	1226	434	35.23	0	-2.17	-4.51	0.00	0.00
1	645	131199827	1230	469	1226	434	35.23	0	-2.17	-4.50	0.00	500.00
1	646	131199868	1230	469	1226	457	12.65	0	-2.17	-4.50	0.00	500.00
1	647	131199909	1230	469	1226	475	7.21	1	-2.18	-4.50	0.00	500.00
1	648	131199950	1230	469	1226	499	30.27	0	-2.18	-4.50	0.00	0.00
1	649	131199990	1229	469	1226	499	30.15	0	-2.18	-4.50	0.00	0.00
1	650	131200031	1229	468	1226	499	31.14	0	-2.19	-4.50	0.00	0.00
1	651	131200072	1229	468	1226	499	31.14	0	-2.19	-4.50	0.00	0.00
1	652	131200113	1229	468	1226	499	31.14	0	-2.19	-4.49	0.00	0.00
1	653	131200154	1229	468	1226	499	31.14	0	-2.19	-4.49	0.00	0.00
1	654	131200195	1229	468	1226	499	31.14	0	-2.20	-4.49	0.00	-500.00
1	655	131200235	1229	467	1226	481	14.32	0	-2.20	-4.49	0.00	-500.00
1	656	131200276	1229	467	1226	458	9.49	1	-2.20	-4.49	0.00	-500.00
1	657	131200317	1229	467	1226	440	27.17	0	-2.21	-4.49	0.00	-500.00
1	658	131200358	1229	467	1226	417	50.09	0	-2.21	-4.49	0.00	0.00
1	659	131200399	1229	467	1226	417	50.09	0	-2.21	-4.48	0.00	0.00
1	660	131200440	1228	467	1226	417	50.04	0	-2.22	-4.48	0.00	0.00
1	661	131200481	1228	466	1226	417	49.04	0	-2.22	-4.48	0.00	0.00
1	662	131200521	1228	466	1226	417	49.04	0	-2.22	-4.48	0.00	0.00
1	663	131200562	1228	466	1226	417	49.04	0	-2.22	-4.48	0.00	500.00
1	664	131200602	1228	466	1226	441	25.08	0	-2.23	-4.48	0.00	500.00
1	665	131200643	1228	466	1226	459	7.28	1	-2.23	-4.47	0.00	500.00
1	666	131200683	1228	465	1226	482	17.12	0	-2.23	-4.47	0.00	500.00
1	667	131200723	1228	465	1226	499	34.06	0	-2.24	-4.47	0.00	500.00
1	668	131200764	1228	465	1226	523	58.03	0	-2.24	-4.47	0.00	0.00
1	669	131200806	1228	465	1226	523	58.03	0	-2.24	-4.47	0.00	0.00
1	670	131200846	1228	465	1226	523	58.03	0	-2.25	-4.47	0.00	0.00
1	671	131200887	1227	465	1226	523	58.01	0	-2.25	-4.47	0.00	0.00
1	672	131200927	1227	464	1226	523	59.01	0	-2.25	-4.46	0.00	0.00
1	673	131200968	1227	464	1226	523	59.01	0	-2.26	-4.46	0.00	-500.00
1	674	131201008	1227	464	1226	500	36.01	0	-2.26	-4.46	0.00	-500.00
1	675	131201049	1227	464	1226	482	18.03	0	-2.26	-4.46	0.00	-500.00
1	676	131201090	1227	464	1226	459	5.10	1	-2.26	-4.46	0.00	0.00
1	677	131201131	1227	463	1226	459	4.12	1	-2.27	-4.46	0.00	0.00
1	678	131201172	1227	463	1226	459	4.12	1	-2.27	-4.45	0.00	0.00
1	679	131201212	1227	463	1226	459	4.12	1	-2.27	-4.45	0.00	0.00
1	680	131201252	1227	463	1226	459	4.12	1	-2.28	-4.45	0.00	0.00
1	681	131201293	1227	463	1226	459	4.12	1	-2.28	-4.45	0.00	0.00
1	682	131201334	1226	463	1226	459	4.00	1	-2.28	-4.45	0.00	-500.00
1	683	131201374	1226	462	1226	440	22.00	0	-2.29	-4.45	0.00	-500.00
1	684	131201415	1226	462	1226	417	45.00	0	-2.29	-4.45	0.00	0.00
1	685	131201455	1226	462	1226	417	45.00	0	-2.29	-4.44	0.00	0.00
1	686	131201496	1226	462	1226	417	45.00	0	-2.30	-4.44	0.00	0.00
1	687	131201537	1226	462	1226	417	45.00	0	-2.30	-4.44	0.00	0.00
1	688	131201578	1226	461	1226	417	44.00	0	-2.30	-4.44	0.00	500.00
1	689	131201619	1226	461	1226	434	27.00	0	-2.30	-4.44	0.00	500.00
1	690	131201659	1226	461	1226	458	3.00	1	-2.31	-4.44	0.00	500.00
1	691	131201699	1226	461	1226	475	14.00	0	-2.31	-4.43	0.00	500.00
1	692	131201740	1225	461	1226	498	37.01	0	-2.31	-4.43	0.00	0.00
1	693	131201781	1225	461	1226	498	37.01	0	-2.32	-4.43	0.00	0.00
1	694	131201821	1225	460	1226	498	38.01	0	-2.32	-4.43	0.00	0.00
1	695	131201862	1225	460	1226	498	38.01	0	-2.32	-4.43	0.00	0.00
1	696	131201902	1225	460	1226	498	38.01	0	-2.33	-4.43	0.00	0.00
1	697	131201943	1225	460	1226	498	38.01	0	-2.33	-4.42	0.00	-500.00
1	698	131201984	1225	460	1226	473	13.04	0	-2.33	-4.42	0.00	-500.00
1	699	131202025	1225	459	1226	456	3.16	1	-2.33	-4.42	0.00	-500.00
1	700	131202065	1225	459	1226	432	27.02	0	-2.34	-4.42	0.00	0.00
1	701	131202106	1225	459	1226	432	27.02	0	-2.34	-4.42	0.00	0.00
1	702	131202147	1224	459	1226	432	27.07	0	-2.34	-4.42	0.00	0.00
1	703	131202187	1224	459	1226	432	27.07	0	-2.35	-4.42	0.00	0.00
1	704	131202228	1224	459	1226	432	27.07	0	-2.35	-4.41	0.00	0.00
1	705	131202268	1224	458	1226	432	26.08	0	-2.35	-4.41	0.00	500.00
1	706	131202309	1224	458	1226	456	2.83	1	-2.36	-4.41	0.00	500.00
1	707	131202350	1224	458	1226	473	15.13	0	-2.36	-4.41	0.00	500.00
1	708	131202391	1224	458	1226	496	38.05	0	-2.36	-4.41	0.00	500.00
1	709	131202432	1224	458	1226	514	56.04	0	-2.36	-4.41	0.00	0.00
1	710	131202473	1224	457	1226	514	57.04	0	-2.37	-4.40	0.00	0.00
1	711	131202514	1224	457	1226	514	57.04	0	-2.37	-4.40	0.00	0.00
1	712	131202554	1224	457	1226	514	57.04	0	-2.37	-4.40	0.00	0.00
1	713	131202595	1223	457	1226	514	57.08	0	-2.38	-4.40	0.00	0.00
1	714	131202636	1223	457	1226	514	57.08	0	-2.38	-4.40	0.00	0.00
1	715	131202677	1223	457	1226	514	57.08	0	-2.38	-4.40	0.00	-500.00
1	716	131202718	1223	456	1226	491	35.13	0	-2.39	-4.39	0.00	-500.00
1	717	131202759	1223	456	1226	472	16.28	0	-2.39	-4.39	0.00	-500.00
1	718	131202800	1223	456	1226	449	7.62	1	-2.39	-4.39	0.00	0.00
1	719	131202841	1223	456	1226	449	7.62	1	-2.39	-4.39	0.00	0.00
1	720	131202882	1223	456	1226	449	7.62	1	-2.40	-4.39	0.00	0.00
1	721	131202922	1223	455	1226	449	6.71	1	-2.40	-4.39	0.00	0.00
1	722	131202963	1223	455	1226	449	6.71	1	-2.40	-4.38	0.00	0.00
1	723	131203004	1222	455	1226	449	7.21	1	-2.41	-4.38	0.00	0.00
1	724	131203044	1222	455	1226	449	7.21	1	-2.41	-4.38	0.00	0.00
1	725	131203085	1222	455	1226	449	7.21	1	-2.41	-4.38	0.00	0.00
1	726	131203125	1222	455	1226	449	7.21	1	-2.42	-4.38	0.00	0.00
1	727	131203166	1222	454	1226	449	6.40	1	-2.42	-4.38	0.00	0.00
1	728	131203206	1222	454	1226	449	6.40	1	-2.42	-4.37	0.00	0.00
1	729	131203246	1222	454	1226	449	6.40	1	-2.42	-4.37	0.00	0.00
1	730	131203287	1222	454	1226	449	6.40	1	-2.43	-4.37	0.00	0.00
1	731	131203328	1222	454	1226	449	6.40	1	-2.43	-4.37	0.00	0.00
1	732	131203369	1222	453	1226	449	5.66	1	-2.43	-4.37	0.00	500.00
1	733	131203409	1221	453	1226	466	13.93	0	-2.44	-4.37	0.00	500.00
1	734	131203450	1221	453	1226	490	37.34	0	-2.44	-4.36	0.00	500.00
1	735	131203490	1221	453	1226	507	54.23	0	-2.44	-4.36	0.00	0.00
1	736	131203530	1221	453	1226	507	54.23	0	-2.45	-4.36	0.00	0.00
1	737	131203571	1221	453	1226	507	54.23	0	-2.45	-4.36	0.00	0.00
1	738	131203612	1221	452	1226	507	55.23	0	-2.45	-4.36	0.00	0.00
1	739	131203652	1221	452	1226	507	55.23	0	-2.45	-4.36	0.00	0.00
1	740	131203693	1221	452	1226	507	55.23	0	-2.46	-4.35	0.00	0.00
1	741	131203734	1221	452	1226	507	55.23	0	-2.46	-4.35	0.00	0.00
1	742	131203775	1221	452	1226	507	55.23	0	-2.46	-4.35	0.00	-500.00
1	743	131203815	1220	452	1226	488	36.50	0	-2.47	-4.35	0.00	-500.00
1	744	131203856	1220	451	1226	465	15.23	0	-2.47	-4.35	0.00	-500.00
1	745	131203897	1220	451	1226	447	7.21	1	-2.47	-4.35	0.00	0.00
1	746	131203938	1220	451	1226	447	7.21	1	-2.48	-4.34	0.00	0.00
1	747	131203979	1220	451	1226	447	7.21	1	-2.48	-4.34	0.00	0.00
1	748	131204020	1220	451	1226	447	7.21	1	-2.48	-4.34	0.00	0.00
1	749	131204061	1220	450	1226	447	6.71	1	-2.48	-4.34	0.00	0.00
1	750	131204101	1220	450	1226	447	6.71	1	-2.49	-4.34	0.00	0.00
1	751	131204142	1220	450	1226	447	6.71	1	-2.49	-4.34	0.00	0.00
1	752	131204183	1220	450	1226	447	6.71	1	-2.49	-4.33	0.00	0.00
1	753	131204223	1219	450	1226	447	7.62	1	-2.50	-4.33	0.00	0.00
1	754	131204264	1219	450	1226	447	7.62	1	-2.50	-4.33	0.00	0.00
1	755	131204304	1219	449	1226	447	7.28	1	-2.50	-4.33	0.00	0.00
1	756	131204345	1219	449	1226	447	7.28	1	-2.51	-4.33	0.00	0.00
1	757	131204385	1219	449	1226	447	7.28	1	-2.51	-4.33	0.00	0.00
1	758	131204426	1219	449	1226	447	7.28	1	-2.51	-4.32	0.00	0.00
1	759	131204466	1219	449	1226	447	7.28	1	-2.51	-4.32	0.00	0.00
1	760	131204507	1219	448	1226	447	7.07	1	-2.52	-4.32	0.00	0.00
1	761	131204548	1219	448	1226	447	7.07	1	-2.52	-4.32	0.00	0.00
1	762	131204589	1219	448	1226	447	7.07	1	-2.52	-4.32	0.00	0.00
1	763	131204630	1218	448	1226	447	8.06	1	-2.53	-4.32	0.00	0.00
1	764	131204671	1218	448	1226	447	8.06	1	-2.53	-4.31	0.00	0.00
1	765	131204712	1218	448	1226	447	8.06	1	-2.53	-4.31	0.00	0.00
1	766	131204752	1218	447	1226	447	8.00	1	-2.53	-4.31	0.00	0.00
1	767	131204792	1218	447	1226	447	8.00	1	-2.54	-4.31	0.00	0.00
1	768	131204833	1218	447	1226	447	8.00	1	-2.54	-4.31	0.00	0.00
1	769	131204873	1218	447	1226	447	8.00	1	-2.54	-4.30	0.00	0.00
1	770	131204914	1218	447	1226	447	8.00	1	-2.55	-4.30	0.00	0.00
1	771	131204955	1218	447	1226	447	8.00	1	-2.55	-4.30	0.00	0.00
1	772	131204996	1217	446	1226	447	9.06	1	-2.55	-4.30	-500.00	0.00
1	773	131205037	1217	446	1209	447	8.06	1	-2.55	-4.30	-500.00	0.00
1	774	131205077	1217	446	1185	447	32.02	0	-2.56	-4.30	-500.00	0.00
1	775	131205118	1217	446	1167	447	50.01	0	-2.56	-4.29	-500.00	0.00
1	776	131205159	1217	446	1144	447	73.01	0	-2.56	-4.29	0.00	0.00
1	777	131205200	1217	446	1144	447	73.01	0	-2.57	-4.29	0.00	0.00
1	778	131205240	1217	445	1144	447	73.03	0	-2.57	-4.29	0.00	0.00
1	779	131205281	1217	445	1144	447	73.03	0	-2.57	-4.29	0.00	0.00
1	780	131205322	1217	445	1144	447	73.03	0	-2.58	-4.29	0.00	0.00
1	781	131205363	1217	445	1144	447	73.03	0	-2.58	-4.28	500.00	0.00
1	782	131205403	1216	445	1168	447	48.04	0	-2.58	-4.28	500.00	0.00
1	783	131205444	1216	444	1186	447	30.15	0	-2.58	-4.28	500.00	0.00
1	784	131205484	1216	444	1208	447	8.54	1	-2.59	-4.28	500.00	0.00
1	785	131205525	1216	444	1227	447	11.40	0	-2.59	-4.28	500.00	0.00
1	786	131205565	1216	444	1250	447	34.13	0	-2.59	-4.27	0.00	0.00
1	787	131205606	1216	444	1250	447	34.13	0	-2.60	-4.27	0.00	0.00
1	788	131205646	1216	444	1250	447	34.13	0	-2.60	-4.27	0.00	0.00
1	789	131205687	1216	443	1250	447	34.23	0	-2.60	-4.27	0.00	0.00
1	790	131205727	1216	443	1250	447	34.23	0	-2.61	-4.27	0.00	0.00
1	791	131205768	1215	443	1250	447	35.23	0	-2.61	-4.27	-500.00	0.00
1	792	131205809	1215	443	1226	447	11.70	0	-2.61	-4.26	-500.00	0.00
1	793	131205849	1215	443	1209	447	7.21	1	-2.61	-4.26	-500.00	0.00
1	794	131205890	1215	442	1185	447	30.41	0	-2.62	-4.26	-500.00	0.00
1	795	131205930	1215	442	1167	447	48.26	0	-2.62	-4.26	0.00	0.00
1	796	131205971	1215	442	1167	447	48.26	0	-2.62	-4.26	0.00	0.00
1	797	131206012	1215	442	1167	447	48.26	0	-2.63	-4.26	0.00	0.00
1	798	131206053	1215	442	1167	447	48.26	0	-2.63	-4.25	0.00	0.00
1	799	131206094	1215	442	1167	447	48.26	0	-2.63	-4.25	0.00	0.00
1	800	131206134	1214	441	1167	447	47.38	0	-2.63	-4.25	500.00	0.00
1	801	131206175	1214	441	1185	447	29.61	0	-2.64	-4.25	500.00	0.00
1	802	131206216	1214	441	1208	447	8.49	1	-2.64	-4.25	500.00	0.00
1	803	131206256	1214	441	1227	447	14.32	0	-2.64	-4.24	500.00	0.00
1	804	131206297	1214	441	1249	447	35.51	0	-2.65	-4.24	500.00	0.00
1	805	131206338	1214	441	1268	447	54.33	0	-2.65	-4.24	500.00	0.00
1	806	131206378	1214	440	1291	447	77.32	0	-2.65	-4.24	500.00	0.00
1	807	131206419	1214	440	1309	447	95.26	0	-2.65	-4.24	0.00	0.00
1	808	131206460	1214	440	1309	447	95.26	0	-2.66	-4.24	0.00	0.00
1	809	131206500	1214	440	1309	447	95.26	0	-2.66	-4.23	0.00	0.00
1	810	131206541	1213	440	1309	447	96.25	0	-2.66	-4.23	-500.00	0.00
1	811	131206582	1213	440	1290	447	77.32	0	-2.67	-4.23	-500.00	0.00
1	812	131206623	1213	439	1267	447	54.59	0	-2.67	-4.23	-500.00	0.00
1	813	131206663	1213	439	1250	447	37.85	0	-2.67	-4.23	-500.00	0.00
1	814	131206703	1213	439	1227	447	16.12	0	-2.67	-4.22	0.00	0.00
1	815	131206744	1213	439	1227	447	16.12	0	-2.68	-4.22	0.00	0.00
1	816	131206785	1213	439	1227	447	16.12	0	-2.68	-4.22	0.00	0.00
1	817	131206825	1213	439	1227	447	16.12	0	-2.68	-4.22	0.00	0.00
1	818	131206866	1213	438	1227	447	16.64	0	-2.69	-4.22	0.00	0.00
1	819	131206906	1212	438	1227	447	17.49	0	-2.69	-4.22	0.00	0.00
1	820	131206947	1212	438	1227	447	17.49	0	-2.69	-4.21	0.00	0.00
1	821	131206987	1212	438	1227	447	17.49	0	-2.69	-4.21	0.00	0.00
1	822	131207028	1212	438	1227	447	17.49	0	-2.70	-4.21	0.00	0.00
1	823	131207069	1212	437	1227	447	18.03	0	-2.70	-4.21	0.00	0.00
1	824	131207110	1212	437	1227	447	18.03	0	-2.70	-4.21	0.00	0.00
1	825	131207151	1212	437	1227	447	18.03	0	-2.71	-4.20	0.00	0.00
1	826	131207191	1212	437	1227	447	18.03	0	-2.71	-4.20	0.00	0.00
1	827	131207232	1212	437	1227	447	18.03	0	-2.71	-4.20	-500.00	-500.00
1	828	131207273	1211	437	1203	424	15.26	0	-2.72	-4.20	-500.00	-500.00
1	829	131207314	1211	436	1186	406	39.05	0	-2.72	-4.20	0.00	-500.00
1	830	131207355	1211	436	1186	383	58.60	0	-2.72	-4.19	0.00	0.00
1	831	131207395	1211	436	1186	383	58.60	0	-2.72	-4.19	0.00	0.00
1	832	131207436	1211	436	1186	383	58.60	0	-2.73	-4.19	0.00	0.00
1	833	131207476	1211	436	1186	383	58.60	0	-2.73	-4.19	0.00	0.00
1	834	131207517	1211	436	1186	383	58.60	0	-2.73	-4.19	0.00	0.00
1	835	131207557	1211	435	1186	383	57.70	0	-2.73	-4.19	0.00	500.00
1	836	131207598	1211	435	1186	407	37.54	0	-2.74	-4.18	0.00	500.00
1	837	131207638	1210	435	1186	423	26.83	0	-2.74	-4.18	0.00	500.00
1	838	131207679	1210	435	1186	448	27.29	0	-2.74	-4.18	0.00	500.00
1	839	131207720	1210	435	1186	465	38.42	0	-2.75	-4.18	0.00	0.00
1	840	131207761	1210	435	1186	465	38.42	0	-2.75	-4.18	0.00	0.00
1	841	131207802	1210	434	1186	465	39.20	0	-2.75	-4.17	0.00	0.00
1	842	131207843	1210	434	1186	465	39.20	0	-2.76	-4.17	0.00	0.00
1	843	131207883	1210	434	1186	465	39.20	0	-2.76	-4.17	0.00	0.00
1	844	131207923	1210	434	1186	465	39.20	0	-2.76	-4.17	0.00	-500.00
1	845	131207964	1210	434	1186	448	27.78	0	-2.76	-4.17	0.00	-500.00
1	846	131208005	1209	434	1186	424	25.08	0	-2.77	-4.16	0.00	-500.00
1	847	131208046	1209	433	1186	407	34.71	0	-2.77	-4.16	0.00	-500.00
1	848	131208087	1209	433	1186	383	55.04	0	-2.77	-4.16	0.00	0.00
1	849	131208128	1209	433	1186	383	55.04	0	-2.77	-4.16	0.00	0.00
1	850	131208168	1209	433	1186	383	55.04	0	-2.78	-4.16	0.00	0.00
1	851	131208209	1209	433	1186	383	55.04	0	-2.78	-4.16	0.00	0.00
1	852	131208250	1209	432	1186	383	54.13	0	-2.78	-4.15	0.00	0.00
1	853	131208290	1209	432	1186	383	54.13	0	-2.79	-4.15	0.00	0.00
1	854	131208330	1208	432	1186	383	53.71	0	-2.79	-4.15	0.00	500.00
1	855	131208371	1208	432	1186	400	38.83	0	-2.79	-4.15	0.00	500.00
1	856	131208411	1208	432	1186	424	23.41	0	-2.79	-4.15	0.00	0.00
1	857	131208452	1208	432	1186	424	23.41	0	-2.80	-4.14	0.00	0.00
1	858	131208493	1208	431	1186	424	23.09	0	-2.80	-4.14	0.00	0.00
1	859	131208533	1208	431	1186	424	23.09	0	-2.80	-4.14	0.00	0.00
1	860	131208574	1208	431	1186	424	23.09	0	-2.81	-4.14	0.00	0.00
1	861	131208614	1208	431	1186	424	23.09	0	-2.81	-4.14	0.00	0.00
1	862	131208655	1208	431	1186	424	23.09	0	-2.81	-4.13	0.00	0.00
1	863	131208695	1207	431	1186	424	22.14	0	-2.81	-4.13	0.00	0.00
1	864	131208735	1207	430	1186	424	21.84	0	-2.82	-4.13	0.00	0.00
1	865	131208776	1207	430	1186	424	21.84	0	-2.82	-4.13	0.00	0.00
1	866	131208817	1207	430	1186	424	21.84	0	-2.82	-4.13	500.00	0.00
1	867	131208857	1207	430	1203	424	7.21	1	-2.83	-4.13	500.00	0.00
1	868	131208897	1207	430	1227	424	20.88	0	-2.83	-4.12	500.00	0.00
1	869	131208938	1207	430	1244	424	37.48	0	-2.83	-4.12	500.00	0.00
1	870	131208979	1207	429	1267	424	60.21	0	-2.83	-4.12	0.00	0.00
1	871	131209020	1207	429	1267	424	60.21	0	-2.84	-4.12	0.00	0.00
1	872	131209061	1206	429	1267	424	61.20	0	-2.84	-4.12	0.00	0.00
1	873	131209101	1206	429	1267	424	61.20	0	-2.84	-4.11	0.00	0.00
1	874	131209142	1206	429	1267	424	61.20	0	-2.85	-4.11	0.00	0.00
1	875	131209183	1206	429	1267	424	61.20	0	-2.85	-4.11	-500.00	0.00
1	876	131209223	1206	428	1243	424	37.22	0	-2.85	-4.11	-500.00	0.00
1	877	131209263	1206	428	1227	424	21.38	0	-2.85	-4.11	-500.00	0.00
1	878	131209304	1206	428	1202	424	5.66	1	-2.86	-4.10	0.00	0.00
1	879	131209345	1206	428	1202	424	5.66	1	-2.86	-4.10	0.00	0.00
1	880	131209385	1205	428	1202	424	5.00	1	-2.86	-4.10	0.00	0.00
1	881	131209425	1205	428	1202	424	5.00	1	-2.86	-4.10	0.00	0.00
1	882	131209466	1205	427	1202	424	4.24	1	-2.87	-4.10	0.00	0.00
1	883	131209507	1205	427	1202	424	4.24	1	-2.87	-4.09	0.00	0.00
1	884	131209548	1205	427	1202	424	4.24	1	-2.87	-4.09	0.00	0.00
1	885	131209588	1205	427	1202	424	4.24	1	-2.88	-4.09	0.00	0.00
1	886	131209628	1205	427	1202	424	4.24	1	-2.88	-4.09	0.00	0.00
1	887	131209669	1205	427	1202	424	4.24	1	-2.88	-4.09	0.00	0.00
1	888	131209710	1205	426	1202	424	3.61	1	-2.88	-4.08	0.00	0.00
1	889	131209750	1204	426	1202	424	2.83	1	-2.89	-4.08	0.00	0.00
1	890	131209790	1204	426	1202	424	2.83	1	-2.89	-4.08	0.00	0.00
1	891	131209831	1204	426	1202	424	2.83	1	-2.89	-4.08	0.00	0.00
1	892	131209871	1204	426	1202	424	2.83	1	-2.90	-4.08	0.00	0.00
1	893	131209911	1204	426	1202	424	2.83	1	-2.90	-4.07	0.00	0.00
1	894	131209952	1204	425	1202	424	2.24	1	-2.90	-4.07	-500.00	0.00
1	895	131209993	1204	425	1184	424	20.02	0	-2.90	-4.07	-500.00	0.00
1	896	131210034	1204	425	1160	424	44.01	0	-2.91	-4.07	0.00	0.00
1	897	131210074	1203	425	1160	424	43.01	0	-2.91	-4.07	0.00	0.00
1	898	131210115	1203	425	1160	424	43.01	0	-2.91	-4.06	0.00	0.00
1	899	131210156	1203	425	1160	424	43.01	0	-2.92	-4.06	0.00	0.00
1	900	131210196	1203	424	1160	424	43.00	0	-2.92	-4.06	0.00	0.00
1	901	131210237	1203	424	1160	424	43.00	0	-2.92	-4.06	0.00	0.00
1	902	131210277	1203	424	1160	424	43.00	0	-2.92	-4.06	0.00	0.00
1	903	131210318	1203	424	1160	424	43.00	0	-2.93	-4.05	0.00	0.00
1	904	131210359	1203	424	1160	424	43.00	0	-2.93	-4.05	0.00	0.00
1	905	131210400	1203	424	1160	424	43.00	0	-2.93	-4.05	500.00	0.00
1	906	131210440	1202	423	1184	424	18.03	0	-2.93	-4.05	500.00	0.00
1	907	131210480	1202	423	1201	424	1.41	1	-2.94	-4.05	500.00	0.00
1	908	131210521	1202	423	1225	424	23.02	0	-2.94	-4.04	0.00	0.00
1	909	131210562	1202	423	1225	424	23.02	0	-2.94	-4.04	0.00	0.00
1	910	131210603	1202	423	1225	424	23.02	0	-2.95	-4.04	0.00	0.00
1	911	131210644	1202	423	1225	424	23.02	0	-2.95	-4.04	0.00	0.00
1	912	131210684	1202	422	1225	424	23.09	0	-2.95	-4.04	0.00	0.00
1	913	131210725	1202	422	1225	424	23.09	0	-2.95	-4.03	0.00	0.00
1	914	131210766	1201	422	1225	424	24.08	0	-2.96	-4.03	0.00	0.00
1	915	131210806	1201	422	1225	424	24.08	0	-2.96	-4.03	0.00	0.00
1	916	131210846	1201	422	1225	424	24.08	0	-2.96	-4.03	0.00	0.00
1	917	131210887	1201	422	1225	424	24.08	0	-2.96	-4.03	0.00	0.00
1	918	131210927	1201	421	1225	424	24.19	0	-2.97	-4.02	0.00	0.00
1	919	131210968	1201	421	1225	424	24.19	0	-2.97	-4.02	0.00	0.00
1	920	131211008	1201	421	1225	424	24.19	0	-2.97	-4.02	0.00	0.00
1	921	131211049	1201	421	1225	424	24.19	0	-2.98	-4.02	0.00	0.00
1	922	131211089	1200	421	1225	424	25.18	0	-2.98	-4.02	0.00	0.00
1	923	131211130	1200	421	1225	424	25.18	0	-2.98	-4.01	0.00	0.00
1	924	131211171	1200	420	1225	424	25.32	0	-2.98	-4.01	-500.00	-500.00
1	925	131211211	1200	420	1207	407	14.76	0	-2.99	-4.01	-500.00	-500.00
1	926	131211252	1200	420	1185	384	39.00	0	-2.99	-4.01	-500.00	-500.00
1	927	131211293	1200	420	1166	366	63.81	0	-2.99	-4.01	0.00	0.00
1	928	131211334	1200	420	1166	366	63.81	0	-3.00	-4.00	0.00	0.00
1	929	131211374	1200	420	1166	366	63.81	0	-3.00	-4.00	0.00	0.00
1	930	131211415	1199	419	1166	366	62.43	0	-3.00	-4.00	0.00	0.00
1	931	131211455	1199	419	1166	366	62.43	0	-3.00	-4.00	0.00	0.00
1	932	131211496	1199	419	1166	366	62.43	0	-3.01	-4.00	0.00	0.00
1	933	131211537	1199	419	1166	366	62.43	0	-3.01	-3.99	0.00	500.00
1	934	131211577	1199	419	1166	388	45.28	0	-3.01	-3.99	0.00	500.00
1	935	131211618	1199	419	1166	407	35.11	0	-3.01	-3.99	500.00	500.00
1	936	131211658	1199	418	1190	430	15.00	0	-3.02	-3.99	0.00	0.00
1	937	131211698	1199	418	1190	430	15.00	0	-3.02	-3.99	0.00	0.00
1	938	131211740	1198	418	1190	430	14.42	0	-3.02	-3.98	0.00	0.00
1	939	131211780	1198	418	1190	430	14.42	0	-3.03	-3.98	0.00	0.00
1	940	131211821	1198	418	1190	430	14.42	0	-3.03	-3.98	0.00	0.00
1	941	131211861	1198	418	1190	430	14.42	0	-3.03	-3.98	0.00	0.00
1	942	131211901	1198	417	1190	430	15.26	0	-3.03	-3.97	0.00	0.00
1	943	131211942	1198	417	1190	430	15.26	0	-3.04	-3.97	500.00	-500.00
1	944	131211982	1198	417	1213	407	18.03	0	-3.04	-3.97	500.00	-500.00
1	945	131212023	1198	417	1232	388	44.69	0	-3.04	-3.97	500.00	-500.00
1	946	131212064	1197	417	1255	365	77.90	0	-3.04	-3.97	0.00	0.00
1	947	131212104	1197	417	1255	365	77.90	0	-3.05	-3.96	0.00	0.00
1	948	131212145	1197	417	1255	365	77.90	0	-3.05	-3.96	0.00	0.00
1	949	131212186	1197	416	1255	365	77.23	0	-3.05	-3.96	0.00	0.00
1	950	131212227	1197	416	1255	365	77.23	0	-3.06	-3.96	0.00	0.00
1	951	131212267	1197	416	1255	365	77.23	0	-3.06	-3.96	0.00	500.00
1	952	131212308	1197	416	1255	389	63.98	0	-3.06	-3.95	0.00	500.00
1	953	131212349	1197	416	1255	407	58.69	0	-3.06	-3.95	0.00	500.00
1	954	131212390	1196	416	1255	430	60.64	0	-3.07	-3.95	0.00	500.00
1	955	131212431	1196	415	1255	448	67.60	0	-3.07	-3.95	0.00	0.00
1	956	131212472	1196	415	1255	448	67.60	0	-3.07	-3.95	0.00	0.00
1	957	131212512	1196	415	1255	448	67.60	0	-3.07	-3.94	0.00	0.00
1	958	131212553	1196	415	1255	448	67.60	0	-3.08	-3.94	0.00	0.00
1	959	131212594	1196	415	1255	448	67.60	0	-3.08	-3.94	0.00	0.00
1	960	131212635	1196	415	1255	448	67.60	0	-3.08	-3.94	-500.00	-500.00
1	961	131212676	1196	414	1238	430	44.94	0	-3.08	-3.94	-500.00	-500.00
1	962	131212716	1195	414	1214	407	20.25	0	-3.09	-3.93	-500.00	-500.00
1	963	131212757	1195	414	1196	389	25.02	0	-3.09	-3.93	0.00	0.00
1	964	131212798	1195	414	1196	389	25.02	0	-3.09	-3.93	0.00	0.00
1	965	131212839	1195	414	1196	389	25.02	0	-3.10	-3.93	0.00	0.00
1	966	131212880	1195	414	1196	389	25.02	0	-3.10	-3.92	0.00	0.00
1	967	131212920	1195	413	1196	389	24.02	0	-3.10	-3.92	0.00	0.00
1	968	131212961	1195	413	1196	389	24.02	0	-3.10	-3.92	0.00	500.00
1	969	131213001	1195	413	1196	408	5.10	1	-3.11	-3.92	0.00	500.00
1	970	131213041	1194	413	1196	430	17.12	0	-3.11	-3.92	0.00	500.00
1	971	131213081	1194	413	1196	448	35.06	0	-3.11	-3.91	0.00	0.00
1	972	131213122	1194	413	1196	448	35.06	0	-3.11	-3.91	0.00	0.00
1	973	131213162	1194	412	1196	448	36.06	0	-3.12	-3.91	0.00	0.00
1	974	131213203	1194	412	1196	448	36.06	0	-3.12	-3.91	0.00	0.00
1	975	131213244	1194	412	1196	448	36.06	0	-3.12	-3.91	0.00	0.00
1	976	131213285	1194	412	1196	448	36.06	0	-3.13	-3.90	0.00	-500.00
1	977	131213326	1194	412	1196	430	18.11	0	-3.13	-3.90	-500.00	-500.00
1	978	131213366	1193	412	1172	406	21.84	0	-3.13	-3.90	0.00	-500.00
1	979	131213407	1193	412	1172	388	31.89	0	-3.13	-3.90	0.00	0.00
1	980	131213447	1193	411	1172	388	31.14	0	-3.14	-3.89	0.00	0.00
1	981	131213488	1193	411	1172	388	31.14	0	-3.14	-3.89	0.00	0.00
1	982	131213528	1193	411	1172	388	31.14	0	-3.14	-3.89	0.00	0.00
1	983	131213569	1193	411	1172	388	31.14	0	-3.14	-3.89	0.00	0.00
1	984	131213609	1193	411	1172	388	31.14	0	-3.15	-3.89	0.00	500.00
1	985	131213649	1193	411	1172	407	21.38	0	-3.15	-3.88	0.00	500.00
1	986	131213690	1192	410	1172	430	28.28	0	-3.15	-3.88	0.00	500.00
1	987	131213731	1192	410	1172	448	42.94	0	-3.15	-3.88	0.00	500.00
1	988	131213771	1192	410	1172	471	64.20	0	-3.16	-3.88	0.00	0.00
1	989	131213812	1192	410	1172	471	64.20	0	-3.16	-3.88	0.00	0.00
1	990	131213853	1192	410	1172	471	64.20	0	-3.16	-3.87	0.00	0.00
1	991	131213893	1192	410	1172	471	64.20	0	-3.16	-3.87	0.00	0.00
1	992	131213934	1192	409	1172	471	65.15	0	-3.17	-3.87	0.00	0.00
1	993	131213975	1191	409	1172	471	64.85	0	-3.17	-3.87	0.00	0.00
1	994	131214015	1191	409	1172	471	64.85	0	-3.17	-3.86	0.00	0.00
1	995	131214056	1191	409	1172	471	64.85	0	-3.18	-3.86	0.00	0.00
1	996	131214096	1191	409	1172	471	64.85	0	-3.18	-3.86	0.00	0.00
1	997	131214137	1191	409	1172	471	64.85	0	-3.18	-3.86	0.00	0.00
1	998	131214177	1191	408	1172	471	65.80	0	-3.18	-3.86	0.00	-500.00
1	999	131214218	1191	408	1172	453	48.85	0	-3.19	-3.85	0.00	-500.00
1	1000	131214258	1191	408	1172	429	28.32	0	-3.19	-3.85	0.00	-500.00
1	1001	131214298	1190	408	1172	412	18.44	0	-3.19	-3.85	0.00	-500.00
1	1002	131214339	1190	408	1172	389	26.17	0	-3.19	-3.85	0.00	0.00
1	1003	131214380	1190	408	1172	389	26.17	0	-3.20	-3.84	0.00	0.00
1	1004	131214421	1190	408	1172	389	26.17	0	-3.20	-3.84	0.00	0.00
1	1005	131214461	1190	407	1172	389	25.46	0	-3.20	-3.84	0.00	0.00
1	1006	131214502	1190	407	1172	389	25.46	0	-3.20	-3.84	0.00	0.00
1	1007	131214542	1190	407	1172	389	25.46	0	-3.21	-3.84	0.00	0.00
1	1008	131214583	1190	407	1172	389	25.46	0	-3.21	-3.83	0.00	0.00
1	1009	131214623	1189	407	1172	389	24.76	0	-3.21	-3.83	0.00	0.00
1	1010	131214664	1189	407	1172	389	24.76	0	-3.22	-3.83	0.00	0.00
1	1011	131214705	1189	406	1172	389	24.04	0	-3.22	-3.83	0.00	0.00
1	1012	131214745	1189	406	1172	389	24.04	0	-3.22	-3.82	0.00	0.00
1	1013	131214786	1189	406	1172	389	24.04	0	-3.22	-3.82	0.00	0.00
1	1014	131214826	1189	406	1172	389	24.04	0	-3.23	-3.82	0.00	0.00
1	1015	131214867	1189	406	1172	389	24.04	0	-3.23	-3.82	0.00	0.00
1	1016	131214907	1188	406	1172	389	23.35	0	-3.23	-3.82	0.00	0.00
1	1017	131214948	1188	406	1172	389	23.35	0	-3.23	-3.81	0.00	0.00
1	1018	131214988	1188	405	1172	389	22.63	0	-3.24	-3.81	0.00	-500.00
1	1019	131215029	1188	405	1172	372	36.67	0	-3.24	-3.81	0.00	-500.00
1	1020	131215069	1188	405	1172	348	59.20	0	-3.24	-3.81	0.00	-500.00
1	1021	131215110	1188	405	1172	331	75.71	0	-3.24	-3.81	0.00	-500.00
1	1022	131215151	1188	405	1172	307	99.30	0	-3.25	-3.80	0.00	0.00
1	1023	131215192	1188	405	1172	307	99.30	0	-3.25	-3.80	0.00	0.00
1	1024	131215232	1187	404	1172	307	98.15	0	-3.25	-3.80	0.00	0.00
1	1025	131215273	1187	404	1172	307	98.15	0	-3.25	-3.80	0.00	0.00
1	1026	131215313	1187	404	1172	307	98.15	0	-3.26	-3.79	0.00	500.00
1	1027	131215354	1187	404	1172	326	79.43	0	-3.26	-3.79	500.00	500.00
1	1028	131215395	1187	404	1195	348	56.57	0	-3.26	-3.79	0.00	500.00
1	1029	131215436	1187	404	1195	366	38.83	0	-3.26	-3.79	500.00	500.00
1	1030	131215477	1187	403	1218	389	34.01	0	-3.27	-3.79	0.00	0.00
1	1031	131215517	1186	403	1218	389	34.93	0	-3.27	-3.78	0.00	0.00
1	1032	131215558	1186	403	1218	389	34.93	0	-3.27	-3.78	0.00	0.00
1	1033	131215599	1186	403	1218	389	34.93	0	-3.27	-3.78	0.00	0.00
1	1034	131215639	1186	403	1218	389	34.93	0	-3.28	-3.78	0.00	0.00
1	1035	131215680	1186	403	1218	389	34.93	0	-3.28	-3.77	0.00	-500.00
1	1036	131215720	1186	403	1218	367	48.17	0	-3.28	-3.77	-500.00	-500.00
1	1037	131215761	1186	402	1199	348	55.54	0	-3.28	-3.77	-500.00	-500.00
1	1038	131215801	1186	402	1177	326	76.53	0	-3.29	-3.77	0.00	0.00
1	1039	131215842	1185	402	1177	326	76.42	0	-3.29	-3.77	0.00	0.00
1	1040	131215883	1185	402	1177	326	76.42	0	-3.29	-3.76	0.00	0.00
1	1041	131215923	1185	402	1177	326	76.42	0	-3.30	-3.76	0.00	0.00
1	1042	131215963	1185	402	1177	326	76.42	0	-3.30	-3.76	0.00	500.00
1	1043	131216004	1185	401	1177	343	58.55	0	-3.30	-3.76	0.00	500.00
1	1044	131216045	1185	401	1177	367	34.93	0	-3.30	-3.75	0.00	500.00
1	1045	131216086	1185	401	1177	384	18.79	0	-3.31	-3.75	0.00	500.00
1	1046	131216126	1184	401	1177	408	9.90	1	-3.31	-3.75	0.00	0.00
1	1047	131216167	1184	401	1177	408	9.90	1	-3.31	-3.75	0.00	0.00
1	1048	131216208	1184	401	1177	408	9.90	1	-3.31	-3.74	0.00	0.00
1	1049	131216248	1184	401	1177	408	9.90	1	-3.32	-3.74	0.00	0.00
1	1050	131216289	1184	400	1177	408	10.63	0	-3.32	-3.74	0.00	0.00
1	1051	131216330	1184	400	1177	408	10.63	0	-3.32	-3.74	0.00	-500.00
1	1052	131216371	1184	400	1177	385	16.55	0	-3.32	-3.74	0.00	-500.00
1	1053	131216411	1184	400	1177	368	32.76	0	-3.33	-3.73	0.00	-500.00
1	1054	131216451	1183	400	1177	343	57.31	0	-3.33	-3.73	0.00	0.00
1	1055	131216492	1183	400	1177	343	57.31	0	-3.33	-3.73	0.00	0.00
1	1056	131216533	1183	399	1177	343	56.32	0	-3.33	-3.73	0.00	0.00
1	1057	131216574	1183	399	1177	343	56.32	0	-3.34	-3.72	0.00	0.00
1	1058	131216615	1183	399	1177	343	56.32	0	-3.34	-3.72	0.00	0.00
1	1059	131216655	1183	399	1177	343	56.32	0	-3.34	-3.72	0.00	500.00
1	1060	131216696	1183	399	1177	366	33.54	0	-3.34	-3.72	0.00	500.00
1	1061	131216736	1182	399	1177	384	15.81	0	-3.35	-3.72	0.00	500.00
1	1062	131216777	1182	399	1177	408	10.30	0	-3.35	-3.71	0.00	-500.00
1	1063	131216817	1182	398	1177	391	8.60	1	-3.35	-3.71	0.00	0.00
1	1064	131216857	1182	398	1177	391	8.60	1	-3.35	-3.71	0.00	0.00
1	1065	131216898	1182	398	1177	391	8.60	1	-3.36	-3.71	0.00	0.00
1	1066	131216938	1182	398	1177	391	8.60	1	-3.36	-3.70	0.00	0.00
1	1067	131216979	1182	398	1177	391	8.60	1	-3.36	-3.70	0.00	-500.00
1	1068	131217020	1181	398	1177	368	30.27	0	-3.36	-3.70	-500.00	-500.00
1	1069	131217060	1181	398	1160	351	51.48	0	-3.37	-3.70	-500.00	-500.00
1	1070	131217101	1181	397	1136	327	83.22	0	-3.37	-3.69	0.00	0.00
1	1071	131217142	1181	397	1136	327	83.22	0	-3.37	-3.69	0.00	0.00
1	1072	131217182	1181	397	1136	327	83.22	0	-3.37	-3.69	0.00	0.00
1	1073	131217223	1181	397	1136	327	83.22	0	-3.38	-3.69	0.00	0.00
1	1074	131217264	1181	397	1136	327	83.22	0	-3.38	-3.68	0.00	500.00
1	1075	131217305	1180	397	1136	344	68.88	0	-3.38	-3.68	500.00	500.00
1	1076	131217345	1180	396	1159	368	35.00	0	-3.38	-3.68	500.00	500.00
1	1077	131217386	1180	396	1177	385	11.40	0	-3.39	-3.68	500.00	500.00
1	1078	131217426	1180	396	1200	409	23.85	0	-3.39	-3.68	0.00	0.00
1	1079	131217467	1180	396	1200	409	23.85	0	-3.39	-3.67	0.00	0.00
1	1080	131217507	1180	396	1200	409	23.85	0	-3.39	-3.67	0.00	0.00
1	1081	131217548	1180	396	1200	409	23.85	0	-3.40	-3.67	0.00	0.00
1	1082	131217588	1179	396	1200	409	24.70	0	-3.40	-3.67	0.00	0.00
1	1083	131217629	1179	395	1200	409	25.24	0	-3.40	-3.66	0.00	0.00
1	1084	131217670	1179	395	1200	409	25.24	0	-3.40	-3.66	500.00	-500.00
1	1085	131217710	1179	395	1218	391	39.20	0	-3.41	-3.66	500.00	-500.00
1	1086	131217751	1179	395	1241	368	67.62	0	-3.41	-3.66	0.00	0.00
1	1087	131217792	1179	395	1241	368	67.62	0	-3.41	-3.66	0.00	0.00
1	1088	131217833	1179	395	1241	368	67.62	0	-3.41	-3.65	0.00	0.00
1	1089	131217873	1179	394	1241	368	67.23	0	-3.42	-3.65	0.00	0.00
1	1090	131217914	1178	394	1241	368	68.15	0	-3.42	-3.65	0.00	0.00
1	1091	131217955	1178	394	1241	368	68.15	0	-3.42	-3.65	0.00	0.00
1	1092	131217996	1178	394	1241	368	68.15	0	-3.42	-3.64	0.00	0.00
1	1093	131218036	1178	394	1241	368	68.15	0	-3.43	-3.64	0.00	-500.00
1	1094	131218077	1178	394	1241	344	80.43	0	-3.43	-3.64	0.00	-500.00
1	1095	131218118	1178	394	1241	327	91.97	0	-3.43	-3.64	0.00	-500.00
1	1096	131218159	1178	393	1241	304	109.04	0	-3.43	-3.63	0.00	0.00
1	1097	131218199	1177	393	1241	304	109.62	0	-3.44	-3.63	0.00	0.00
1	1098	131218240	1177	393	1241	304	109.62	0	-3.44	-3.63	0.00	500.00
1	1099	131218281	1177	393	1241	322	95.59	0	-3.44	-3.63	0.00	500.00
1	1100	131218322	1177	393	1241	345	80.00	0	-3.44	-3.62	0.00	500.00
1	1101	131218362	1177	393	1241	362	71.11	0	-3.45	-3.62	0.00	500.00
1	1102	131218403	1177	393	1241	386	64.38	0	-3.45	-3.62	0.00	500.00
1	1103	131218444	1177	392	1241	404	65.12	0	-3.45	-3.62	0.00	0.00
1	1104	131218485	1176	392	1241	404	66.10	0	-3.45	-3.61	0.00	0.00
1	1105	131218525	1176	392	1241	404	66.10	0	-3.46	-3.61	0.00	0.00
1	1106	131218566	1176	392	1241	404	66.10	0	-3.46	-3.61	0.00	0.00
1	1107	131218607	1176	392	1241	404	66.10	0	-3.46	-3.61	0.00	-500.00
1	1108	131218648	1176	392	1241	380	66.10	0	-3.46	-3.61	0.00	-500.00
1	1109	131218689	1176	392	1241	362	71.59	0	-3.47	-3.60	0.00	-500.00
1	1110	131218729	1176	391	1241	339	83.24	0	-3.47	-3.60	0.00	0.00
1	1111	131218770	1175	391	1241	339	84.02	0	-3.47	-3.60	0.00	0.00
1	1112	131218811	1175	391	1241	339	84.02	0	-3.47	-3.60	0.00	500.00
1	1113	131218852	1175	391	1241	356	74.71	0	-3.48	-3.59	-500.00	500.00
1	1114	131218893	1175	391	1218	380	44.38	0	-3.48	-3.59	-500.00	500.00
1	1115	131218933	1175	391	1200	397	25.71	0	-3.48	-3.59	-500.00	500.00
1	1116	131218973	1175	390	1177	421	31.06	0	-3.48	-3.59	-500.00	500.00
1	1117	131219014	1175	390	1159	438	50.60	0	-3.49	-3.58	0.00	0.00
1	1118	131219054	1174	390	1159	438	50.29	0	-3.49	-3.58	0.00	0.00
1	1119	131219095	1174	390	1159	438	50.29	0	-3.49	-3.58	0.00	0.00
1	1120	131219136	1174	390	1159	438	50.29	0	-3.49	-3.58	-500.00	0.00
1	1121	131219176	1174	390	1141	438	58.25	0	-3.50	-3.57	-500.00	0.00
1	1122	131219217	1174	390	1117	438	74.52	0	-3.50	-3.57	-500.00	-500.00
1	1123	131219257	1174	389	1100	421	80.62	0	-3.50	-3.57	-500.00	-500.00
1	1124	131219298	1174	389	1076	397	98.33	0	-3.50	-3.57	0.00	0.00
1	1125	131219338	1173	389	1076	397	97.33	0	-3.51	-3.57	0.00	0.00
1	1126	131219379	1173	389	1076	397	97.33	0	-3.51	-3.56	0.00	0.00
1	1127	131219419	1173	389	1076	397	97.33	0	-3.51	-3.56	0.00	0.00
1	1128	131219460	1173	389	1076	397	97.33	0	-3.51	-3.56	0.00	0.00
1	1129	131219501	1173	389	1076	397	97.33	0	-3.52	-3.56	500.00	0.00
1	1130	131219542	1173	388	1100	397	73.55	0	-3.52	-3.55	500.00	500.00
1	1131	131219583	1173	388	1118	416	61.72	0	-3.52	-3.55	500.00	500.00
1	1132	131219624	1172	388	1142	439	59.17	0	-3.52	-3.55	500.00	0.00
1	1133	131219664	1172	388	1159	439	52.63	0	-3.52	-3.55	500.00	0.00
1	1134	131219705	1172	388	1183	439	52.17	0	-3.53	-3.54	0.00	0.00
1	1135	131219746	1172	388	1183	439	52.17	0	-3.53	-3.54	0.00	0.00
1	1136	131219786	1172	388	1183	439	52.17	0	-3.53	-3.54	0.00	0.00
1	1137	131219826	1172	387	1183	439	53.15	0	-3.53	-3.54	0.00	0.00
1	1138	131219867	1172	387	1183	439	53.15	0	-3.54	-3.53	-500.00	0.00
1	1139	131219907	1171	387	1166	439	52.24	0	-3.54	-3.53	-500.00	-500.00
1	1140	131219948	1171	387	1143	416	40.31	0	-3.54	-3.53	-500.00	-500.00
1	1141	131219988	1171	387	1124	397	48.05	0	-3.54	-3.53	0.00	0.00
1	1142	131220031	1171	387	1124	397	48.05	0	-3.55	-3.52	0.00	0.00
1	1143	131220071	1171	387	1124	397	48.05	0	-3.55	-3.52	0.00	0.00
1	1144	131220112	1171	386	1124	397	48.27	0	-3.55	-3.52	0.00	0.00
1	1145	131220153	1171	386	1124	397	48.27	0	-3.55	-3.52	0.00	0.00
1	1146	131220194	1170	386	1124	397	47.30	0	-3.56	-3.51	0.00	-500.00
1	1147	131220235	1170	386	1124	380	46.39	0	-3.56	-3.51	0.00	-500.00
1	1148	131220276	1170	386	1124	356	54.92	0	-3.56	-3.51	0.00	-500.00
1	1149	131220317	1170	386	1124	340	65.05	0	-3.56	-3.51	0.00	0.00
1	1150	131220358	1170	386	1124	340	65.05	0	-3.57	-3.50	0.00	0.00
1	1151	131220399	1170	385	1124	340	64.35	0	-3.57	-3.50	0.00	0.00
1	1152	131220440	1169	385	1124	340	63.64	0	-3.57	-3.50	0.00	0.00
1	1153	131220481	1169	385	1124	340	63.64	0	-3.57	-3.50	0.00	0.00
1	1154	131220521	1169	385	1124	340	63.64	0	-3.58	-3.49	0.00	0.00
1	1155	131220562	1169	385	1124	340	63.64	0	-3.58	-3.49	0.00	500.00
1	1156	131220603	1169	385	1124	363	50.09	0	-3.58	-3.49	0.00	500.00
1	1157	131220644	1169	385	1124	381	45.18	0	-3.58	-3.49	500.00	500.00
1	1158	131220685	1169	384	1148	404	29.00	0	-3.59	-3.48	0.00	0.00
1	1159	131220726	1168	384	1148	404	28.28	0	-3.59	-3.48	0.00	0.00
1	1160	131220767	1168	384	1148	404	28.28	0	-3.59	-3.48	0.00	0.00
1	1161	131220808	1168	384	1148	404	28.28	0	-3.59	-3.48	0.00	0.00
1	1162	131220849	1168	384	1148	404	28.28	0	-3.59	-3.48	0.00	0.00
1	1163	131220890	1168	384	1148	404	28.28	0	-3.60	-3.47	0.00	0.00
1	1164	131220931	1168	384	1148	404	28.28	0	-3.60	-3.47	0.00	0.00
1	1165	131220972	1168	383	1148	404	29.00	0	-3.60	-3.47	0.00	0.00
1	1166	131221013	1167	383	1148	404	28.32	0	-3.60	-3.47	0.00	0.00
1	1167	131221054	1167	383	1148	404	28.32	0	-3.61	-3.46	0.00	-500.00
1	1168	131221095	1167	383	1148	381	19.10	0	-3.61	-3.46	0.00	-500.00
1	1169	131221135	1167	383	1148	364	26.87	0	-3.61	-3.46	0.00	-500.00
1	1170	131221176	1167	383	1148	340	47.01	0	-3.61	-3.46	0.00	-500.00
1	1171	131221217	1167	383	1148	322	63.89	0	-3.62	-3.45	0.00	0.00
1	1172	131221258	1167	382	1148	322	62.94	0	-3.62	-3.45	0.00	0.00
1	1173	131221299	1166	382	1148	322	62.64	0	-3.62	-3.45	0.00	0.00
1	1174	131221339	1166	382	1148	322	62.64	0	-3.62	-3.45	0.00	0.00
1	1175	131221380	1166	382	1148	322	62.64	0	-3.63	-3.44	0.00	0.00
1	1176	131221420	1166	382	1148	322	62.64	0	-3.63	-3.44	0.00	0.00
1	1177	131221461	1166	382	1148	322	62.64	0	-3.63	-3.44	0.00	500.00
1	1178	131221502	1166	382	1148	345	41.15	0	-3.63	-3.44	-500.00	500.00
1	1179	131221543	1166	381	1130	363	40.25	0	-3.63	-3.43	0.00	500.00
1	1180	131221584	1165	381	1130	386	35.36	0	-3.64	-3.43	0.00	500.00
1	1181	131221625	1165	381	1130	404	41.88	0	-3.64	-3.43	0.00	500.00
1	1182	131221666	1165	381	1130	426	57.01	0	-3.64	-3.43	0.00	0.00
1	1183	131221707	1165	381	1130	426	57.01	0	-3.64	-3.42	0.00	0.00
1	1184	131221748	1165	381	1130	426	57.01	0	-3.65	-3.42	0.00	0.00
1	1185	131221789	1165	381	1130	426	57.01	0	-3.65	-3.42	0.00	-500.00
1	1186	131221830	1164	380	1130	403	41.05	0	-3.65	-3.42	0.00	-500.00
1	1187	131221871	1164	380	1130	386	34.53	0	-3.65	-3.41	0.00	0.00
1	1188	131221912	1164	380	1130	386	34.53	0	-3.66	-3.41	0.00	0.00
1	1189	131221952	1164	380	1130	386	34.53	0	-3.66	-3.41	0.00	0.00
1	1190	131221993	1164	380	1130	386	34.53	0	-3.66	-3.41	0.00	0.00
1	1191	131222034	1164	380	1130	386	34.53	0	-3.66	-3.40	0.00	0.00
1	1192	131222074	1164	380	1130	386	34.53	0	-3.67	-3.40	0.00	-500.00
1	1193	131222115	1163	379	1130	369	34.48	0	-3.67	-3.40	0.00	-500.00
1	1194	131222156	1163	379	1130	345	47.38	0	-3.67	-3.40	0.00	0.00
1	1195	131222197	1163	379	1130	345	47.38	0	-3.67	-3.39	0.00	0.00
1	1196	131222238	1163	379	1130	345	47.38	0	-3.67	-3.39	0.00	0.00
1	1197	131222279	1163	379	1130	345	47.38	0	-3.68	-3.39	0.00	0.00
1	1198	131222320	1163	379	1130	345	47.38	0	-3.68	-3.39	0.00	0.00
1	1199	131222361	1163	379	1130	345	47.38	0	-3.68	-3.38	0.00	-500.00
1	1200	131222402	1162	378	1130	322	64.50	0	-3.68	-3.38	0.00	-500.00
1	1201	131222443	1162	378	1130	304	80.62	0	-3.69	-3.38	0.00	-500.00
1	1202	131222484	1162	378	1130	281	102.14	0	-3.69	-3.38	0.00	0.00
1	1203	131222525	1162	378	1130	281	102.14	0	-3.69	-3.37	0.00	0.00
1	1204	131222566	1162	378	1130	281	102.14	0	-3.69	-3.37	0.00	0.00
1	1205	131222607	1162	378	1130	281	102.14	0	-3.70	-3.37	0.00	0.00
1	1206	131222648	1161	378	1130	281	101.83	0	-3.70	-3.37	0.00	500.00
1	1207	131222689	1161	378	1130	299	84.86	0	-3.70	-3.36	0.00	500.00
1	1208	131222730	1161	377	1130	322	63.13	0	-3.70	-3.36	0.00	500.00
1	1209	131222770	1161	377	1130	340	48.27	0	-3.70	-3.36	0.00	500.00
1	1210	131222811	1161	377	1130	363	34.01	0	-3.71	-3.36	0.00	0.00
1	1211	131222852	1161	377	1130	363	34.01	0	-3.71	-3.35	0.00	0.00
1	1212	131222893	1161	377	1130	363	34.01	0	-3.71	-3.35	0.00	0.00
1	1213	131222934	1160	377	1130	363	33.11	0	-3.71	-3.35	0.00	0.00
1	1214	131222975	1160	377	1130	363	33.11	0	-3.72	-3.35	0.00	0.00
1	1215	131223016	1160	376	1130	363	32.70	0	-3.72	-3.34	0.00	-500.00
1	1216	131223057	1160	376	1130	340	46.86	0	-3.72	-3.34	0.00	-500.00
1	1217	131223098	1160	376	1130	321	62.65	0	-3.72	-3.34	0.00	-500.00
1	1218	131223138	1160	376	1130	298	83.57	0	-3.73	-3.34	0.00	0.00
1	1219	131223179	1159	376	1130	298	83.22	0	-3.73	-3.33	0.00	0.00
1	1220	131223220	1159	376	1130	298	83.22	0	-3.73	-3.33	0.00	0.00
1	1221	131223261	1159	376	1130	298	83.22	0	-3.73	-3.33	0.00	0.00
1	1222	131223302	1159	375	1130	298	82.28	0	-3.73	-3.32	0.00	0.00
1	1223	131223343	1159	375	1130	298	82.28	0	-3.74	-3.32	0.00	0.00
1	1224	131223384	1159	375	1130	298	82.28	0	-3.74	-3.32	0.00	500.00
1	1225	131223425	1159	375	1130	316	65.74	0	-3.74	-3.32	0.00	500.00
1	1226	131223466	1158	375	1130	340	44.82	0	-3.74	-3.31	0.00	500.00
1	1227	131223507	1158	375	1130	357	33.29	0	-3.75	-3.31	0.00	500.00
1	1228	131223548	1158	375	1130	381	28.64	0	-3.75	-3.31	0.00	500.00
1	1229	131223589	1158	375	1130	398	36.24	0	-3.75	-3.31	0.00	0.00
1	1230	131223629	1158	374	1130	398	36.88	0	-3.75	-3.30	0.00	0.00
1	1231	131223670	1158	374	1130	398	36.88	0	-3.75	-3.30	0.00	0.00
1	1232	131223711	1157	374	1130	398	36.12	0	-3.76	-3.30	0.00	0.00
1	1233	131223752	1157	374	1130	398	36.12	0	-3.76	-3.30	0.00	0.00
1	1234	131223793	1157	374	1130	398	36.12	0	-3.76	-3.29	0.00	0.00
1	1235	131223834	1157	374	1130	398	36.12	0	-3.76	-3.29	0.00	0.00
1	1236	131223875	1157	374	1130	398	36.12	0	-3.77	-3.29	0.00	0.00
1	1237	131223915	1157	373	1130	398	36.80	0	-3.77	-3.29	0.00	0.00
1	1238	131223956	1157	373	1130	398	36.80	0	-3.77	-3.28	0.00	0.00
1	1239	131223997	1156	373	1130	398	36.07	0	-3.77	-3.28	0.00	0.00
1	1240	131224038	1156	373	1130	398	36.07	0	-3.78	-3.28	0.00	-500.00
1	1241	131224079	1156	373	1130	382	27.51	0	-3.78	-3.28	0.00	-500.00
1	1242	131224120	1156	373	1130	358	30.02	0	-3.78	-3.27	0.00	-500.00
1	1243	131224161	1156	373	1130	340	42.01	0	-3.78	-3.27	0.00	-500.00
1	1244	131224202	1156	372	1130	316	61.74	0	-3.78	-3.27	0.00	0.00
1	1245	131224243	1155	372	1130	316	61.33	0	-3.79	-3.27	0.00	0.00
1	1246	131224284	1155	372	1130	316	61.33	0	-3.79	-3.26	0.00	0.00
1	1247	131224325	1155	372	1130	316	61.33	0	-3.79	-3.26	0.00	500.00
1	1248	131224366	1155	372	1130	339	41.40	0	-3.79	-3.26	500.00	500.00
1	1249	131224407	1155	372	1149	357	16.16	0	-3.79	-3.26	500.00	500.00
1	1250	131224448	1155	372	1172	381	19.24	0	-3.80	-3.25	500.00	500.00
1	1251	131224489	1155	372	1190	398	43.60	0	-3.80	-3.25	0.00	0.00
1	1252	131224530	1154	371	1190	398	45.00	0	-3.80	-3.25	0.00	0.00
1	1253	131224571	1154	371	1190	398	45.00	0	-3.80	-3.25	0.00	0.00
1	1254	131224611	1154	371	1190	398	45.00	0	-3.81	-3.24	0.00	0.00
1	1255	131224652	1154	371	1190	398	45.00	0	-3.81	-3.24	0.00	0.00
1	1256	131224693	1154	371	1190	398	45.00	0	-3.81	-3.24	0.00	-500.00
1	1257	131224734	1154	371	1190	381	37.36	0	-3.81	-3.24	0.00	-500.00
1	1258	131224775	1153	371	1190	357	39.56	0	-3.81	-3.23	0.00	-500.00
1	1259	131224816	1153	370	1190	339	48.27	0	-3.82	-3.23	0.00	0.00
1	1260	131224856	1153	370	1190	339	48.27	0	-3.82	-3.23	0.00	0.00
1	1261	131224897	1153	370	1190	339	48.27	0	-3.82	-3.22	0.00	0.00
1	1262	131224938	1153	370	1190	339	48.27	0	-3.82	-3.22	0.00	0.00
1	1263	131224979	1153	370	1190	339	48.27	0	-3.83	-3.22	-500.00	500.00
1	1264	131225020	1152	370	1167	361	17.49	0	-3.83	-3.22	-500.00	500.00
1	1265	131225060	1152	370	1149	380	10.44	0	-3.83	-3.21	-500.00	500.00
1	1266	131225101	1152	370	1125	403	42.64	0	-3.83	-3.21	-500.00	500.00
1	1267	131225142	1152	369	1108	421	68.12	0	-3.83	-3.21	0.00	0.00
1	1268	131225183	1152	369	1108	421	68.12	0	-3.84	-3.21	0.00	0.00
1	1269	131225224	1152	369	1108	421	68.12	0	-3.84	-3.20	0.00	0.00
1	1270	131225264	1152	369	1108	421	68.12	0	-3.84	-3.20	0.00	0.00
1	1271	131225305	1151	369	1108	421	67.48	0	-3.84	-3.20	0.00	-500.00
1	1272	131225346	1151	369	1108	396	50.77	0	-3.85	-3.20	0.00	-500.00
1	1273	131225387	1151	369	1108	379	44.15	0	-3.85	-3.19	0.00	-500.00
1	1274	131225428	1151	368	1108	355	44.92	0	-3.85	-3.19	0.00	0.00
1	1275	131225469	1151	368	1108	355	44.92	0	-3.85	-3.19	0.00	0.00
1	1276	131225510	1151	368	1108	355	44.92	0	-3.85	-3.18	0.00	0.00
1	1277	131225550	1150	368	1108	355	43.97	0	-3.86	-3.18	0.00	0.00
1	1278	131225591	1150	368	1108	355	43.97	0	-3.86	-3.18	0.00	0.00
1	1279	131225632	1150	368	1108	355	43.97	0	-3.86	-3.18	500.00	500.00
1	1280	131225673	1150	368	1131	379	21.95	0	-3.86	-3.17	500.00	500.00
1	1281	131225714	1150	368	1149	396	28.02	0	-3.87	-3.17	500.00	500.00
1	1282	131225755	1150	367	1172	420	57.38	0	-3.87	-3.17	500.00	500.00
1	1283	131225796	1149	367	1191	438	82.49	0	-3.87	-3.17	-500.00	0.00
1	1284	131225837	1149	367	1167	438	73.25	0	-3.87	-3.16	0.00	0.00
1	1285	131225878	1149	367	1167	438	73.25	0	-3.87	-3.16	0.00	0.00
1	1286	131225919	1149	367	1167	438	73.25	0	-3.88	-3.16	-500.00	0.00
1	1287	131225960	1149	367	1150	438	71.01	0	-3.88	-3.16	-500.00	-500.00
1	1288	131226001	1149	367	1125	414	52.77	0	-3.88	-3.15	-500.00	-500.00
1	1289	131226042	1149	367	1108	396	50.22	0	-3.88	-3.15	-500.00	-500.00
1	1290	131226083	1148	366	1084	373	64.38	0	-3.88	-3.15	-500.00	-500.00
1	1291	131226124	1148	366	1067	355	81.74	0	-3.89	-3.15	0.00	0.00
1	1292	131226165	1148	366	1067	355	81.74	0	-3.89	-3.14	0.00	0.00
1	1293	131226206	1148	366	1067	355	81.74	0	-3.89	-3.14	0.00	0.00
1	1294	131226247	1148	366	1067	355	81.74	0	-3.89	-3.14	0.00	0.00
1	1295	131226288	1148	366	1067	355	81.74	0	-3.90	-3.13	0.00	0.00
1	1296	131226329	1147	366	1067	355	80.75	0	-3.90	-3.13	-500.00	-500.00
1	1297	131226369	1147	366	1048	337	103.16	0	-3.90	-3.13	-500.00	-500.00
1	1298	131226410	1147	365	1025	313	132.62	0	-3.90	-3.13	-500.00	-500.00
1	1299	131226451	1147	365	1007	296	156.08	0	-3.90	-3.12	-500.00	-500.00
1	1300	131226492	1147	365	984	272	187.66	0	-3.91	-3.12	0.00	0.00
1	1301	131226532	1147	365	984	272	187.66	0	-3.91	-3.12	500.00	500.00
1	1302	131226573	1146	365	1007	296	155.18	0	-3.91	-3.12	500.00	500.00
1	1303	131226614	1146	365	1025	313	131.70	0	-3.91	-3.11	500.00	500.00
1	1304	131226655	1146	365	1048	337	101.92	0	-3.91	-3.11	500.00	500.00
1	1305	131226696	1146	365	1066	354	80.75	0	-3.92	-3.11	500.00	500.00
1	1306	131226737	1146	364	1089	378	58.69	0	-3.92	-3.11	500.00	500.00
1	1307	131226778	1146	364	1107	395	49.82	0	-3.92	-3.10	500.00	500.00
1	1308	131226819	1145	364	1130	419	57.01	0	-3.92	-3.10	500.00	0.00
1	1309	131226860	1145	364	1148	419	55.08	0	-3.93	-3.10	0.00	0.00
1	1310	131226901	1145	364	1148	419	55.08	0	-3.93	-3.09	0.00	0.00
1	1311	131226942	1145	364	1148	419	55.08	0	-3.93	-3.09	0.00	0.00
1	1312	131226983	1145	364	1148	419	55.08	0	-3.93	-3.09	0.00	0.00
1	1313	131227023	1145	363	1148	419	56.08	0	-3.93	-3.09	0.00	0.00
1	1314	131227064	1145	363	1148	419	56.08	0	-3.94	-3.08	0.00	0.00
1	1315	131227105	1144	363	1148	419	56.14	0	-3.94	-3.08	0.00	-500.00
1	1316	131227146	1144	363	1148	394	31.26	0	-3.94	-3.08	0.00	-500.00
1	1317	131227187	1144	363	1148	378	15.52	0	-3.94	-3.08	0.00	0.00
1	1318	131227228	1144	363	1148	378	15.52	0	-3.94	-3.07	0.00	0.00
1	1319	131227269	1144	363	1148	378	15.52	0	-3.95	-3.07	0.00	0.00
1	1320	131227310	1144	363	1148	378	15.52	0	-3.95	-3.07	0.00	0.00
1	1321	131227351	1143	362	1148	378	16.76	0	-3.95	-3.07	0.00	0.00
1	1322	131227392	1143	362	1148	378	16.76	0	-3.95	-3.06	0.00	0.00
1	1323	131227433	1143	362	1148	378	16.76	0	-3.95	-3.06	0.00	-500.00
1	1324	131227474	1143	362	1148	354	9.43	1	-3.96	-3.06	0.00	0.00
1	1325	131227515	1143	362	1148	354	9.43	1	-3.96	-3.05	0.00	0.00
1	1326	131227555	1143	362	1148	354	9.43	1	-3.96	-3.05	0.00	0.00
1	1327	131227596	1142	362	1148	354	10.00	0	-3.96	-3.05	0.00	0.00
1	1328	131227637	1142	362	1148	354	10.00	0	-3.97	-3.05	0.00	0.00
1	1329	131227678	1142	361	1148	354	9.22	1	-3.97	-3.04	0.00	0.00
1	1330	131227719	1142	361	1148	354	9.22	1	-3.97	-3.04	0.00	0.00
1	1331	131227760	1142	361	1148	354	9.22	1	-3.97	-3.04	0.00	0.00
1	1332	131227800	1142	361	1148	354	9.22	1	-3.97	-3.03	0.00	0.00
1	1333	131227841	1141	361	1148	354	9.90	1	-3.98	-3.03	0.00	0.00
1	1334	131227882	1141	361	1148	354	9.90	1	-3.98	-3.03	0.00	0.00
1	1335	131227923	1141	361	1148	354	9.90	1	-3.98	-3.03	-500.00	0.00
1	1336	131227963	1141	361	1125	354	17.46	0	-3.98	-3.02	-500.00	-500.00
1	1337	131228004	1141	360	1108	337	40.22	0	-3.98	-3.02	-500.00	-500.00
1	1338	131228044	1141	360	1083	312	75.29	0	-3.99	-3.02	-500.00	0.00
1	1339	131228085	1140	360	1066	312	88.20	0	-3.99	-3.02	0.00	0.00
1	1340	131228126	1140	360	1066	312	88.20	0	-3.99	-3.01	0.00	0.00
1	1341	131228167	1140	360	1066	312	88.20	0	-3.99	-3.01	0.00	0.00
1	1342	131228208	1140	360	1066	312	88.20	0	-3.99	-3.01	0.00	0.00
1	1343	131228249	1140	360	1066	312	88.20	0	-4.00	-3.01	500.00	500.00
1	1344	131228290	1140	360	1089	336	56.36	0	-4.00	-3.00	500.00	500.00
1	1345	131228331	1139	359	1107	353	32.56	0	-4.00	-3.00	500.00	500.00
1	1346	131228372	1139	359	1129	376	19.72	0	-4.00	-3.00	500.00	500.00
1	1347	131228413	1139	359	1148	394	36.14	0	-4.00	-2.99	500.00	500.00
1	1348	131228454	1139	359	1171	418	67.12	0	-4.01	-2.99	500.00	0.00
1	1349	131228495	1139	359	1188	418	76.69	0	-4.01	-2.99	0.00	-500.00
1	1350	131228536	1139	359	1188	394	60.22	0	-4.01	-2.99	0.00	-500.00
1	1351	131228577	1139	359	1188	376	51.87	0	-4.01	-2.98	0.00	-500.00
1	1352	131228618	1138	359	1188	352	50.49	0	-4.01	-2.98	0.00	-500.00
1	1353	131228659	1138	359	1188	335	55.46	0	-4.02	-2.98	0.00	0.00
1	1354	131228700	1138	358	1188	335	55.04	0	-4.02	-2.97	0.00	0.00
1	1355	131228741	1138	358	1188	335	55.04	0	-4.02	-2.97	0.00	0.00
1	1356	131228782	1138	358	1188	335	55.04	0	-4.02	-2.97	0.00	0.00
1	1357	131228823	1138	358	1188	335	55.04	0	-4.02	-2.97	-500.00	0.00
1	1358	131228864	1137	358	1164	335	35.47	0	-4.03	-2.96	-500.00	500.00
1	1359	131228905	1137	358	1146	353	10.30	0	-4.03	-2.96	-500.00	500.00
1	1360	131228946	1137	358	1123	376	22.80	0	-4.03	-2.96	-500.00	500.00
1	1361	131228987	1137	358	1106	393	46.75	0	-4.03	-2.96	0.00	500.00
1	1362	131229028	1137	357	1106	418	68.43	0	-4.04	-2.95	0.00	0.00
1	1363	131229069	1137	357	1106	418	68.43	0	-4.04	-2.95	0.00	0.00
1	1364	131229110	1136	357	1106	418	67.98	0	-4.04	-2.95	0.00	0.00
1	1365	131229150	1136	357	1106	418	67.98	0	-4.04	-2.94	0.00	0.00
1	1366	131229191	1136	357	1106	418	67.98	0	-4.04	-2.94	0.00	-500.00
1	1367	131229232	1136	357	1106	400	52.43	0	-4.04	-2.94	0.00	-500.00
1	1368	131229273	1136	357	1106	377	36.06	0	-4.05	-2.94	0.00	-500.00
1	1369	131229314	1136	357	1106	359	30.07	0	-4.05	-2.93	0.00	0.00
1	1370	131229355	1135	356	1106	359	29.15	0	-4.05	-2.93	0.00	0.00
1	1371	131229396	1135	356	1106	359	29.15	0	-4.05	-2.93	0.00	0.00
1	1372	131229437	1135	356	1106	359	29.15	0	-4.06	-2.93	0.00	0.00
1	1373	131229478	1135	356	1106	359	29.15	0	-4.06	-2.92	0.00	0.00
1	1374	131229519	1135	356	1106	359	29.15	0	-4.06	-2.92	0.00	0.00
1	1375	131229560	1135	356	1106	359	29.15	0	-4.06	-2.92	500.00	0.00
1	1376	131229601	1134	356	1128	359	6.71	1	-4.06	-2.91	500.00	0.00
1	1377	131229642	1134	356	1147	359	13.34	0	-4.06	-2.91	500.00	0.00
1	1378	131229683	1134	355	1170	359	36.22	0	-4.07	-2.91	500.00	0.00
1	1379	131229724	1134	355	1188	359	54.15	0	-4.07	-2.91	500.00	0.00
1	1380	131229765	1134	355	1211	359	77.10	0	-4.07	-2.90	0.00	0.00
1	1381	131229806	1134	355	1211	359	77.10	0	-4.07	-2.90	0.00	0.00
1	1382	131229847	1133	355	1211	359	78.10	0	-4.08	-2.90	0.00	0.00
1	1383	131229888	1133	355	1211	359	78.10	0	-4.08	-2.90	0.00	0.00
1	1384	131229928	1133	355	1211	359	78.10	0	-4.08	-2.89	-500.00	0.00
1	1385	131229969	1133	355	1194	359	61.13	0	-4.08	-2.89	-500.00	0.00
1	1386	131230009	1133	355	1171	359	38.21	0	-4.08	-2.89	-500.00	0.00
1	1387	131230050	1133	354	1153	359	20.62	0	-4.08	-2.88	-500.00	0.00
1	1388	131230091	1132	354	1130	359	5.39	1	-4.09	-2.88	0.00	0.00
1	1389	131230131	1132	354	1130	359	5.39	1	-4.09	-2.88	0.00	0.00
1	1390	131230172	1132	354	1130	359	5.39	1	-4.09	-2.87	0.00	0.00
1	1391	131230213	1132	354	1130	359	5.39	1	-4.09	-2.87	0.00	0.00
1	1392	131230254	1132	354	1130	359	5.39	1	-4.09	-2.87	0.00	0.00
1	1393	131230295	1132	354	1130	359	5.39	1	-4.10	-2.87	0.00	0.00
1	1394	131230335	1131	354	1130	359	5.10	1	-4.10	-2.86	0.00	0.00
1	1395	131230376	1131	353	1130	359	6.08	1	-4.10	-2.86	0.00	0.00
1	1396	131230417	1131	353	1130	359	6.08	1	-4.10	-2.86	0.00	0.00
1	1397	131230457	1131	353	1130	359	6.08	1	-4.10	-2.86	0.00	0.00
1	1398	131230498	1131	353	1130	359	6.08	1	-4.11	-2.85	0.00	0.00
1	1399	131230539	1131	353	1130	359	6.08	1	-4.11	-2.85	0.00	0.00
1	1400	131230580	1130	353	1130	359	6.00	1	-4.11	-2.85	0.00	0.00
1	1401	131230621	1130	353	1130	359	6.00	1	-4.11	-2.84	0.00	0.00
1	1402	131230662	1130	353	1130	359	6.00	1	-4.11	-2.84	0.00	0.00
1	1403	131230702	1130	353	1130	359	6.00	1	-4.12	-2.84	0.00	0.00
1	1404	131230743	1130	352	1130	359	7.00	1	-4.12	-2.84	0.00	0.00
1	1405	131230784	1130	352	1130	359	7.00	1	-4.12	-2.83	0.00	-500.00
1	1406	131230825	1129	352	1130	336	16.03	0	-4.12	-2.83	0.00	-500.00
1	1407	131230866	1129	352	1130	318	34.01	0	-4.12	-2.83	0.00	-500.00
1	1408	131230907	1129	352	1130	295	57.01	0	-4.13	-2.82	0.00	0.00
1	1409	131230948	1129	352	1130	295	57.01	0	-4.13	-2.82	0.00	0.00
1	1410	131230989	1129	352	1130	295	57.01	0	-4.13	-2.82	0.00	0.00
1	1411	131231029	1128	352	1130	295	57.04	0	-4.13	-2.82	0.00	0.00
1	1412	131231070	1128	351	1130	295	56.04	0	-4.13	-2.81	0.00	0.00
1	1413	131231111	1128	351	1130	295	56.04	0	-4.14	-2.81	0.00	500.00
1	1414	131231152	1128	351	1130	318	33.06	0	-4.14	-2.81	500.00	500.00
1	1415	131231193	1128	351	1147	335	24.84	0	-4.14	-2.81	500.00	500.00
1	1416	131231234	1128	351	1171	359	43.74	0	-4.14	-2.80	0.00	500.00
1	1417	131231275	1127	351	1171	376	50.61	0	-4.14	-2.80	0.00	0.00
1	1418	131231316	1127	351	1171	376	50.61	0	-4.15	-2.80	0.00	0.00
1	1419	131231357	1127	351	1171	376	50.61	0	-4.15	-2.79	0.00	0.00
1	1420	131231398	1127	351	1171	376	50.61	0	-4.15	-2.79	0.00	0.00
1	1421	131231439	1127	350	1171	376	51.11	0	-4.15	-2.79	0.00	0.00
1	1422	131231480	1127	350	1171	376	51.11	0	-4.15	-2.78	0.00	-500.00
1	1423	131231521	1126	350	1171	357	45.54	0	-4.15	-2.78	-500.00	-500.00
1	1424	131231562	1126	350	1149	335	27.46	0	-4.16	-2.78	-500.00	-500.00
1	1425	131231603	1126	350	1130	316	34.23	0	-4.16	-2.78	0.00	0.00
1	1426	131231643	1126	350	1130	316	34.23	0	-4.16	-2.77	0.00	0.00
1	1427	131231684	1126	350	1130	316	34.23	0	-4.16	-2.77	0.00	0.00
1	1428	131231725	1126	350	1130	316	34.23	0	-4.16	-2.77	0.00	0.00
1	1429	131231766	1125	350	1130	316	34.37	0	-4.17	-2.77	0.00	0.00
1	1430	131231807	1125	349	1130	316	33.38	0	-4.17	-2.76	0.00	0.00
1	1431	131231848	1125	349	1130	316	33.38	0	-4.17	-2.76	0.00	0.00
1	1432	131231889	1125	349	1130	316	33.38	0	-4.17	-2.76	-500.00	0.00
1	1433	131231930	1125	349	1113	316	35.11	0	-4.17	-2.75	-500.00	-500.00
1	1434	131231971	1125	349	1088	292	67.96	0	-4.18	-2.75	-500.00	-500.00
1	1435	131232012	1124	349	1072	275	90.44	0	-4.18	-2.75	-500.00	-500.00
1	1436	131232053	1124	349	1048	252	123.23	0	-4.18	-2.75	-500.00	-500.00
1	1437	131232094	1124	349	1031	234	147.90	0	-4.18	-2.74	0.00	0.00
1	1438	131232135	1124	349	1031	234	147.90	0	-4.18	-2.74	0.00	0.00
1	1439	131232176	1124	348	1031	234	147.12	0	-4.18	-2.74	0.00	0.00
1	1440	131232217	1124	348	1031	234	147.12	0	-4.19	-2.73	0.00	0.00
1	1441	131232258	1123	348	1031	234	146.49	0	-4.19	-2.73	0.00	500.00
1	1442	131232299	1123	348	1031	257	129.40	0	-4.19	-2.73	500.00	500.00
1	1443	131232339	1123	348	1049	275	103.95	0	-4.19	-2.73	500.00	500.00
1	1444	131232380	1123	348	1072	298	71.42	0	-4.19	-2.72	500.00	500.00
1	1445	131232421	1123	348	1090	316	45.97	0	-4.20	-2.72	0.00	0.00
1	1446	131232462	1122	348	1090	316	45.25	0	-4.20	-2.72	0.00	0.00
1	1447	131232503	1122	348	1090	316	45.25	0	-4.20	-2.71	0.00	0.00
1	1448	131232544	1122	347	1090	316	44.55	0	-4.20	-2.71	0.00	0.00
1	1449	131232585	1122	347	1090	316	44.55	0	-4.20	-2.71	0.00	0.00
1	1450	131232626	1122	347	1090	316	44.55	0	-4.21	-2.70	0.00	-500.00
1	1451	131232667	1122	347	1090	300	56.86	0	-4.21	-2.70	0.00	-500.00
1	1452	131232708	1121	347	1090	275	78.39	0	-4.21	-2.70	0.00	0.00
1	1453	131232749	1121	347	1090	275	78.39	0	-4.21	-2.70	0.00	0.00
1	1454	131232790	1121	347	1090	275	78.39	0	-4.21	-2.69	0.00	0.00
1	1455	131232831	1121	347	1090	275	78.39	0	-4.21	-2.69	0.00	0.00
1	1456	131232872	1121	347	1090	275	78.39	0	-4.22	-2.69	0.00	500.00
1	1457	131232913	1121	346	1090	293	61.40	0	-4.22	-2.69	0.00	500.00
1	1458	131232954	1120	346	1090	317	41.73	0	-4.22	-2.68	0.00	500.00
1	1459	131232995	1120	346	1090	334	32.31	0	-4.22	-2.68	0.00	500.00
1	1460	131233035	1120	346	1090	357	31.95	0	-4.22	-2.68	0.00	500.00
1	1461	131233076	1120	346	1090	376	42.43	0	-4.23	-2.67	0.00	0.00
1	1462	131233117	1120	346	1090	376	42.43	0	-4.23	-2.67	0.00	0.00
1	1463	131233158	1120	346	1090	376	42.43	0	-4.23	-2.67	0.00	0.00
