Pra_Test	PointNum	PointTime	ObjPointX	ObjPointY	PostPointX	PostPointY	Distance	Hit	ObjSpeedX	ObjSpeedY	PostSpeedX	PostSpeedY
1	1	131374656	1259	597	960	600	299.02	0	-0.04	-5.00	0.00	-500.00
1	2	131374698	1259	597	960	583	299.33	0	-0.05	-5.00	0.00	-500.00
1	3	131374739	1259	596	960	560	301.16	0	-0.05	-5.00	0.00	-500.00
1	4	131374780	1259	596	960	542	303.84	0	-0.05	-5.00	0.00	-500.00
1	5	131374821	1259	596	960	518	309.01	0	-0.06	-5.00	0.00	-500.00
1	6	131374862	1259	596	960	502	313.43	0	-0.06	-5.00	0.00	0.00
1	7	131374902	1259	596	960	502	313.43	0	-0.06	-5.00	0.00	0.00
1	8	131374943	1259	595	960	502	313.13	0	-0.07	-5.00	0.00	0.00
1	9	131374984	1259	595	960	502	313.13	0	-0.07	-5.00	0.00	0.00
1	10	131375025	1259	595	960	502	313.13	0	-0.07	-5.00	0.00	500.00
1	11	131375066	1259	595	960	525	307.08	0	-0.08	-5.00	500.00	500.00
1	12	131375107	1259	595	977	543	286.75	0	-0.08	-5.00	500.00	500.00
1	13	131375148	1259	594	1001	566	259.51	0	-0.08	-5.00	500.00	500.00
1	14	131375188	1259	594	1018	584	241.21	0	-0.09	-5.00	500.00	500.00
1	15	131375229	1259	594	1042	607	217.39	0	-0.09	-5.00	0.00	0.00
1	16	131375270	1259	594	1042	607	217.39	0	-0.09	-5.00	0.00	0.00
1	17	131375311	1259	594	1042	607	217.39	0	-0.10	-5.00	0.00	0.00
1	18	131375352	1259	593	1042	607	217.45	0	-0.10	-5.00	0.00	0.00
1	19	131375394	1259	593	1042	607	217.45	0	-0.10	-5.00	0.00	0.00
1	20	131375435	1259	593	1042	607	217.45	0	-0.11	-5.00	0.00	0.00
1	21	131375476	1259	593	1042	607	217.45	0	-0.11	-5.00	0.00	0.00
1	22	131375516	1259	593	1042	607	217.45	0	-0.11	-5.00	0.00	0.00
1	23	131375557	1259	592	1042	607	217.52	0	-0.12	-5.00	0.00	0.00
1	24	131375597	1259	592	1042	607	217.52	0	-0.12	-5.00	0.00	0.00
1	25	131375638	1259	592	1042	607	217.52	0	-0.13	-5.00	0.00	0.00
1	26	131375679	1259	592	1042	607	217.52	0	-0.13	-5.00	0.00	0.00
1	27	131375720	1259	592	1042	607	217.52	0	-0.13	-5.00	0.00	0.00
1	28	131375760	1259	591	1042	607	217.59	0	-0.14	-5.00	0.00	0.00
1	29	131375801	1259	591	1042	607	217.59	0	-0.14	-5.00	0.00	0.00
1	30	131375841	1259	591	1042	607	217.59	0	-0.14	-5.00	0.00	0.00
1	31	131375882	1259	591	1042	607	217.59	0	-0.15	-5.00	0.00	0.00
1	32	131375923	1259	591	1042	607	217.59	0	-0.15	-5.00	0.00	0.00
1	33	131375964	1259	590	1042	607	217.66	0	-0.15	-5.00	0.00	0.00
1	34	131376005	1259	590	1042	607	217.66	0	-0.16	-5.00	0.00	0.00
1	35	131376046	1259	590	1042	607	217.66	0	-0.16	-5.00	0.00	0.00
1	36	131376086	1259	590	1042	607	217.66	0	-0.16	-5.00	0.00	0.00
1	37	131376127	1259	590	1042	607	217.66	0	-0.17	-5.00	0.00	0.00
1	38	131376168	1259	589	1042	607	217.75	0	-0.17	-5.00	0.00	0.00
1	39	131376209	1259	589	1042	607	217.75	0	-0.17	-5.00	0.00	0.00
1	40	131376249	1259	589	1042	607	217.75	0	-0.18	-5.00	0.00	0.00
1	41	131376290	1259	589	1042	607	217.75	0	-0.18	-5.00	0.00	0.00
1	42	131376330	1259	589	1042	607	217.75	0	-0.18	-5.00	0.00	0.00
1	43	131376371	1259	588	1042	607	217.83	0	-0.19	-5.00	0.00	0.00
1	44	131376411	1259	588	1042	607	217.83	0	-0.19	-5.00	0.00	0.00
1	45	131376452	1259	588	1042	607	217.83	0	-0.19	-5.00	0.00	0.00
1	46	131376492	1259	588	1042	607	217.83	0	-0.20	-5.00	0.00	0.00
1	47	131376533	1259	587	1042	607	217.92	0	-0.20	-5.00	0.00	0.00
1	48	131376573	1259	587	1042	607	217.92	0	-0.20	-5.00	0.00	0.00
1	49	131376614	1259	587	1042	607	217.92	0	-0.21	-5.00	0.00	0.00
1	50	131376654	1259	587	1042	607	217.92	0	-0.21	-5.00	0.00	0.00
1	51	131376695	1259	587	1042	607	217.92	0	-0.21	-5.00	0.00	0.00
1	52	131376736	1259	586	1042	607	218.01	0	-0.22	-5.00	0.00	0.00
1	53	131376777	1259	586	1042	607	218.01	0	-0.22	-5.00	0.00	0.00
1	54	131376817	1259	586	1042	607	218.01	0	-0.22	-4.99	0.00	0.00
1	55	131376858	1259	586	1042	607	218.01	0	-0.23	-4.99	0.00	0.00
1	56	131376898	1259	586	1042	607	218.01	0	-0.23	-4.99	0.00	0.00
1	57	131376939	1259	585	1042	607	218.11	0	-0.23	-4.99	0.00	0.00
1	58	131376979	1259	585	1042	607	218.11	0	-0.24	-4.99	500.00	0.00
1	59	131377020	1259	585	1059	607	201.21	0	-0.24	-4.99	500.00	-500.00
1	60	131377061	1259	585	1083	584	176.00	0	-0.25	-4.99	500.00	-500.00
1	61	131377102	1259	585	1100	567	160.02	0	-0.25	-4.99	500.00	-500.00
1	62	131377142	1259	584	1123	543	142.05	0	-0.25	-4.99	500.00	-500.00
1	63	131377183	1259	584	1141	526	131.48	0	-0.26	-4.99	500.00	-500.00
1	64	131377224	1259	584	1165	502	124.74	0	-0.26	-4.99	0.00	0.00
1	65	131377265	1259	584	1165	502	124.74	0	-0.26	-4.99	0.00	0.00
1	66	131377306	1259	584	1165	502	124.74	0	-0.27	-4.99	0.00	0.00
1	67	131377347	1259	583	1165	502	124.08	0	-0.27	-4.99	0.00	0.00
1	68	131377387	1259	583	1165	502	124.08	0	-0.27	-4.99	0.00	0.00
1	69	131377428	1259	583	1165	502	124.08	0	-0.28	-4.99	0.00	0.00
1	70	131377468	1259	583	1165	502	124.08	0	-0.28	-4.99	0.00	0.00
1	71	131377509	1259	583	1165	502	124.08	0	-0.28	-4.99	0.00	0.00
1	72	131377550	1259	582	1165	502	123.43	0	-0.29	-4.99	0.00	0.00
1	73	131377591	1259	582	1165	502	123.43	0	-0.29	-4.99	500.00	0.00
1	74	131377631	1259	582	1187	502	107.63	0	-0.29	-4.99	500.00	0.00
1	75	131377672	1259	582	1206	502	95.96	0	-0.30	-4.99	500.00	0.00
1	76	131377713	1259	582	1229	502	85.44	0	-0.30	-4.99	500.00	0.00
1	77	131377753	1259	581	1247	502	79.91	0	-0.30	-4.99	500.00	0.00
1	78	131377794	1259	581	1270	502	79.76	0	-0.31	-4.99	500.00	0.00
1	79	131377835	1259	581	1288	502	84.15	0	-0.31	-4.99	500.00	0.00
1	80	131377876	1259	581	1311	502	94.58	0	-0.31	-4.99	500.00	0.00
1	81	131377917	1259	581	1329	502	105.55	0	-0.32	-4.99	500.00	0.00
1	82	131377958	1259	580	1352	502	121.38	0	-0.32	-4.99	0.00	0.00
1	83	131377999	1259	580	1352	502	121.38	0	-0.32	-4.99	0.00	0.00
1	84	131378040	1259	580	1352	502	121.38	0	-0.33	-4.99	0.00	0.00
1	85	131378081	1259	580	1352	502	121.38	0	-0.33	-4.99	0.00	0.00
1	86	131378122	1259	579	1352	502	120.74	0	-0.33	-4.99	500.00	500.00
1	87	131378163	1259	579	1370	520	125.71	0	-0.34	-4.99	500.00	500.00
1	88	131378203	1259	579	1393	543	138.75	0	-0.34	-4.99	500.00	500.00
1	89	131378244	1259	579	1411	560	153.18	0	-0.34	-4.99	500.00	500.00
1	90	131378284	1259	579	1434	584	175.07	0	-0.35	-4.99	500.00	500.00
1	91	131378325	1259	578	1452	601	194.37	0	-0.35	-4.99	0.00	500.00
1	92	131378367	1259	578	1452	625	198.64	0	-0.35	-4.99	-500.00	500.00
1	93	131378409	1259	578	1434	643	186.68	0	-0.36	-4.99	-500.00	500.00
1	94	131378450	1259	578	1412	665	176.01	0	-0.36	-4.99	-500.00	0.00
1	95	131378490	1259	578	1394	665	160.61	0	-0.36	-4.99	-500.00	0.00
1	96	131378531	1259	577	1370	665	141.65	0	-0.37	-4.99	-500.00	0.00
1	97	131378572	1259	577	1352	665	128.04	0	-0.37	-4.99	-500.00	0.00
1	98	131378613	1259	577	1329	665	112.45	0	-0.37	-4.99	-500.00	0.00
1	99	131378653	1259	577	1312	665	102.73	0	-0.38	-4.99	-500.00	0.00
1	100	131378694	1259	577	1288	665	92.66	0	-0.38	-4.99	-500.00	500.00
1	101	131378735	1259	576	1270	683	107.56	0	-0.38	-4.99	0.00	0.00
1	102	131378776	1259	576	1270	683	107.56	0	-0.39	-4.98	0.00	0.00
1	103	131378816	1259	576	1270	683	107.56	0	-0.39	-4.98	0.00	0.00
1	104	131378857	1259	576	1270	683	107.56	0	-0.40	-4.98	0.00	0.00
1	105	131378898	1259	576	1270	683	107.56	0	-0.40	-4.98	0.00	0.00
1	106	131378938	1259	575	1270	683	108.56	0	-0.40	-4.98	0.00	0.00
1	107	131378978	1259	575	1270	683	108.56	0	-0.41	-4.98	0.00	0.00
1	108	131379019	1258	575	1270	683	108.66	0	-0.41	-4.98	-500.00	0.00
1	109	131379060	1258	575	1253	683	108.12	0	-0.41	-4.98	-500.00	0.00
1	110	131379101	1258	575	1229	683	111.83	0	-0.42	-4.98	-500.00	0.00
1	111	131379141	1258	574	1212	683	118.31	0	-0.42	-4.98	-500.00	0.00
1	112	131379182	1258	574	1188	683	129.54	0	-0.42	-4.98	-500.00	0.00
1	113	131379223	1258	574	1171	683	139.46	0	-0.43	-4.98	0.00	0.00
1	114	131379264	1258	574	1171	683	139.46	0	-0.43	-4.98	0.00	0.00
1	115	131379305	1258	574	1171	683	139.46	0	-0.43	-4.98	0.00	0.00
1	116	131379346	1258	573	1171	683	140.25	0	-0.44	-4.98	0.00	0.00
1	117	131379386	1258	573	1171	683	140.25	0	-0.44	-4.98	0.00	0.00
1	118	131379427	1258	573	1171	683	140.25	0	-0.44	-4.98	0.00	0.00
1	119	131379468	1258	573	1171	683	140.25	0	-0.45	-4.98	-500.00	0.00
1	120	131379509	1258	573	1148	683	155.56	0	-0.45	-4.98	-500.00	0.00
1	121	131379549	1258	572	1131	683	168.67	0	-0.45	-4.98	-500.00	0.00
1	122	131379590	1258	572	1107	683	187.41	0	-0.46	-4.98	0.00	0.00
1	123	131379631	1258	572	1107	683	187.41	0	-0.46	-4.98	0.00	0.00
1	124	131379672	1258	572	1107	683	187.41	0	-0.46	-4.98	0.00	0.00
1	125	131379713	1258	571	1107	683	188.00	0	-0.47	-4.98	0.00	0.00
1	126	131379753	1258	571	1107	683	188.00	0	-0.47	-4.98	0.00	0.00
1	127	131379793	1258	571	1107	683	188.00	0	-0.47	-4.98	0.00	0.00
1	128	131379834	1258	571	1107	683	188.00	0	-0.48	-4.98	0.00	0.00
1	129	131379874	1258	571	1107	683	188.00	0	-0.48	-4.98	-500.00	-500.00
1	130	131379915	1258	570	1084	659	195.44	0	-0.48	-4.98	-500.00	-500.00
1	131	131379956	1258	570	1061	637	208.08	0	-0.49	-4.98	-500.00	-500.00
1	132	131379996	1258	570	1044	619	219.54	0	-0.49	-4.98	-500.00	-500.00
1	133	131380037	1258	570	1025	601	235.05	0	-0.49	-4.98	-500.00	-500.00
1	134	131380078	1258	570	1002	578	256.12	0	-0.50	-4.98	0.00	0.00
1	135	131380119	1258	569	1002	578	256.16	0	-0.50	-4.97	0.00	0.00
1	136	131380159	1258	569	1002	578	256.16	0	-0.50	-4.97	0.00	0.00
1	137	131380200	1258	569	1002	578	256.16	0	-0.51	-4.97	0.00	0.00
1	138	131380241	1258	569	1002	578	256.16	0	-0.51	-4.97	0.00	0.00
1	139	131380281	1258	569	1002	578	256.16	0	-0.51	-4.97	0.00	0.00
1	140	131380321	1258	568	1002	578	256.20	0	-0.52	-4.97	0.00	0.00
1	141	131380362	1258	568	1002	578	256.20	0	-0.52	-4.97	0.00	0.00
1	142	131380402	1258	568	1002	578	256.20	0	-0.52	-4.97	0.00	0.00
1	143	131380443	1258	568	1002	578	256.20	0	-0.53	-4.97	0.00	0.00
1	144	131380485	1258	568	1002	578	256.20	0	-0.53	-4.97	0.00	0.00
1	145	131380526	1258	567	1002	578	256.24	0	-0.53	-4.97	0.00	-500.00
1	146	131380567	1258	567	1002	555	256.28	0	-0.54	-4.97	0.00	-500.00
1	147	131380608	1258	567	1002	537	257.75	0	-0.54	-4.97	0.00	-500.00
1	148	131380649	1258	567	1002	513	261.63	0	-0.55	-4.97	0.00	-500.00
1	149	131380689	1258	567	1002	496	265.66	0	-0.55	-4.97	-500.00	-500.00
1	150	131380730	1258	566	980	473	293.14	0	-0.55	-4.97	0.00	0.00
1	151	131380771	1258	566	980	473	293.14	0	-0.56	-4.97	0.00	0.00
1	152	131380811	1258	566	980	473	293.14	0	-0.56	-4.97	0.00	0.00
1	153	131380852	1258	566	980	473	293.14	0	-0.56	-4.97	0.00	0.00
1	154	131380893	1258	566	980	473	293.14	0	-0.57	-4.97	0.00	0.00
1	155	131380934	1258	565	980	473	292.83	0	-0.57	-4.97	0.00	0.00
1	156	131380975	1258	565	980	473	292.83	0	-0.57	-4.97	0.00	0.00
1	157	131381015	1258	565	980	473	292.83	0	-0.58	-4.97	0.00	0.00
1	158	131381055	1257	565	980	473	291.88	0	-0.58	-4.97	0.00	0.00
1	159	131381096	1257	565	980	473	291.88	0	-0.58	-4.97	0.00	0.00
1	160	131381137	1257	564	980	473	291.56	0	-0.59	-4.97	0.00	0.00
1	161	131381178	1257	564	980	473	291.56	0	-0.59	-4.97	0.00	0.00
1	162	131381219	1257	564	980	473	291.56	0	-0.59	-4.96	0.00	0.00
1	163	131381260	1257	564	980	473	291.56	0	-0.60	-4.96	0.00	0.00
1	164	131381300	1257	564	980	473	291.56	0	-0.60	-4.96	0.00	0.00
1	165	131381341	1257	563	980	473	291.25	0	-0.60	-4.96	0.00	0.00
1	166	131381382	1257	563	980	473	291.25	0	-0.61	-4.96	0.00	0.00
1	167	131381423	1257	563	980	473	291.25	0	-0.61	-4.96	0.00	0.00
1	168	131381464	1257	563	980	473	291.25	0	-0.61	-4.96	0.00	0.00
1	169	131381505	1257	563	980	473	291.25	0	-0.62	-4.96	0.00	0.00
1	170	131381546	1257	562	980	473	290.95	0	-0.62	-4.96	0.00	0.00
1	171	131381587	1257	562	980	473	290.95	0	-0.62	-4.96	0.00	0.00
1	172	131381628	1257	562	980	473	290.95	0	-0.63	-4.96	0.00	0.00
1	173	131381669	1257	562	980	473	290.95	0	-0.63	-4.96	0.00	0.00
1	174	131381709	1257	561	980	473	290.64	0	-0.63	-4.96	0.00	-500.00
1	175	131381750	1257	561	980	456	296.23	0	-0.64	-4.96	0.00	-500.00
1	176	131381791	1257	561	980	432	305.57	0	-0.64	-4.96	0.00	-500.00
1	177	131381832	1257	561	980	414	313.59	0	-0.64	-4.96	0.00	0.00
1	178	131381873	1257	561	980	414	313.59	0	-0.65	-4.96	0.00	0.00
1	179	131381914	1257	560	980	414	313.12	0	-0.65	-4.96	0.00	0.00
1	180	131381955	1257	560	980	414	313.12	0	-0.65	-4.96	0.00	0.00
1	181	131381996	1257	560	980	414	313.12	0	-0.66	-4.96	0.00	0.00
1	182	131382036	1257	560	980	414	313.12	0	-0.66	-4.96	0.00	0.00
1	183	131382077	1257	560	980	414	313.12	0	-0.66	-4.96	0.00	500.00
1	184	131382117	1257	559	980	438	302.27	0	-0.67	-4.96	0.00	500.00
1	185	131382159	1257	559	980	456	295.53	0	-0.67	-4.95	0.00	500.00
1	186	131382200	1257	559	980	479	288.32	0	-0.67	-4.95	0.00	500.00
1	187	131382241	1257	559	980	497	283.85	0	-0.68	-4.95	500.00	500.00
1	188	131382282	1257	559	1003	520	256.98	0	-0.68	-4.95	0.00	0.00
1	189	131382323	1257	558	1003	520	256.83	0	-0.68	-4.95	0.00	0.00
1	190	131382363	1257	558	1003	520	256.83	0	-0.69	-4.95	0.00	0.00
1	191	131382404	1257	558	1003	520	256.83	0	-0.69	-4.95	0.00	0.00
1	192	131382444	1257	558	1003	520	256.83	0	-0.69	-4.95	0.00	0.00
1	193	131382485	1257	558	1003	520	256.83	0	-0.70	-4.95	0.00	0.00
1	194	131382525	1257	557	1003	520	256.68	0	-0.70	-4.95	0.00	0.00
1	195	131382566	1257	557	1003	520	256.68	0	-0.70	-4.95	0.00	0.00
1	196	131382607	1256	557	1003	520	255.69	0	-0.71	-4.95	0.00	0.00
1	197	131382648	1256	557	1003	520	255.69	0	-0.71	-4.95	0.00	0.00
1	198	131382689	1256	557	1003	520	255.69	0	-0.71	-4.95	0.00	0.00
1	199	131382729	1256	556	1003	520	255.55	0	-0.72	-4.95	0.00	0.00
1	200	131382770	1256	556	1003	520	255.55	0	-0.72	-4.95	0.00	0.00
1	201	131382810	1256	556	1003	520	255.55	0	-0.72	-4.95	0.00	0.00
1	202	131382851	1256	556	1003	520	255.55	0	-0.73	-4.95	0.00	0.00
1	203	131382892	1256	556	1003	520	255.55	0	-0.73	-4.95	0.00	0.00
1	204	131382932	1256	555	1003	520	255.41	0	-0.74	-4.95	0.00	0.00
1	205	131382972	1256	555	1003	520	255.41	0	-0.74	-4.95	0.00	0.00
1	206	131383014	1256	555	1003	520	255.41	0	-0.74	-4.94	0.00	0.00
1	207	131383055	1256	555	1003	520	255.41	0	-0.74	-4.94	0.00	0.00
1	208	131383095	1256	555	1003	520	255.41	0	-0.75	-4.94	0.00	0.00
1	209	131383136	1256	554	1003	520	255.27	0	-0.75	-4.94	0.00	0.00
1	210	131383177	1256	554	1003	520	255.27	0	-0.76	-4.94	0.00	0.00
1	211	131383218	1256	554	1003	520	255.27	0	-0.76	-4.94	0.00	0.00
1	212	131383259	1256	554	1003	520	255.27	0	-0.76	-4.94	0.00	0.00
1	213	131383300	1256	554	1003	520	255.27	0	-0.77	-4.94	0.00	0.00
1	214	131383340	1256	553	1003	520	255.14	0	-0.77	-4.94	0.00	0.00
1	215	131383381	1256	553	1003	520	255.14	0	-0.77	-4.94	0.00	0.00
1	216	131383421	1256	553	1003	520	255.14	0	-0.78	-4.94	0.00	0.00
1	217	131383462	1256	553	1003	520	255.14	0	-0.78	-4.94	0.00	0.00
1	218	131383503	1256	553	1003	520	255.14	0	-0.78	-4.94	0.00	0.00
1	219	131383544	1256	552	1003	520	255.02	0	-0.79	-4.94	0.00	0.00
1	220	131383585	1256	552	1003	520	255.02	0	-0.79	-4.94	0.00	0.00
1	221	131383626	1256	552	1003	520	255.02	0	-0.79	-4.94	0.00	0.00
1	222	131383667	1256	552	1003	520	255.02	0	-0.80	-4.94	0.00	0.00
1	223	131383708	1256	552	1003	520	255.02	0	-0.80	-4.94	0.00	0.00
1	224	131383749	1256	551	1003	520	254.89	0	-0.80	-4.94	0.00	0.00
1	225	131383790	1256	551	1003	520	254.89	0	-0.81	-4.93	0.00	0.00
1	226	131383831	1256	551	1003	520	254.89	0	-0.81	-4.93	0.00	0.00
1	227	131383872	1256	551	1003	520	254.89	0	-0.81	-4.93	0.00	0.00
1	228	131383913	1255	551	1003	520	253.90	0	-0.82	-4.93	0.00	0.00
1	229	131383954	1255	550	1003	520	253.78	0	-0.82	-4.93	0.00	0.00
1	230	131383995	1255	550	1003	520	253.78	0	-0.82	-4.93	0.00	0.00
1	231	131384036	1255	550	1003	520	253.78	0	-0.83	-4.93	0.00	0.00
1	232	131384077	1255	550	1003	520	253.78	0	-0.83	-4.93	0.00	0.00
1	233	131384117	1255	550	1003	520	253.78	0	-0.83	-4.93	0.00	0.00
1	234	131384158	1255	549	1003	520	253.66	0	-0.84	-4.93	0.00	0.00
1	235	131384199	1255	549	1003	520	253.66	0	-0.84	-4.93	0.00	0.00
1	236	131384240	1255	549	1003	520	253.66	0	-0.84	-4.93	0.00	0.00
1	237	131384281	1255	549	1003	520	253.66	0	-0.85	-4.93	0.00	0.00
1	238	131384321	1255	549	1003	520	253.66	0	-0.85	-4.93	0.00	0.00
1	239	131384362	1255	548	1003	520	253.55	0	-0.85	-4.93	0.00	0.00
1	240	131384403	1255	548	1003	520	253.55	0	-0.86	-4.93	0.00	0.00
1	241	131384443	1255	548	1003	520	253.55	0	-0.86	-4.93	0.00	0.00
1	242	131384484	1255	548	1003	520	253.55	0	-0.86	-4.92	0.00	0.00
1	243	131384524	1255	548	1003	520	253.55	0	-0.87	-4.92	0.00	0.00
1	244	131384565	1255	547	1003	520	253.44	0	-0.87	-4.92	0.00	0.00
1	245	131384605	1255	547	1003	520	253.44	0	-0.87	-4.92	0.00	0.00
1	246	131384645	1255	547	1003	520	253.44	0	-0.88	-4.92	0.00	0.00
1	247	131384686	1255	547	1003	520	253.44	0	-0.88	-4.92	0.00	0.00
1	248	131384726	1255	547	1003	520	253.44	0	-0.88	-4.92	0.00	0.00
1	249	131384768	1255	546	1003	520	253.34	0	-0.89	-4.92	0.00	0.00
1	250	131384808	1255	546	1003	520	253.34	0	-0.89	-4.92	0.00	0.00
1	251	131384849	1255	546	1003	520	253.34	0	-0.89	-4.92	0.00	0.00
1	252	131384889	1255	546	1003	520	253.34	0	-0.90	-4.92	0.00	0.00
1	253	131384930	1255	546	1003	520	253.34	0	-0.90	-4.92	0.00	0.00
1	254	131384971	1255	545	1003	520	253.24	0	-0.90	-4.92	0.00	0.00
1	255	131385012	1255	545	1003	520	253.24	0	-0.91	-4.92	0.00	0.00
1	256	131385053	1254	545	1003	520	252.24	0	-0.91	-4.92	0.00	0.00
1	257	131385094	1254	545	1003	520	252.24	0	-0.91	-4.92	0.00	0.00
1	258	131385135	1254	544	1003	520	252.14	0	-0.92	-4.92	0.00	0.00
1	259	131385176	1254	544	1003	520	252.14	0	-0.92	-4.91	0.00	0.00
1	260	131385217	1254	544	1003	520	252.14	0	-0.92	-4.91	0.00	0.00
1	261	131385257	1254	544	1003	520	252.14	0	-0.93	-4.91	0.00	0.00
1	262	131385297	1254	544	1003	520	252.14	0	-0.93	-4.91	0.00	0.00
1	263	131385338	1254	543	1003	520	252.05	0	-0.93	-4.91	0.00	0.00
1	264	131385379	1254	543	1003	520	252.05	0	-0.94	-4.91	0.00	0.00
1	265	131385420	1254	543	1003	520	252.05	0	-0.94	-4.91	0.00	0.00
1	266	131385460	1254	543	1003	520	252.05	0	-0.94	-4.91	0.00	0.00
1	267	131385502	1254	543	1003	520	252.05	0	-0.95	-4.91	0.00	0.00
1	268	131385542	1254	542	1003	520	251.96	0	-0.95	-4.91	0.00	0.00
1	269	131385583	1254	542	1003	520	251.96	0	-0.95	-4.91	0.00	0.00
1	270	131385623	1254	542	1003	520	251.96	0	-0.96	-4.91	0.00	0.00
1	271	131385664	1254	542	1003	520	251.96	0	-0.96	-4.91	0.00	0.00
1	272	131385704	1254	542	1003	520	251.96	0	-0.96	-4.91	0.00	0.00
1	273	131385745	1254	541	1003	520	251.88	0	-0.97	-4.91	0.00	0.00
1	274	131385786	1254	541	1003	520	251.88	0	-0.97	-4.90	0.00	0.00
1	275	131385827	1254	541	1003	520	251.88	0	-0.97	-4.90	0.00	0.00
1	276	131385868	1254	541	1003	520	251.88	0	-0.98	-4.90	0.00	0.00
1	277	131385908	1254	541	1003	520	251.88	0	-0.98	-4.90	0.00	0.00
1	278	131385949	1254	540	1003	520	251.80	0	-0.98	-4.90	0.00	0.00
1	279	131385990	1254	540	1003	520	251.80	0	-0.99	-4.90	0.00	0.00
1	280	131386031	1254	540	1003	520	251.80	0	-0.99	-4.90	0.00	0.00
1	281	131386071	1254	540	1003	520	251.80	0	-0.99	-4.90	0.00	0.00
1	282	131386112	1253	540	1003	520	250.80	0	-1.00	-4.90	0.00	0.00
1	283	131386153	1253	539	1003	520	250.72	0	-1.00	-4.90	0.00	0.00
1	284	131386194	1253	539	1003	520	250.72	0	-1.00	-4.90	0.00	0.00
1	285	131386234	1253	539	1003	520	250.72	0	-1.01	-4.90	0.00	0.00
1	286	131386275	1253	539	1003	520	250.72	0	-1.01	-4.90	0.00	0.00
1	287	131386316	1253	539	1003	520	250.72	0	-1.01	-4.90	0.00	0.00
1	288	131386356	1253	538	1003	520	250.65	0	-1.02	-4.90	0.00	0.00
1	289	131386397	1253	538	1003	520	250.65	0	-1.02	-4.89	0.00	0.00
1	290	131386438	1253	538	1003	520	250.65	0	-1.02	-4.89	0.00	0.00
1	291	131386479	1253	538	1003	520	250.65	0	-1.03	-4.89	0.00	0.00
1	292	131386520	1253	538	1003	520	250.65	0	-1.03	-4.89	0.00	0.00
1	293	131386561	1253	537	1003	520	250.58	0	-1.03	-4.89	0.00	0.00
1	294	131386601	1253	537	1003	520	250.58	0	-1.04	-4.89	0.00	0.00
1	295	131386642	1253	537	1003	520	250.58	0	-1.04	-4.89	0.00	0.00
1	296	131386683	1253	537	1003	520	250.58	0	-1.04	-4.89	0.00	0.00
1	297	131386724	1253	537	1003	520	250.58	0	-1.05	-4.89	0.00	0.00
1	298	131386765	1253	536	1003	520	250.51	0	-1.05	-4.89	0.00	0.00
1	299	131386805	1253	536	1003	520	250.51	0	-1.05	-4.89	0.00	0.00
1	300	131386846	1253	536	1003	520	250.51	0	-1.06	-4.89	0.00	0.00
1	301	131386886	1253	536	1003	520	250.51	0	-1.06	-4.89	0.00	0.00
1	302	131386926	1253	536	1003	520	250.51	0	-1.06	-4.89	0.00	0.00
1	303	131386967	1253	535	1003	520	250.45	0	-1.07	-4.88	0.00	0.00
1	304	131387008	1253	535	1003	520	250.45	0	-1.07	-4.88	0.00	0.00
1	305	131387049	1252	535	1003	520	249.45	0	-1.07	-4.88	0.00	0.00
1	306	131387089	1252	535	1003	520	249.45	0	-1.08	-4.88	0.00	0.00
1	307	131387130	1252	535	1003	520	249.45	0	-1.08	-4.88	0.00	0.00
1	308	131387170	1252	534	1003	520	249.39	0	-1.08	-4.88	0.00	0.00
1	309	131387211	1252	534	1003	520	249.39	0	-1.09	-4.88	0.00	0.00
1	310	131387251	1252	534	1003	520	249.39	0	-1.09	-4.88	0.00	0.00
1	311	131387292	1252	534	1003	520	249.39	0	-1.09	-4.88	0.00	0.00
1	312	131387333	1252	534	1003	520	249.39	0	-1.10	-4.88	0.00	0.00
1	313	131387373	1252	533	1003	520	249.34	0	-1.10	-4.88	0.00	0.00
1	314	131387414	1252	533	1003	520	249.34	0	-1.10	-4.88	0.00	0.00
1	315	131387455	1252	533	1003	520	249.34	0	-1.11	-4.88	0.00	0.00
1	316	131387495	1252	533	1003	520	249.34	0	-1.11	-4.88	0.00	0.00
1	317	131387536	1252	533	1003	520	249.34	0	-1.11	-4.87	0.00	0.00
1	318	131387577	1252	532	1003	520	249.29	0	-1.12	-4.87	0.00	0.00
1	319	131387618	1252	532	1003	520	249.29	0	-1.12	-4.87	0.00	0.00
1	320	131387659	1252	532	1003	520	249.29	0	-1.12	-4.87	0.00	0.00
1	321	131387700	1252	532	1003	520	249.29	0	-1.13	-4.87	0.00	0.00
1	322	131387741	1252	532	1003	520	249.29	0	-1.13	-4.87	0.00	0.00
1	323	131387782	1252	531	1003	520	249.24	0	-1.13	-4.87	0.00	0.00
1	324	131387822	1252	531	1003	520	249.24	0	-1.14	-4.87	0.00	0.00
1	325	131387863	1252	531	1003	520	249.24	0	-1.14	-4.87	0.00	0.00
1	326	131387904	1252	531	1003	520	249.24	0	-1.14	-4.87	0.00	0.00
1	327	131387945	1251	531	1003	520	248.24	0	-1.15	-4.87	0.00	0.00
1	328	131387986	1251	530	1003	520	248.20	0	-1.15	-4.87	0.00	0.00
1	329	131388027	1251	530	1003	520	248.20	0	-1.15	-4.86	0.00	0.00
1	330	131388068	1251	530	1003	520	248.20	0	-1.16	-4.86	0.00	0.00
1	331	131388109	1251	530	1003	520	248.20	0	-1.16	-4.86	0.00	0.00
1	332	131388150	1251	530	1003	520	248.20	0	-1.16	-4.86	0.00	0.00
1	333	131388190	1251	529	1003	520	248.16	0	-1.17	-4.86	0.00	0.00
1	334	131388230	1251	529	1003	520	248.16	0	-1.17	-4.86	0.00	0.00
1	335	131388271	1251	529	1003	520	248.16	0	-1.17	-4.86	0.00	0.00
1	336	131388312	1251	529	1003	520	248.16	0	-1.18	-4.86	0.00	0.00
1	337	131388352	1251	529	1003	520	248.16	0	-1.18	-4.86	0.00	0.00
1	338	131388393	1251	528	1003	520	248.13	0	-1.18	-4.86	0.00	0.00
1	339	131388434	1251	528	1003	520	248.13	0	-1.19	-4.86	0.00	0.00
1	340	131388474	1251	528	1003	520	248.13	0	-1.19	-4.86	0.00	0.00
1	341	131388515	1251	528	1003	520	248.13	0	-1.19	-4.86	0.00	0.00
1	342	131388555	1251	528	1003	520	248.13	0	-1.20	-4.85	0.00	0.00
1	343	131388595	1251	527	1003	520	248.10	0	-1.20	-4.85	0.00	0.00
1	344	131388636	1251	527	1003	520	248.10	0	-1.20	-4.85	0.00	0.00
1	345	131388677	1251	527	1003	520	248.10	0	-1.21	-4.85	0.00	0.00
1	346	131388717	1251	527	1003	520	248.10	0	-1.21	-4.85	0.00	0.00
1	347	131388758	1251	527	1003	520	248.10	0	-1.21	-4.85	0.00	0.00
1	348	131388798	1250	526	1003	520	247.07	0	-1.22	-4.85	0.00	0.00
1	349	131388839	1250	526	1003	520	247.07	0	-1.22	-4.85	0.00	0.00
1	350	131388879	1250	526	1003	520	247.07	0	-1.22	-4.85	0.00	0.00
1	351	131388920	1250	526	1003	520	247.07	0	-1.23	-4.85	0.00	0.00
1	352	131388960	1250	526	1003	520	247.07	0	-1.23	-4.85	0.00	0.00
1	353	131389001	1250	525	1003	520	247.05	0	-1.23	-4.85	0.00	0.00
1	354	131389041	1250	525	1003	520	247.05	0	-1.24	-4.84	0.00	0.00
1	355	131389082	1250	525	1003	520	247.05	0	-1.24	-4.84	0.00	0.00
1	356	131389122	1250	525	1003	520	247.05	0	-1.24	-4.84	0.00	0.00
1	357	131389163	1250	525	1003	520	247.05	0	-1.25	-4.84	0.00	0.00
1	358	131389203	1250	524	1003	520	247.03	0	-1.25	-4.84	0.00	0.00
1	359	131389244	1250	524	1003	520	247.03	0	-1.25	-4.84	0.00	0.00
1	360	131389284	1250	524	1003	520	247.03	0	-1.26	-4.84	0.00	0.00
1	361	131389325	1250	524	1003	520	247.03	0	-1.26	-4.84	0.00	0.00
1	362	131389365	1250	524	1003	520	247.03	0	-1.26	-4.84	0.00	0.00
1	363	131389406	1250	523	1003	520	247.02	0	-1.27	-4.84	0.00	0.00
1	364	131389446	1250	523	1003	520	247.02	0	-1.27	-4.84	0.00	0.00
1	365	131389487	1250	523	1003	520	247.02	0	-1.27	-4.84	0.00	0.00
1	366	131389528	1250	523	1003	520	247.02	0	-1.28	-4.83	0.00	0.00
1	367	131389569	1249	523	1003	520	246.02	0	-1.28	-4.83	0.00	0.00
1	368	131389609	1249	523	1003	520	246.02	0	-1.28	-4.83	0.00	0.00
1	369	131389650	1249	522	1003	520	246.01	0	-1.29	-4.83	0.00	0.00
1	370	131389690	1249	522	1003	520	246.01	0	-1.29	-4.83	0.00	0.00
1	371	131389731	1249	522	1003	520	246.01	0	-1.29	-4.83	0.00	0.00
1	372	131389771	1249	522	1003	520	246.01	0	-1.30	-4.83	0.00	0.00
1	373	131389812	1249	521	1003	520	246.00	0	-1.30	-4.83	0.00	0.00
1	374	131389852	1249	521	1003	520	246.00	0	-1.30	-4.83	0.00	0.00
1	375	131389893	1249	521	1003	520	246.00	0	-1.31	-4.83	0.00	0.00
1	376	131389934	1249	521	1003	520	246.00	0	-1.31	-4.83	0.00	0.00
1	377	131389975	1249	521	1003	520	246.00	0	-1.31	-4.82	0.00	0.00
1	378	131390015	1249	521	1003	520	246.00	0	-1.32	-4.82	0.00	0.00
1	379	131390055	1249	520	1003	520	246.00	0	-1.32	-4.82	0.00	0.00
1	380	131390096	1249	520	1003	520	246.00	0	-1.32	-4.82	0.00	0.00
1	381	131390137	1249	520	1003	520	246.00	0	-1.33	-4.82	0.00	0.00
1	382	131390178	1249	520	1003	520	246.00	0	-1.33	-4.82	0.00	0.00
1	383	131390219	1249	520	1003	520	246.00	0	-1.33	-4.82	0.00	0.00
1	384	131390260	1249	519	1003	520	246.00	0	-1.34	-4.82	0.00	0.00
1	385	131390300	1249	519	1003	520	246.00	0	-1.34	-4.82	0.00	0.00
1	386	131390341	1248	519	1003	520	245.00	0	-1.34	-4.82	0.00	0.00
1	387	131390381	1248	519	1003	520	245.00	0	-1.35	-4.82	0.00	0.00
1	388	131390422	1248	519	1003	520	245.00	0	-1.35	-4.81	0.00	0.00
1	389	131390463	1248	518	1003	520	245.01	0	-1.35	-4.81	0.00	0.00
1	390	131390504	1248	518	1003	520	245.01	0	-1.36	-4.81	0.00	0.00
1	391	131390544	1248	518	1003	520	245.01	0	-1.36	-4.81	0.00	0.00
1	392	131390585	1248	518	1003	520	245.01	0	-1.36	-4.81	0.00	0.00
1	393	131390626	1248	518	1003	520	245.01	0	-1.37	-4.81	0.00	0.00
1	394	131390666	1248	517	1003	520	245.02	0	-1.37	-4.81	0.00	0.00
1	395	131390707	1248	517	1003	520	245.02	0	-1.37	-4.81	0.00	0.00
1	396	131390748	1248	517	1003	520	245.02	0	-1.38	-4.81	0.00	0.00
1	397	131390789	1248	517	1003	520	245.02	0	-1.38	-4.81	0.00	0.00
1	398	131390829	1248	517	1003	520	245.02	0	-1.38	-4.81	0.00	0.00
1	399	131390870	1248	516	1003	520	245.03	0	-1.39	-4.80	0.00	0.00
1	400	131390911	1248	516	1003	520	245.03	0	-1.39	-4.80	0.00	0.00
1	401	131390952	1248	516	1003	520	245.03	0	-1.39	-4.80	0.00	0.00
1	402	131390993	1248	516	1003	520	245.03	0	-1.40	-4.80	0.00	0.00
1	403	131391033	1248	516	1003	520	245.03	0	-1.40	-4.80	0.00	0.00
1	404	131391074	1247	515	1003	520	244.05	0	-1.40	-4.80	0.00	0.00
1	405	131391115	1247	515	1003	520	244.05	0	-1.41	-4.80	0.00	0.00
1	406	131391156	1247	515	1003	520	244.05	0	-1.41	-4.80	0.00	0.00
1	407	131391196	1247	515	1003	520	244.05	0	-1.41	-4.80	0.00	0.00
1	408	131391237	1247	515	1003	520	244.05	0	-1.42	-4.80	0.00	0.00
1	409	131391279	1247	514	1003	520	244.07	0	-1.42	-4.79	0.00	0.00
1	410	131391320	1247	514	1003	520	244.07	0	-1.42	-4.79	0.00	0.00
1	411	131391360	1247	514	1003	520	244.07	0	-1.43	-4.79	0.00	0.00
1	412	131391401	1247	514	1003	520	244.07	0	-1.43	-4.79	0.00	0.00
1	413	131391441	1247	514	1003	520	244.07	0	-1.43	-4.79	0.00	0.00
1	414	131391481	1247	513	1003	520	244.10	0	-1.44	-4.79	0.00	0.00
1	415	131391522	1247	513	1003	520	244.10	0	-1.44	-4.79	0.00	0.00
1	416	131391563	1247	513	1003	520	244.10	0	-1.44	-4.79	0.00	0.00
1	417	131391603	1247	513	1003	520	244.10	0	-1.44	-4.79	0.00	0.00
1	418	131391644	1247	513	1003	520	244.10	0	-1.45	-4.79	0.00	0.00
1	419	131391684	1247	512	1003	520	244.13	0	-1.45	-4.78	0.00	0.00
1	420	131391725	1247	512	1003	520	244.13	0	-1.46	-4.78	0.00	0.00
1	421	131391765	1246	512	1003	520	243.13	0	-1.46	-4.78	0.00	0.00
1	422	131391806	1246	512	1003	520	243.13	0	-1.46	-4.78	0.00	0.00
1	423	131391847	1246	512	1003	520	243.13	0	-1.46	-4.78	0.00	0.00
1	424	131391888	1246	511	1003	520	243.17	0	-1.47	-4.78	0.00	0.00
1	425	131391928	1246	511	1003	520	243.17	0	-1.47	-4.78	0.00	0.00
1	426	131391969	1246	511	1003	520	243.17	0	-1.47	-4.78	0.00	0.00
1	427	131392009	1246	511	1003	520	243.17	0	-1.48	-4.78	0.00	0.00
1	428	131392050	1246	511	1003	520	243.17	0	-1.48	-4.78	0.00	0.00
1	429	131392090	1246	510	1003	520	243.21	0	-1.48	-4.77	0.00	0.00
1	430	131392131	1246	510	1003	520	243.21	0	-1.49	-4.77	0.00	0.00
1	431	131392171	1246	510	1003	520	243.21	0	-1.49	-4.77	0.00	0.00
1	432	131392212	1246	510	1003	520	243.21	0	-1.49	-4.77	0.00	0.00
1	433	131392252	1246	510	1003	520	243.21	0	-1.50	-4.77	0.00	0.00
1	434	131392293	1246	509	1003	520	243.25	0	-1.50	-4.77	0.00	0.00
1	435	131392333	1246	509	1003	520	243.25	0	-1.50	-4.77	0.00	0.00
1	436	131392374	1246	509	1003	520	243.25	0	-1.51	-4.77	0.00	0.00
1	437	131392415	1245	509	1003	520	242.25	0	-1.51	-4.77	0.00	0.00
1	438	131392456	1245	509	1003	520	242.25	0	-1.51	-4.77	0.00	0.00
1	439	131392497	1245	509	1003	520	242.25	0	-1.52	-4.76	0.00	0.00
1	440	131392538	1245	508	1003	520	242.30	0	-1.52	-4.76	0.00	0.00
1	441	131392579	1245	508	1003	520	242.30	0	-1.52	-4.76	0.00	0.00
1	442	131392620	1245	508	1003	520	242.30	0	-1.53	-4.76	0.00	0.00
1	443	131392660	1245	508	1003	520	242.30	0	-1.53	-4.76	0.00	0.00
1	444	131392701	1245	508	1003	520	242.30	0	-1.53	-4.76	0.00	0.00
1	445	131392742	1245	507	1003	520	242.35	0	-1.54	-4.76	0.00	0.00
1	446	131392783	1245	507	1003	520	242.35	0	-1.54	-4.76	0.00	0.00
1	447	131392823	1245	507	1003	520	242.35	0	-1.54	-4.76	0.00	0.00
1	448	131392864	1245	507	1003	520	242.35	0	-1.55	-4.75	0.00	0.00
1	449	131392905	1245	507	1003	520	242.35	0	-1.55	-4.75	0.00	0.00
1	450	131392946	1245	506	1003	520	242.40	0	-1.55	-4.75	0.00	0.00
1	451	131392987	1245	506	1003	520	242.40	0	-1.56	-4.75	0.00	0.00
1	452	131393028	1245	506	1003	520	242.40	0	-1.56	-4.75	0.00	0.00
1	453	131393069	1244	506	1003	520	241.41	0	-1.56	-4.75	0.00	0.00
1	454	131393109	1244	506	1003	520	241.41	0	-1.57	-4.75	0.00	0.00
1	455	131393150	1244	505	1003	520	241.47	0	-1.57	-4.75	0.00	0.00
1	456	131393190	1244	505	1003	520	241.47	0	-1.57	-4.75	0.00	0.00
1	457	131393231	1244	505	1003	520	241.47	0	-1.58	-4.75	0.00	0.00
1	458	131393272	1244	505	1003	520	241.47	0	-1.58	-4.74	0.00	0.00
1	459	131393313	1244	505	1003	520	241.47	0	-1.58	-4.74	0.00	0.00
1	460	131393354	1244	504	1003	520	241.53	0	-1.59	-4.74	0.00	0.00
1	461	131393395	1244	504	1003	520	241.53	0	-1.59	-4.74	0.00	0.00
1	462	131393436	1244	504	1003	520	241.53	0	-1.59	-4.74	0.00	0.00
1	463	131393477	1244	504	1003	520	241.53	0	-1.59	-4.74	0.00	0.00
1	464	131393518	1244	504	1003	520	241.53	0	-1.60	-4.74	0.00	0.00
1	465	131393559	1244	503	1003	520	241.60	0	-1.60	-4.74	0.00	0.00
1	466	131393600	1244	503	1003	520	241.60	0	-1.60	-4.74	0.00	0.00
1	467	131393641	1244	503	1003	520	241.60	0	-1.61	-4.73	0.00	0.00
1	468	131393682	1243	503	1003	520	240.60	0	-1.61	-4.73	0.00	0.00
1	469	131393723	1243	503	1003	520	240.60	0	-1.61	-4.73	0.00	0.00
1	470	131393764	1243	502	1003	520	240.67	0	-1.62	-4.73	0.00	0.00
1	471	131393804	1243	502	1003	520	240.67	0	-1.62	-4.73	0.00	0.00
1	472	131393845	1243	502	1003	520	240.67	0	-1.62	-4.73	0.00	0.00
1	473	131393885	1243	502	1003	520	240.67	0	-1.63	-4.73	0.00	0.00
1	474	131393926	1243	502	1003	520	240.67	0	-1.63	-4.73	0.00	0.00
1	475	131393967	1243	501	1003	520	240.75	0	-1.63	-4.73	0.00	0.00
1	476	131394008	1243	501	1003	520	240.75	0	-1.64	-4.72	0.00	0.00
1	477	131394049	1243	501	1003	520	240.75	0	-1.64	-4.72	0.00	0.00
1	478	131394089	1243	501	1003	520	240.75	0	-1.64	-4.72	0.00	0.00
1	479	131394130	1243	501	1003	520	240.75	0	-1.65	-4.72	0.00	0.00
1	480	131394171	1243	501	1003	520	240.75	0	-1.65	-4.72	0.00	0.00
1	481	131394212	1243	500	1003	520	240.83	0	-1.65	-4.72	0.00	0.00
1	482	131394253	1243	500	1003	520	240.83	0	-1.66	-4.72	0.00	0.00
1	483	131394293	1243	500	1003	520	240.83	0	-1.66	-4.72	0.00	0.00
1	484	131394334	1242	500	1003	520	239.84	0	-1.66	-4.72	0.00	0.00
1	485	131394374	1242	500	1003	520	239.84	0	-1.67	-4.71	0.00	0.00
1	486	131394415	1242	499	1003	520	239.92	0	-1.67	-4.71	0.00	0.00
1	487	131394456	1242	499	1003	520	239.92	0	-1.67	-4.71	0.00	0.00
1	488	131394497	1242	499	1003	520	239.92	0	-1.68	-4.71	0.00	0.00
1	489	131394538	1242	499	1003	520	239.92	0	-1.68	-4.71	0.00	0.00
1	490	131394579	1242	499	1003	520	239.92	0	-1.68	-4.71	0.00	0.00
1	491	131394619	1242	498	1003	520	240.01	0	-1.68	-4.71	0.00	0.00
1	492	131394660	1242	498	1003	520	240.01	0	-1.69	-4.71	0.00	0.00
1	493	131394701	1242	498	1003	520	240.01	0	-1.69	-4.71	0.00	0.00
1	494	131394742	1242	498	1003	520	240.01	0	-1.70	-4.70	0.00	0.00
1	495	131394782	1242	498	1003	520	240.01	0	-1.70	-4.70	0.00	0.00
1	496	131394823	1242	497	1003	520	240.10	0	-1.70	-4.70	0.00	0.00
1	497	131394864	1242	497	1003	520	240.10	0	-1.70	-4.70	0.00	0.00
1	498	131394905	1241	497	1003	520	239.11	0	-1.71	-4.70	0.00	0.00
1	499	131394946	1241	497	1003	520	239.11	0	-1.71	-4.70	0.00	0.00
1	500	131394987	1241	497	1003	520	239.11	0	-1.71	-4.70	0.00	0.00
1	501	131395028	1241	496	1003	520	239.21	0	-1.72	-4.70	0.00	0.00
1	502	131395069	1241	496	1003	520	239.21	0	-1.72	-4.69	0.00	0.00
1	503	131395109	1241	496	1003	520	239.21	0	-1.72	-4.69	0.00	0.00
1	504	131395150	1241	496	1003	520	239.21	0	-1.73	-4.69	0.00	0.00
1	505	131395190	1241	496	1003	520	239.21	0	-1.73	-4.69	0.00	0.00
1	506	131395231	1241	495	1003	520	239.31	0	-1.73	-4.69	0.00	0.00
1	507	131395272	1241	495	1003	520	239.31	0	-1.74	-4.69	0.00	0.00
1	508	131395313	1241	495	1003	520	239.31	0	-1.74	-4.69	0.00	0.00
1	509	131395353	1241	495	1003	520	239.31	0	-1.74	-4.69	0.00	0.00
1	510	131395394	1241	495	1003	520	239.31	0	-1.75	-4.69	0.00	0.00
1	511	131395435	1241	495	1003	520	239.31	0	-1.75	-4.68	0.00	0.00
1	512	131395476	1240	494	1003	520	238.42	0	-1.75	-4.68	0.00	0.00
1	513	131395517	1240	494	1003	520	238.42	0	-1.76	-4.68	0.00	0.00
1	514	131395558	1240	494	1003	520	238.42	0	-1.76	-4.68	0.00	0.00
1	515	131395599	1240	494	1003	520	238.42	0	-1.76	-4.68	0.00	0.00
1	516	131395640	1240	494	1003	520	238.42	0	-1.77	-4.68	0.00	0.00
1	517	131395681	1240	493	1003	520	238.53	0	-1.77	-4.68	0.00	0.00
1	518	131395721	1240	493	1003	520	238.53	0	-1.77	-4.68	0.00	0.00
1	519	131395762	1240	493	1003	520	238.53	0	-1.77	-4.67	0.00	0.00
1	520	131395803	1240	493	1003	520	238.53	0	-1.78	-4.67	0.00	0.00
1	521	131395844	1240	493	1003	520	238.53	0	-1.78	-4.67	0.00	0.00
1	522	131395885	1240	492	1003	520	238.65	0	-1.78	-4.67	0.00	0.00
1	523	131395925	1240	492	1003	520	238.65	0	-1.79	-4.67	0.00	0.00
1	524	131395966	1240	492	1003	520	238.65	0	-1.79	-4.67	0.00	0.00
1	525	131396006	1240	492	1003	520	238.65	0	-1.79	-4.67	0.00	0.00
1	526	131396047	1239	492	1003	520	237.66	0	-1.80	-4.67	0.00	0.00
1	527	131396087	1239	491	1003	520	237.78	0	-1.80	-4.66	0.00	0.00
1	528	131396128	1239	491	1003	520	237.78	0	-1.80	-4.66	0.00	0.00
1	529	131396169	1239	491	1003	520	237.78	0	-1.81	-4.66	0.00	0.00
1	530	131396210	1239	491	1003	520	237.78	0	-1.81	-4.66	0.00	0.00
1	531	131396251	1239	491	1003	520	237.78	0	-1.81	-4.66	0.00	0.00
1	532	131396291	1239	491	1003	520	237.78	0	-1.82	-4.66	0.00	0.00
1	533	131396332	1239	490	1003	520	237.90	0	-1.82	-4.66	0.00	0.00
1	534	131396373	1239	490	1003	520	237.90	0	-1.82	-4.66	0.00	0.00
1	535	131396414	1239	490	1003	520	237.90	0	-1.83	-4.65	0.00	0.00
1	536	131396455	1239	490	1003	520	237.90	0	-1.83	-4.65	0.00	0.00
1	537	131396495	1239	490	1003	520	237.90	0	-1.83	-4.65	0.00	0.00
1	538	131396536	1239	489	1003	520	238.03	0	-1.84	-4.65	0.00	0.00
1	539	131396577	1238	489	1003	520	237.04	0	-1.84	-4.65	0.00	0.00
1	540	131396618	1238	489	1003	520	237.04	0	-1.84	-4.65	0.00	0.00
1	541	131396659	1238	489	1003	520	237.04	0	-1.84	-4.65	0.00	0.00
1	542	131396699	1238	489	1003	520	237.04	0	-1.85	-4.65	0.00	0.00
1	543	131396739	1238	488	1003	520	237.17	0	-1.85	-4.64	0.00	0.00
1	544	131396780	1238	488	1003	520	237.17	0	-1.85	-4.64	0.00	0.00
1	545	131396821	1238	488	1003	520	237.17	0	-1.86	-4.64	0.00	0.00
1	546	131396862	1238	488	1003	520	237.17	0	-1.86	-4.64	0.00	0.00
1	547	131396903	1238	488	1003	520	237.17	0	-1.86	-4.64	0.00	0.00
1	548	131396944	1238	487	1003	520	237.31	0	-1.87	-4.64	0.00	0.00
1	549	131396985	1238	487	1003	520	237.31	0	-1.87	-4.64	0.00	0.00
1	550	131397026	1238	487	1003	520	237.31	0	-1.87	-4.64	0.00	0.00
1	551	131397067	1238	487	1003	520	237.31	0	-1.88	-4.63	0.00	0.00
1	552	131397108	1237	487	1003	520	236.32	0	-1.88	-4.63	0.00	0.00
1	553	131397149	1237	487	1003	520	236.32	0	-1.88	-4.63	0.00	0.00
1	554	131397190	1237	486	1003	520	236.46	0	-1.89	-4.63	0.00	0.00
1	555	131397231	1237	486	1003	520	236.46	0	-1.89	-4.63	0.00	0.00
1	556	131397272	1237	486	1003	520	236.46	0	-1.89	-4.63	0.00	0.00
1	557	131397313	1237	486	1003	520	236.46	0	-1.90	-4.63	0.00	0.00
1	558	131397354	1237	486	1003	520	236.46	0	-1.90	-4.63	0.00	0.00
1	559	131397394	1237	485	1003	520	236.60	0	-1.90	-4.62	0.00	0.00
1	560	131397435	1237	485	1003	520	236.60	0	-1.91	-4.62	0.00	0.00
1	561	131397475	1237	485	1003	520	236.60	0	-1.91	-4.62	0.00	0.00
1	562	131397516	1237	485	1003	520	236.60	0	-1.91	-4.62	0.00	0.00
1	563	131397556	1237	485	1003	520	236.60	0	-1.91	-4.62	0.00	0.00
1	564	131397597	1237	484	1003	520	236.75	0	-1.92	-4.62	0.00	0.00
1	565	131397638	1236	484	1003	520	235.76	0	-1.92	-4.62	0.00	0.00
1	566	131397679	1236	484	1003	520	235.76	0	-1.92	-4.61	0.00	0.00
1	567	131397720	1236	484	1003	520	235.76	0	-1.93	-4.61	0.00	0.00
1	568	131397761	1236	484	1003	520	235.76	0	-1.93	-4.61	0.00	0.00
1	569	131397802	1236	483	1003	520	235.92	0	-1.93	-4.61	0.00	0.00
1	570	131397842	1236	483	1003	520	235.92	0	-1.94	-4.61	0.00	0.00
1	571	131397883	1236	483	1003	520	235.92	0	-1.94	-4.61	0.00	0.00
1	572	131397924	1236	483	1003	520	235.92	0	-1.94	-4.61	0.00	0.00
1	573	131397964	1236	483	1003	520	235.92	0	-1.95	-4.61	0.00	0.00
1	574	131398005	1236	483	1003	520	235.92	0	-1.95	-4.60	0.00	0.00
1	575	131398046	1236	482	1003	520	236.08	0	-1.95	-4.60	0.00	0.00
1	576	131398087	1236	482	1003	520	236.08	0	-1.96	-4.60	0.00	0.00
1	577	131398128	1236	482	1003	520	236.08	0	-1.96	-4.60	0.00	0.00
1	578	131398169	1235	482	1003	520	235.09	0	-1.96	-4.60	0.00	0.00
1	579	131398210	1235	482	1003	520	235.09	0	-1.96	-4.60	0.00	0.00
1	580	131398251	1235	481	1003	520	235.26	0	-1.97	-4.60	0.00	0.00
1	581	131398291	1235	481	1003	520	235.26	0	-1.97	-4.60	0.00	0.00
1	582	131398332	1235	481	1003	520	235.26	0	-1.97	-4.59	0.00	0.00
1	583	131398372	1235	481	1003	520	235.26	0	-1.98	-4.59	0.00	0.00
1	584	131398413	1235	481	1003	520	235.26	0	-1.98	-4.59	0.00	0.00
1	585	131398453	1235	480	1003	520	235.42	0	-1.98	-4.59	0.00	0.00
1	586	131398494	1235	480	1003	520	235.42	0	-1.99	-4.59	0.00	0.00
1	587	131398535	1235	480	1003	520	235.42	0	-1.99	-4.59	0.00	0.00
1	588	131398576	1235	480	1003	520	235.42	0	-1.99	-4.59	0.00	0.00
1	589	131398616	1235	480	1003	520	235.42	0	-2.00	-4.58	0.00	0.00
1	590	131398657	1234	480	1003	520	234.44	0	-2.00	-4.58	0.00	0.00
1	591	131398697	1234	479	1003	520	234.61	0	-2.00	-4.58	0.00	0.00
1	592	131398738	1234	479	1003	520	234.61	0	-2.01	-4.58	0.00	0.00
1	593	131398778	1234	479	1003	520	234.61	0	-2.01	-4.58	0.00	0.00
1	594	131398819	1234	479	1003	520	234.61	0	-2.01	-4.58	0.00	0.00
1	595	131398860	1234	479	1003	520	234.61	0	-2.02	-4.58	0.00	0.00
1	596	131398901	1234	478	1003	520	234.79	0	-2.02	-4.57	0.00	0.00
1	597	131398942	1234	478	1003	520	234.79	0	-2.02	-4.57	0.00	0.00
1	598	131398983	1234	478	1003	520	234.79	0	-2.02	-4.57	0.00	0.00
1	599	131399023	1234	478	1003	520	234.79	0	-2.03	-4.57	0.00	0.00
1	600	131399064	1234	478	1003	520	234.79	0	-2.03	-4.57	0.00	0.00
1	601	131399104	1234	477	1003	520	234.97	0	-2.03	-4.57	0.00	0.00
1	602	131399145	1233	477	1003	520	233.99	0	-2.04	-4.57	0.00	0.00
1	603	131399186	1233	477	1003	520	233.99	0	-2.04	-4.56	0.00	0.00
1	604	131399226	1233	477	1003	520	233.99	0	-2.04	-4.56	0.00	0.00
1	605	131399266	1233	477	1003	520	233.99	0	-2.05	-4.56	0.00	0.00
1	606	131399307	1233	477	1003	520	233.99	0	-2.05	-4.56	0.00	0.00
1	607	131399347	1233	476	1003	520	234.17	0	-2.05	-4.56	0.00	0.00
1	608	131399388	1233	476	1003	520	234.17	0	-2.06	-4.56	0.00	0.00
1	609	131399429	1233	476	1003	520	234.17	0	-2.06	-4.56	0.00	0.00
1	610	131399470	1233	476	1003	520	234.17	0	-2.06	-4.55	0.00	0.00
1	611	131399510	1233	476	1003	520	234.17	0	-2.07	-4.55	0.00	0.00
1	612	131399551	1233	475	1003	520	234.36	0	-2.07	-4.55	0.00	0.00
1	613	131399591	1233	475	1003	520	234.36	0	-2.07	-4.55	0.00	0.00
1	614	131399632	1232	475	1003	520	233.38	0	-2.07	-4.55	0.00	0.00
1	615	131399672	1232	475	1003	520	233.38	0	-2.08	-4.55	0.00	0.00
1	616	131399713	1232	475	1003	520	233.38	0	-2.08	-4.55	0.00	0.00
1	617	131399753	1232	474	1003	520	233.57	0	-2.08	-4.55	0.00	0.00
1	618	131399794	1232	474	1003	520	233.57	0	-2.09	-4.54	0.00	0.00
1	619	131399835	1232	474	1003	520	233.57	0	-2.09	-4.54	0.00	0.00
1	620	131399876	1232	474	1003	520	233.57	0	-2.09	-4.54	0.00	0.00
1	621	131399916	1232	474	1003	520	233.57	0	-2.10	-4.54	0.00	0.00
1	622	131399957	1232	474	1003	520	233.57	0	-2.10	-4.54	0.00	0.00
1	623	131399997	1232	473	1003	520	233.77	0	-2.10	-4.54	0.00	0.00
1	624	131400038	1232	473	1003	520	233.77	0	-2.11	-4.53	0.00	0.00
1	625	131400078	1232	473	1003	520	233.77	0	-2.11	-4.53	0.00	0.00
1	626	131400119	1231	473	1003	520	232.79	0	-2.11	-4.53	0.00	0.00
1	627	131400159	1231	473	1003	520	232.79	0	-2.11	-4.53	0.00	0.00
1	628	131400200	1231	472	1003	520	233.00	0	-2.12	-4.53	0.00	0.00
1	629	131400241	1231	472	1003	520	233.00	0	-2.12	-4.53	0.00	0.00
1	630	131400281	1231	472	1003	520	233.00	0	-2.12	-4.53	0.00	0.00
1	631	131400322	1231	472	1003	520	233.00	0	-2.13	-4.52	0.00	0.00
1	632	131400363	1231	472	1003	520	233.00	0	-2.13	-4.52	0.00	0.00
1	633	131400403	1231	472	1003	520	233.00	0	-2.13	-4.52	0.00	0.00
1	634	131400444	1231	471	1003	520	233.21	0	-2.14	-4.52	0.00	0.00
1	635	131400485	1231	471	1003	520	233.21	0	-2.14	-4.52	0.00	0.00
1	636	131400526	1231	471	1003	520	233.21	0	-2.14	-4.52	0.00	0.00
1	637	131400566	1230	471	1003	520	232.23	0	-2.15	-4.52	0.00	0.00
1	638	131400607	1230	471	1003	520	232.23	0	-2.15	-4.51	0.00	0.00
1	639	131400648	1230	470	1003	520	232.44	0	-2.15	-4.51	0.00	0.00
1	640	131400689	1230	470	1003	520	232.44	0	-2.16	-4.51	0.00	0.00
1	641	131400730	1230	470	1003	520	232.44	0	-2.16	-4.51	0.00	0.00
1	642	131400771	1230	470	1003	520	232.44	0	-2.16	-4.51	0.00	0.00
1	643	131400812	1230	470	1003	520	232.44	0	-2.16	-4.51	0.00	0.00
1	644	131400853	1230	469	1003	520	232.66	0	-2.17	-4.51	0.00	0.00
1	645	131400894	1230	469	1003	520	232.66	0	-2.17	-4.50	0.00	0.00
1	646	131400935	1230	469	1003	520	232.66	0	-2.17	-4.50	0.00	0.00
1	647	131400976	1230	469	1003	520	232.66	0	-2.18	-4.50	0.00	0.00
1	648	131401017	1229	469	1003	520	231.68	0	-2.18	-4.50	0.00	0.00
1	649	131401058	1229	469	1003	520	231.68	0	-2.18	-4.50	0.00	0.00
1	650	131401099	1229	468	1003	520	231.91	0	-2.19	-4.50	0.00	0.00
1	651	131401139	1229	468	1003	520	231.91	0	-2.19	-4.50	0.00	0.00
1	652	131401180	1229	468	1003	520	231.91	0	-2.19	-4.49	0.00	0.00
1	653	131401220	1229	468	1003	520	231.91	0	-2.19	-4.49	0.00	0.00
1	654	131401261	1229	468	1003	520	231.91	0	-2.20	-4.49	0.00	0.00
1	655	131401301	1229	467	1003	520	232.13	0	-2.20	-4.49	0.00	0.00
1	656	131401342	1229	467	1003	520	232.13	0	-2.20	-4.49	0.00	0.00
1	657	131401383	1229	467	1003	520	232.13	0	-2.21	-4.49	0.00	0.00
1	658	131401424	1229	467	1003	520	232.13	0	-2.21	-4.48	0.00	0.00
1	659	131401464	1229	467	1003	520	232.13	0	-2.21	-4.48	0.00	0.00
1	660	131401505	1228	466	1003	520	231.39	0	-2.22	-4.48	0.00	0.00
1	661	131401546	1228	466	1003	520	231.39	0	-2.22	-4.48	0.00	0.00
1	662	131401587	1228	466	1003	520	231.39	0	-2.22	-4.48	0.00	0.00
1	663	131401627	1228	466	1003	520	231.39	0	-2.23	-4.48	0.00	0.00
1	664	131401668	1228	466	1003	520	231.39	0	-2.23	-4.48	0.00	0.00
1	665	131401709	1228	466	1003	520	231.39	0	-2.23	-4.47	0.00	0.00
1	666	131401750	1228	465	1003	520	231.62	0	-2.24	-4.47	0.00	-500.00
1	667	131401790	1228	465	1003	502	228.02	0	-2.24	-4.47	0.00	-500.00
1	668	131401831	1228	465	1003	479	225.44	0	-2.24	-4.47	0.00	-500.00
1	669	131401871	1228	465	1003	461	225.04	0	-2.24	-4.47	0.00	-500.00
1	670	131401912	1227	465	1003	438	225.62	0	-2.25	-4.47	500.00	-500.00
1	671	131401953	1227	465	1021	420	210.86	0	-2.25	-4.47	0.00	0.00
1	672	131401994	1227	464	1021	420	210.65	0	-2.25	-4.46	0.00	0.00
1	673	131402035	1227	464	1021	420	210.65	0	-2.26	-4.46	0.00	0.00
1	674	131402076	1227	464	1021	420	210.65	0	-2.26	-4.46	0.00	0.00
1	675	131402116	1227	464	1021	420	210.65	0	-2.26	-4.46	0.00	0.00
1	676	131402157	1227	464	1021	420	210.65	0	-2.27	-4.46	0.00	0.00
1	677	131402197	1227	463	1021	420	210.44	0	-2.27	-4.46	0.00	0.00
1	678	131402238	1227	463	1021	420	210.44	0	-2.27	-4.45	0.00	0.00
1	679	131402279	1227	463	1021	420	210.44	0	-2.27	-4.45	0.00	0.00
1	680	131402320	1227	463	1021	420	210.44	0	-2.28	-4.45	0.00	0.00
1	681	131402360	1226	463	1021	420	209.46	0	-2.28	-4.45	0.00	0.00
1	682	131402401	1226	462	1021	420	209.26	0	-2.28	-4.45	0.00	0.00
1	683	131402441	1226	462	1021	420	209.26	0	-2.29	-4.45	0.00	0.00
1	684	131402482	1226	462	1021	420	209.26	0	-2.29	-4.44	0.00	0.00
1	685	131402522	1226	462	1021	420	209.26	0	-2.29	-4.44	0.00	-500.00
1	686	131402563	1226	462	1021	397	215.06	0	-2.30	-4.44	0.00	-500.00
1	687	131402603	1226	462	1021	379	221.17	0	-2.30	-4.44	0.00	-500.00
1	688	131402644	1226	461	1021	356	230.33	0	-2.30	-4.44	0.00	-500.00
1	689	131402685	1226	461	1021	338	239.07	0	-2.30	-4.44	0.00	-500.00
1	690	131402726	1226	461	1021	315	251.68	0	-2.31	-4.44	0.00	-500.00
1	691	131402766	1226	461	1021	297	262.53	0	-2.31	-4.43	0.00	0.00
1	692	131402807	1225	461	1021	297	261.75	0	-2.31	-4.43	0.00	0.00
1	693	131402848	1225	460	1021	297	261.12	0	-2.32	-4.43	0.00	0.00
1	694	131402889	1225	460	1021	297	261.12	0	-2.32	-4.43	0.00	0.00
1	695	131402929	1225	460	1021	297	261.12	0	-2.32	-4.43	0.00	0.00
1	696	131402970	1225	460	1021	297	261.12	0	-2.33	-4.43	0.00	0.00
1	697	131403011	1225	460	1021	297	261.12	0	-2.33	-4.42	0.00	0.00
1	698	131403051	1225	460	1021	297	261.12	0	-2.33	-4.42	0.00	0.00
1	699	131403092	1225	459	1021	297	260.50	0	-2.34	-4.42	0.00	500.00
1	700	131403132	1225	459	1021	321	246.29	0	-2.34	-4.42	0.00	500.00
1	701	131403173	1225	459	1021	338	237.19	0	-2.34	-4.42	0.00	500.00
1	702	131403214	1224	459	1021	362	224.98	0	-2.34	-4.42	0.00	500.00
1	703	131403255	1224	459	1021	379	218.19	0	-2.35	-4.41	0.00	500.00
1	704	131403295	1224	458	1021	403	210.32	0	-2.35	-4.41	0.00	0.00
1	705	131403336	1224	458	1021	403	210.32	0	-2.35	-4.41	0.00	0.00
1	706	131403377	1224	458	1021	403	210.32	0	-2.36	-4.41	0.00	0.00
1	707	131403418	1224	458	1021	403	210.32	0	-2.36	-4.41	0.00	0.00
1	708	131403459	1224	458	1021	403	210.32	0	-2.36	-4.41	0.00	0.00
1	709	131403500	1224	458	1021	403	210.32	0	-2.37	-4.41	0.00	0.00
1	710	131403541	1224	457	1021	403	210.06	0	-2.37	-4.40	0.00	0.00
1	711	131403582	1224	457	1021	403	210.06	0	-2.37	-4.40	0.00	500.00
1	712	131403623	1224	457	1021	426	205.35	0	-2.37	-4.40	0.00	500.00
1	713	131403664	1223	457	1021	444	202.42	0	-2.38	-4.40	0.00	500.00
1	714	131403705	1223	457	1021	467	202.25	0	-2.38	-4.40	0.00	0.00
1	715	131403746	1223	457	1021	467	202.25	0	-2.38	-4.40	0.00	0.00
1	716	131403787	1223	456	1021	467	202.30	0	-2.39	-4.39	0.00	0.00
1	717	131403828	1223	456	1021	467	202.30	0	-2.39	-4.39	0.00	0.00
1	718	131403868	1223	456	1021	467	202.30	0	-2.39	-4.39	0.00	500.00
1	719	131403909	1223	456	1021	485	204.07	0	-2.40	-4.39	-500.00	500.00
1	720	131403950	1223	456	997	508	231.91	0	-2.40	-4.39	-500.00	500.00
1	721	131403991	1223	455	980	525	252.88	0	-2.40	-4.39	-500.00	500.00
1	722	131404032	1223	455	956	549	283.06	0	-2.40	-4.38	0.00	500.00
1	723	131404072	1222	455	956	567	288.62	0	-2.41	-4.38	0.00	0.00
1	724	131404113	1222	455	956	567	288.62	0	-2.41	-4.38	0.00	0.00
1	725	131404154	1222	455	956	567	288.62	0	-2.41	-4.38	0.00	0.00
1	726	131404195	1222	455	956	567	288.62	0	-2.42	-4.38	500.00	0.00
1	727	131404235	1222	454	974	567	272.53	0	-2.42	-4.38	500.00	-500.00
1	728	131404276	1222	454	997	543	241.96	0	-2.42	-4.37	500.00	-500.00
1	729	131404317	1222	454	1015	526	219.16	0	-2.43	-4.37	500.00	-500.00
1	730	131404357	1222	454	1038	502	190.16	0	-2.43	-4.37	500.00	-500.00
1	731	131404398	1222	454	1056	485	168.87	0	-2.43	-4.37	500.00	-500.00
1	732	131404439	1222	453	1079	461	143.22	0	-2.43	-4.37	0.00	0.00
1	733	131404480	1221	453	1079	461	142.23	0	-2.44	-4.37	0.00	0.00
1	734	131404520	1221	453	1079	461	142.23	0	-2.44	-4.36	0.00	0.00
1	735	131404561	1221	453	1079	461	142.23	0	-2.44	-4.36	0.00	0.00
1	736	131404601	1221	453	1079	461	142.23	0	-2.45	-4.36	0.00	0.00
1	737	131404642	1221	453	1079	461	142.23	0	-2.45	-4.36	500.00	0.00
1	738	131404682	1221	452	1103	461	118.34	0	-2.45	-4.36	500.00	0.00
1	739	131404722	1221	452	1120	461	101.40	0	-2.46	-4.36	500.00	0.00
1	740	131404763	1221	452	1144	461	77.52	0	-2.46	-4.35	500.00	0.00
1	741	131404804	1221	452	1161	461	60.67	0	-2.46	-4.35	500.00	0.00
1	742	131404845	1221	452	1185	461	37.11	0	-2.46	-4.35	500.00	0.00
1	743	131404885	1220	451	1202	461	20.59	0	-2.47	-4.35	500.00	0.00
1	744	131404926	1220	451	1226	461	11.66	0	-2.47	-4.35	500.00	0.00
1	745	131404966	1220	451	1243	461	25.08	0	-2.47	-4.35	500.00	0.00
1	746	131405007	1220	451	1267	461	48.05	0	-2.48	-4.34	500.00	0.00
1	747	131405047	1220	451	1284	461	64.78	0	-2.48	-4.34	0.00	0.00
1	748	131405088	1220	451	1284	461	64.78	0	-2.48	-4.34	0.00	0.00
1	749	131405129	1220	450	1284	461	64.94	0	-2.48	-4.34	0.00	0.00
1	750	131405170	1220	450	1284	461	64.94	0	-2.49	-4.34	-500.00	0.00
1	751	131405211	1220	450	1267	461	48.27	0	-2.49	-4.34	-500.00	0.00
1	752	131405251	1220	450	1243	461	25.50	0	-2.49	-4.33	-500.00	0.00
1	753	131405292	1219	450	1226	461	13.04	0	-2.50	-4.33	0.00	0.00
1	754	131405333	1219	450	1226	461	13.04	0	-2.50	-4.33	500.00	0.00
1	755	131405373	1219	449	1243	461	26.83	0	-2.50	-4.33	500.00	0.00
1	756	131405414	1219	449	1267	461	49.48	0	-2.51	-4.33	500.00	-500.00
1	757	131405455	1219	449	1284	444	65.19	0	-2.51	-4.33	500.00	-500.00
1	758	131405496	1219	449	1308	420	93.61	0	-2.51	-4.32	500.00	-500.00
1	759	131405536	1219	449	1325	403	115.55	0	-2.51	-4.32	500.00	-500.00
1	760	131405577	1219	448	1349	379	147.18	0	-2.52	-4.32	0.00	0.00
1	761	131405618	1219	448	1349	379	147.18	0	-2.52	-4.32	0.00	0.00
1	762	131405659	1218	448	1349	379	148.06	0	-2.52	-4.32	-500.00	0.00
1	763	131405700	1218	448	1331	379	132.40	0	-2.53	-4.31	-500.00	0.00
1	764	131405741	1218	448	1308	379	113.41	0	-2.53	-4.31	-500.00	0.00
1	765	131405781	1218	448	1290	379	99.72	0	-2.53	-4.31	-500.00	0.00
1	766	131405822	1218	447	1267	379	83.82	0	-2.54	-4.31	-500.00	0.00
1	767	131405863	1218	447	1249	379	74.73	0	-2.54	-4.31	-500.00	0.00
1	768	131405904	1218	447	1226	379	68.47	0	-2.54	-4.31	0.00	0.00
1	769	131405945	1218	447	1226	379	68.47	0	-2.54	-4.30	0.00	0.00
1	770	131405986	1218	447	1226	379	68.47	0	-2.55	-4.30	0.00	0.00
1	771	131406027	1218	447	1226	379	68.47	0	-2.55	-4.30	500.00	0.00
1	772	131406068	1217	446	1249	379	74.25	0	-2.55	-4.30	500.00	0.00
1	773	131406109	1217	446	1267	379	83.60	0	-2.56	-4.30	500.00	0.00
1	774	131406149	1217	446	1290	379	99.09	0	-2.56	-4.30	0.00	0.00
1	775	131406190	1217	446	1290	379	99.09	0	-2.56	-4.29	0.00	0.00
1	776	131406231	1217	446	1290	379	99.09	0	-2.56	-4.29	0.00	0.00
1	777	131406272	1217	445	1290	379	98.41	0	-2.57	-4.29	0.00	0.00
1	778	131406313	1217	445	1290	379	98.41	0	-2.57	-4.29	-500.00	0.00
1	779	131406353	1217	445	1272	379	85.91	0	-2.57	-4.29	-500.00	0.00
1	780	131406394	1217	445	1249	379	73.35	0	-2.58	-4.29	-500.00	0.00
1	781	131406434	1217	445	1231	379	67.47	0	-2.58	-4.28	-500.00	500.00
1	782	131406475	1216	445	1208	403	42.76	0	-2.58	-4.28	-500.00	500.00
1	783	131406515	1216	444	1190	420	35.38	0	-2.58	-4.28	-500.00	500.00
1	784	131406556	1216	444	1167	444	49.00	0	-2.59	-4.28	0.00	0.00
1	785	131406597	1216	444	1167	444	49.00	0	-2.59	-4.28	0.00	0.00
1	786	131406638	1216	444	1167	444	49.00	0	-2.59	-4.27	0.00	0.00
1	787	131406678	1216	444	1167	444	49.00	0	-2.60	-4.27	0.00	0.00
1	788	131406719	1216	444	1167	444	49.00	0	-2.60	-4.27	0.00	0.00
1	789	131406759	1216	443	1167	444	49.01	0	-2.60	-4.27	0.00	0.00
1	790	131406800	1216	443	1167	444	49.01	0	-2.61	-4.27	0.00	0.00
1	791	131406840	1215	443	1167	444	48.01	0	-2.61	-4.27	0.00	0.00
1	792	131406881	1215	443	1167	444	48.01	0	-2.61	-4.26	0.00	0.00
1	793	131406921	1215	443	1167	444	48.01	0	-2.61	-4.26	0.00	0.00
1	794	131406962	1215	442	1167	444	48.04	0	-2.62	-4.26	0.00	0.00
1	795	131407003	1215	442	1167	444	48.04	0	-2.62	-4.26	0.00	500.00
1	796	131407044	1215	442	1167	467	54.12	0	-2.62	-4.26	0.00	500.00
1	797	131407084	1215	442	1167	484	63.78	0	-2.63	-4.26	0.00	500.00
1	798	131407125	1215	442	1167	508	81.61	0	-2.63	-4.25	0.00	500.00
1	799	131407165	1215	442	1167	526	96.75	0	-2.63	-4.25	0.00	500.00
1	800	131407206	1214	441	1167	549	117.78	0	-2.63	-4.25	0.00	500.00
1	801	131407247	1214	441	1167	566	133.54	0	-2.64	-4.25	0.00	0.00
1	802	131407288	1214	441	1167	566	133.54	0	-2.64	-4.25	0.00	0.00
1	803	131407328	1214	441	1167	566	133.54	0	-2.64	-4.24	0.00	0.00
1	804	131407369	1214	441	1167	566	133.54	0	-2.65	-4.24	0.00	0.00
1	805	131407410	1214	441	1167	566	133.54	0	-2.65	-4.24	0.00	0.00
1	806	131407450	1214	440	1167	566	134.48	0	-2.65	-4.24	0.00	0.00
1	807	131407491	1214	440	1167	566	134.48	0	-2.65	-4.24	0.00	0.00
1	808	131407532	1214	440	1167	566	134.48	0	-2.66	-4.23	0.00	0.00
1	809	131407572	1214	440	1167	566	134.48	0	-2.66	-4.23	0.00	0.00
1	810	131407613	1213	440	1167	566	134.13	0	-2.66	-4.23	0.00	0.00
1	811	131407653	1213	440	1167	566	134.13	0	-2.67	-4.23	0.00	0.00
1	812	131407694	1213	439	1167	566	135.07	0	-2.67	-4.23	0.00	0.00
1	813	131407735	1213	439	1167	566	135.07	0	-2.67	-4.23	0.00	0.00
1	814	131407776	1213	439	1167	566	135.07	0	-2.68	-4.22	0.00	0.00
1	815	131407816	1213	439	1167	566	135.07	0	-2.68	-4.22	0.00	0.00
1	816	131407857	1213	439	1167	566	135.07	0	-2.68	-4.22	500.00	-500.00
1	817	131407897	1213	438	1184	548	113.76	0	-2.68	-4.22	500.00	-500.00
1	818	131407938	1212	438	1208	525	87.09	0	-2.69	-4.22	500.00	-500.00
1	819	131407978	1212	438	1225	508	71.20	0	-2.69	-4.22	500.00	-500.00
1	820	131408019	1212	438	1249	484	59.03	0	-2.69	-4.21	500.00	-500.00
1	821	131408059	1212	438	1266	466	60.83	0	-2.70	-4.21	500.00	0.00
1	822	131408100	1212	438	1290	466	82.87	0	-2.70	-4.21	0.00	0.00
1	823	131408141	1212	437	1290	466	83.22	0	-2.70	-4.21	0.00	0.00
1	824	131408182	1212	437	1290	466	83.22	0	-2.70	-4.21	0.00	0.00
1	825	131408222	1212	437	1290	466	83.22	0	-2.71	-4.20	0.00	0.00
1	826	131408263	1212	437	1290	466	83.22	0	-2.71	-4.20	0.00	0.00
1	827	131408303	1212	437	1290	466	83.22	0	-2.71	-4.20	0.00	0.00
1	828	131408344	1211	437	1290	466	84.15	0	-2.72	-4.20	0.00	0.00
1	829	131408384	1211	436	1290	466	84.50	0	-2.72	-4.20	0.00	0.00
1	830	131408425	1211	436	1290	466	84.50	0	-2.72	-4.19	-500.00	-500.00
1	831	131408465	1211	436	1266	443	55.44	0	-2.72	-4.19	-500.00	-500.00
1	832	131408506	1211	436	1249	425	39.56	0	-2.73	-4.19	-500.00	-500.00
1	833	131408546	1211	436	1225	402	36.77	0	-2.73	-4.19	-500.00	0.00
1	834	131408586	1211	436	1208	402	34.13	0	-2.73	-4.19	0.00	0.00
1	835	131408627	1211	435	1208	402	33.14	0	-2.74	-4.19	0.00	0.00
1	836	131408668	1211	435	1208	402	33.14	0	-2.74	-4.18	0.00	0.00
1	837	131408708	1210	435	1208	402	33.06	0	-2.74	-4.18	0.00	0.00
1	838	131408749	1210	435	1208	402	33.06	0	-2.74	-4.18	0.00	0.00
1	839	131408789	1210	435	1208	402	33.06	0	-2.75	-4.18	0.00	0.00
1	840	131408830	1210	435	1208	402	33.06	0	-2.75	-4.18	0.00	0.00
1	841	131408870	1210	434	1208	402	32.06	0	-2.75	-4.17	0.00	0.00
1	842	131408911	1210	434	1208	402	32.06	0	-2.76	-4.17	0.00	0.00
1	843	131408951	1210	434	1208	402	32.06	0	-2.76	-4.17	0.00	0.00
1	844	131408991	1210	434	1208	402	32.06	0	-2.76	-4.17	0.00	0.00
1	845	131409032	1209	434	1208	402	32.02	0	-2.76	-4.17	0.00	0.00
1	846	131409073	1209	434	1208	402	32.02	0	-2.77	-4.16	0.00	0.00
1	847	131409113	1209	433	1208	402	31.02	0	-2.77	-4.16	0.00	0.00
1	848	131409154	1209	433	1208	402	31.02	0	-2.77	-4.16	0.00	0.00
1	849	131409195	1209	433	1208	402	31.02	0	-2.78	-4.16	0.00	0.00
1	850	131409236	1209	433	1208	402	31.02	0	-2.78	-4.16	0.00	0.00
1	851	131409277	1209	433	1208	402	31.02	0	-2.78	-4.16	0.00	0.00
1	852	131409318	1209	432	1208	402	30.02	0	-2.78	-4.15	0.00	0.00
1	853	131409358	1209	432	1208	402	30.02	0	-2.79	-4.15	0.00	0.00
1	854	131409399	1208	432	1208	402	30.00	0	-2.79	-4.15	0.00	0.00
1	855	131409439	1208	432	1208	402	30.00	0	-2.79	-4.15	0.00	0.00
1	856	131409480	1208	432	1208	402	30.00	0	-2.79	-4.15	0.00	0.00
1	857	131409521	1208	432	1208	402	30.00	0	-2.80	-4.14	0.00	0.00
1	858	131409562	1208	431	1208	402	29.00	0	-2.80	-4.14	0.00	0.00
1	859	131409602	1208	431	1208	402	29.00	0	-2.80	-4.14	0.00	0.00
1	860	131409643	1208	431	1208	402	29.00	0	-2.81	-4.14	0.00	0.00
1	861	131409683	1208	431	1208	402	29.00	0	-2.81	-4.14	0.00	0.00
1	862	131409724	1208	431	1208	402	29.00	0	-2.81	-4.13	0.00	0.00
1	863	131409764	1207	431	1208	402	29.02	0	-2.82	-4.13	0.00	0.00
1	864	131409805	1207	430	1208	402	28.02	0	-2.82	-4.13	0.00	0.00
1	865	131409846	1207	430	1208	402	28.02	0	-2.82	-4.13	0.00	0.00
1	866	131409887	1207	430	1208	402	28.02	0	-2.82	-4.13	0.00	0.00
1	867	131409927	1207	430	1208	402	28.02	0	-2.83	-4.12	0.00	0.00
1	868	131409968	1207	430	1208	402	28.02	0	-2.83	-4.12	0.00	0.00
1	869	131410008	1207	430	1208	402	28.02	0	-2.83	-4.12	0.00	0.00
1	870	131410049	1207	429	1208	402	27.02	0	-2.83	-4.12	0.00	0.00
1	871	131410089	1207	429	1208	402	27.02	0	-2.84	-4.12	0.00	0.00
1	872	131410130	1206	429	1208	402	27.07	0	-2.84	-4.12	0.00	0.00
1	873	131410171	1206	429	1208	402	27.07	0	-2.84	-4.11	0.00	0.00
1	874	131410212	1206	429	1208	402	27.07	0	-2.85	-4.11	0.00	0.00
1	875	131410252	1206	429	1208	402	27.07	0	-2.85	-4.11	0.00	0.00
1	876	131410293	1206	428	1208	402	26.08	0	-2.85	-4.11	0.00	0.00
1	877	131410333	1206	428	1208	402	26.08	0	-2.85	-4.11	0.00	0.00
1	878	131410374	1206	428	1208	402	26.08	0	-2.86	-4.10	0.00	0.00
1	879	131410414	1206	428	1208	402	26.08	0	-2.86	-4.10	0.00	0.00
1	880	131410455	1205	428	1208	402	26.17	0	-2.86	-4.10	0.00	0.00
1	881	131410495	1205	428	1208	402	26.17	0	-2.87	-4.10	0.00	0.00
1	882	131410536	1205	427	1208	402	25.18	0	-2.87	-4.10	0.00	0.00
1	883	131410576	1205	427	1208	402	25.18	0	-2.87	-4.09	0.00	0.00
1	884	131410617	1205	427	1208	402	25.18	0	-2.87	-4.09	0.00	0.00
1	885	131410657	1205	427	1208	402	25.18	0	-2.88	-4.09	0.00	0.00
1	886	131410698	1205	427	1208	402	25.18	0	-2.88	-4.09	0.00	0.00
1	887	131410738	1205	427	1208	402	25.18	0	-2.88	-4.09	0.00	0.00
1	888	131410779	1205	426	1208	402	24.19	0	-2.88	-4.08	0.00	0.00
1	889	131410819	1204	426	1208	402	24.33	0	-2.89	-4.08	0.00	0.00
1	890	131410860	1204	426	1208	402	24.33	0	-2.89	-4.08	0.00	0.00
1	891	131410900	1204	426	1208	402	24.33	0	-2.89	-4.08	0.00	0.00
1	892	131410941	1204	426	1208	402	24.33	0	-2.90	-4.08	0.00	0.00
1	893	131410982	1204	426	1208	402	24.33	0	-2.90	-4.07	0.00	0.00
1	894	131411022	1204	425	1208	402	23.35	0	-2.90	-4.07	0.00	0.00
1	895	131411063	1204	425	1208	402	23.35	0	-2.90	-4.07	0.00	0.00
1	896	131411104	1204	425	1208	402	23.35	0	-2.91	-4.07	0.00	0.00
1	897	131411144	1203	425	1208	402	23.54	0	-2.91	-4.07	0.00	0.00
1	898	131411185	1203	425	1208	402	23.54	0	-2.91	-4.06	0.00	0.00
1	899	131411226	1203	425	1208	402	23.54	0	-2.92	-4.06	0.00	0.00
1	900	131411267	1203	424	1208	402	22.56	0	-2.92	-4.06	0.00	0.00
1	901	131411308	1203	424	1208	402	22.56	0	-2.92	-4.06	0.00	0.00
1	902	131411349	1203	424	1208	402	22.56	0	-2.92	-4.06	0.00	0.00
1	903	131411390	1203	424	1208	402	22.56	0	-2.93	-4.05	0.00	0.00
1	904	131411431	1203	424	1208	402	22.56	0	-2.93	-4.05	0.00	0.00
1	905	131411472	1202	424	1208	402	22.80	0	-2.93	-4.05	0.00	0.00
1	906	131411513	1202	423	1208	402	21.84	0	-2.93	-4.05	0.00	0.00
1	907	131411554	1202	423	1208	402	21.84	0	-2.94	-4.05	0.00	0.00
1	908	131411595	1202	423	1208	402	21.84	0	-2.94	-4.04	0.00	0.00
1	909	131411636	1202	423	1208	402	21.84	0	-2.94	-4.04	0.00	0.00
1	910	131411677	1202	423	1208	402	21.84	0	-2.95	-4.04	0.00	0.00
1	911	131411718	1202	423	1208	402	21.84	0	-2.95	-4.04	0.00	0.00
1	912	131411759	1202	422	1208	402	20.88	0	-2.95	-4.04	0.00	0.00
1	913	131411800	1202	422	1208	402	20.88	0	-2.95	-4.03	0.00	0.00
1	914	131411841	1201	422	1208	402	21.19	0	-2.96	-4.03	0.00	0.00
1	915	131411882	1201	422	1208	402	21.19	0	-2.96	-4.03	0.00	0.00
1	916	131411923	1201	422	1208	402	21.19	0	-2.96	-4.03	0.00	0.00
1	917	131411964	1201	422	1208	402	21.19	0	-2.97	-4.03	0.00	0.00
1	918	131412005	1201	421	1208	402	20.25	0	-2.97	-4.02	0.00	0.00
1	919	131412046	1201	421	1208	402	20.25	0	-2.97	-4.02	0.00	0.00
1	920	131412087	1201	421	1208	402	20.25	0	-2.97	-4.02	0.00	0.00
1	921	131412128	1201	421	1208	402	20.25	0	-2.98	-4.02	0.00	0.00
1	922	131412168	1200	421	1208	402	20.62	0	-2.98	-4.02	0.00	0.00
1	923	131412209	1200	421	1208	402	20.62	0	-2.98	-4.01	0.00	0.00
1	924	131412250	1200	420	1208	402	19.70	0	-2.98	-4.01	0.00	0.00
1	925	131412291	1200	420	1208	402	19.70	0	-2.99	-4.01	0.00	0.00
1	926	131412332	1200	420	1208	402	19.70	0	-2.99	-4.01	0.00	0.00
1	927	131412373	1200	420	1208	402	19.70	0	-2.99	-4.01	0.00	0.00
1	928	131412413	1200	420	1208	402	19.70	0	-3.00	-4.00	0.00	0.00
1	929	131412454	1200	420	1208	402	19.70	0	-3.00	-4.00	0.00	0.00
1	930	131412495	1199	419	1208	402	19.24	0	-3.00	-4.00	0.00	0.00
1	931	131412536	1199	419	1208	402	19.24	0	-3.00	-4.00	0.00	0.00
1	932	131412577	1199	419	1208	402	19.24	0	-3.01	-4.00	0.00	0.00
1	933	131412618	1199	419	1208	402	19.24	0	-3.01	-3.99	0.00	0.00
1	934	131412659	1199	419	1208	402	19.24	0	-3.01	-3.99	0.00	0.00
1	935	131412699	1199	419	1208	402	19.24	0	-3.02	-3.99	0.00	0.00
1	936	131412740	1199	418	1208	402	18.36	0	-3.02	-3.99	0.00	0.00
1	937	131412781	1199	418	1208	402	18.36	0	-3.02	-3.98	0.00	0.00
1	938	131412822	1198	418	1208	402	18.87	0	-3.02	-3.98	0.00	0.00
1	939	131412863	1198	418	1208	402	18.87	0	-3.03	-3.98	0.00	0.00
1	940	131412904	1198	418	1208	402	18.87	0	-3.03	-3.98	0.00	0.00
1	941	131412945	1198	418	1208	402	18.87	0	-3.03	-3.98	0.00	0.00
1	942	131412986	1198	417	1208	402	18.03	0	-3.03	-3.97	0.00	0.00
1	943	131413027	1198	417	1208	402	18.03	0	-3.04	-3.97	0.00	0.00
1	944	131413068	1198	417	1208	402	18.03	0	-3.04	-3.97	0.00	0.00
1	945	131413109	1198	417	1208	402	18.03	0	-3.04	-3.97	0.00	0.00
1	946	131413150	1197	417	1208	402	18.60	0	-3.04	-3.97	0.00	0.00
1	947	131413191	1197	417	1208	402	18.60	0	-3.05	-3.96	0.00	0.00
1	948	131413231	1197	417	1208	402	18.60	0	-3.05	-3.96	0.00	0.00
1	949	131413272	1197	416	1208	402	17.80	0	-3.05	-3.96	0.00	0.00
1	950	131413313	1197	416	1208	402	17.80	0	-3.06	-3.96	0.00	0.00
1	951	131413354	1197	416	1208	402	17.80	0	-3.06	-3.96	0.00	0.00
1	952	131413395	1197	416	1208	402	17.80	0	-3.06	-3.95	0.00	0.00
1	953	131413436	1197	416	1208	402	17.80	0	-3.06	-3.95	0.00	0.00
1	954	131413477	1196	416	1208	402	18.44	0	-3.07	-3.95	0.00	0.00
1	955	131413518	1196	415	1208	402	17.69	0	-3.07	-3.95	0.00	0.00
1	956	131413559	1196	415	1208	402	17.69	0	-3.07	-3.95	0.00	0.00
1	957	131413600	1196	415	1208	402	17.69	0	-3.07	-3.94	0.00	0.00
1	958	131413641	1196	415	1208	402	17.69	0	-3.08	-3.94	0.00	0.00
1	959	131413682	1196	415	1208	402	17.69	0	-3.08	-3.94	0.00	0.00
1	960	131413723	1196	415	1208	402	17.69	0	-3.08	-3.94	0.00	0.00
1	961	131413764	1196	414	1208	402	16.97	0	-3.09	-3.93	0.00	0.00
1	962	131413805	1195	414	1208	402	17.69	0	-3.09	-3.93	0.00	0.00
1	963	131413846	1195	414	1208	402	17.69	0	-3.09	-3.93	0.00	0.00
1	964	131413887	1195	414	1208	402	17.69	0	-3.09	-3.93	0.00	0.00
1	965	131413928	1195	414	1208	402	17.69	0	-3.10	-3.93	0.00	0.00
1	966	131413969	1195	414	1208	402	17.69	0	-3.10	-3.92	0.00	0.00
1	967	131414010	1195	413	1208	402	17.03	0	-3.10	-3.92	0.00	0.00
1	968	131414051	1195	413	1208	402	17.03	0	-3.10	-3.92	0.00	0.00
1	969	131414092	1195	413	1208	402	17.03	0	-3.11	-3.92	0.00	0.00
1	970	131414133	1194	413	1208	402	17.80	0	-3.11	-3.92	0.00	0.00
1	971	131414173	1194	413	1208	402	17.80	0	-3.11	-3.91	0.00	0.00
1	972	131414214	1194	413	1208	402	17.80	0	-3.11	-3.91	0.00	0.00
1	973	131414254	1194	412	1208	402	17.20	0	-3.12	-3.91	0.00	0.00
1	974	131414295	1194	412	1208	402	17.20	0	-3.12	-3.91	0.00	0.00
1	975	131414335	1194	412	1208	402	17.20	0	-3.12	-3.90	0.00	0.00
1	976	131414376	1194	412	1208	402	17.20	0	-3.13	-3.90	0.00	0.00
1	977	131414417	1194	412	1208	402	17.20	0	-3.13	-3.90	0.00	0.00
1	978	131414458	1193	412	1208	402	18.03	0	-3.13	-3.90	0.00	0.00
1	979	131414498	1193	411	1208	402	17.49	0	-3.13	-3.90	0.00	0.00
1	980	131414539	1193	411	1208	402	17.49	0	-3.14	-3.89	0.00	0.00
1	981	131414580	1193	411	1208	402	17.49	0	-3.14	-3.89	0.00	0.00
1	982	131414620	1193	411	1208	402	17.49	0	-3.14	-3.89	0.00	0.00
1	983	131414661	1193	411	1208	402	17.49	0	-3.14	-3.89	0.00	0.00
1	984	131414702	1193	411	1208	402	17.49	0	-3.15	-3.89	0.00	0.00
1	985	131414742	1192	411	1208	402	18.36	0	-3.15	-3.88	0.00	0.00
1	986	131414783	1192	410	1208	402	17.89	0	-3.15	-3.88	0.00	0.00
1	987	131414824	1192	410	1208	402	17.89	0	-3.15	-3.88	0.00	0.00
1	988	131414865	1192	410	1208	402	17.89	0	-3.16	-3.88	0.00	0.00
1	989	131414905	1192	410	1208	402	17.89	0	-3.16	-3.87	0.00	0.00
1	990	131414946	1192	410	1208	402	17.89	0	-3.16	-3.87	0.00	0.00
1	991	131414987	1192	410	1208	402	17.89	0	-3.17	-3.87	0.00	0.00
1	992	131415028	1192	409	1208	402	17.46	0	-3.17	-3.87	0.00	0.00
1	993	131415069	1191	409	1208	402	18.38	0	-3.17	-3.87	0.00	0.00
1	994	131415110	1191	409	1208	402	18.38	0	-3.17	-3.86	0.00	0.00
1	995	131415150	1191	409	1208	402	18.38	0	-3.18	-3.86	0.00	0.00
1	996	131415191	1191	409	1208	402	18.38	0	-3.18	-3.86	0.00	0.00
1	997	131415232	1191	409	1208	402	18.38	0	-3.18	-3.86	0.00	0.00
1	998	131415272	1191	408	1208	402	18.03	0	-3.18	-3.86	0.00	0.00
1	999	131415313	1191	408	1208	402	18.03	0	-3.19	-3.85	0.00	0.00
1	1000	131415354	1191	408	1208	402	18.03	0	-3.19	-3.85	0.00	0.00
1	1001	131415394	1190	408	1208	402	18.97	0	-3.19	-3.85	0.00	0.00
1	1002	131415435	1190	408	1208	402	18.97	0	-3.19	-3.85	0.00	0.00
1	1003	131415475	1190	408	1208	402	18.97	0	-3.20	-3.84	0.00	0.00
1	1004	131415516	1190	408	1208	402	18.97	0	-3.20	-3.84	0.00	0.00
1	1005	131415557	1190	407	1208	402	18.68	0	-3.20	-3.84	0.00	0.00
1	1006	131415598	1190	407	1208	402	18.68	0	-3.20	-3.84	0.00	0.00
1	1007	131415639	1190	407	1208	402	18.68	0	-3.21	-3.84	0.00	0.00
1	1008	131415680	1190	407	1208	402	18.68	0	-3.21	-3.83	0.00	0.00
1	1009	131415721	1189	407	1208	402	19.65	0	-3.21	-3.83	0.00	0.00
1	1010	131415762	1189	407	1208	402	19.65	0	-3.22	-3.83	0.00	0.00
1	1011	131415802	1189	406	1208	402	19.42	0	-3.22	-3.83	0.00	0.00
1	1012	131415843	1189	406	1208	402	19.42	0	-3.22	-3.82	0.00	0.00
1	1013	131415883	1189	406	1208	402	19.42	0	-3.22	-3.82	0.00	0.00
1	1014	131415924	1189	406	1208	402	19.42	0	-3.23	-3.82	0.00	0.00
1	1015	131415964	1189	406	1208	402	19.42	0	-3.23	-3.82	0.00	0.00
1	1016	131416005	1188	406	1208	402	20.40	0	-3.23	-3.82	0.00	0.00
1	1017	131416046	1188	405	1208	402	20.22	0	-3.23	-3.81	0.00	0.00
1	1018	131416087	1188	405	1208	402	20.22	0	-3.24	-3.81	0.00	0.00
1	1019	131416128	1188	405	1208	402	20.22	0	-3.24	-3.81	0.00	0.00
1	1020	131416169	1188	405	1208	402	20.22	0	-3.24	-3.81	0.00	0.00
1	1021	131416210	1188	405	1208	402	20.22	0	-3.24	-3.80	0.00	0.00
1	1022	131416251	1188	405	1208	402	20.22	0	-3.25	-3.80	0.00	0.00
1	1023	131416291	1188	405	1208	402	20.22	0	-3.25	-3.80	0.00	0.00
1	1024	131416332	1187	404	1208	402	21.10	0	-3.25	-3.80	0.00	0.00
1	1025	131416373	1187	404	1208	402	21.10	0	-3.25	-3.80	0.00	0.00
1	1026	131416414	1187	404	1208	402	21.10	0	-3.26	-3.79	0.00	0.00
1	1027	131416455	1187	404	1208	402	21.10	0	-3.26	-3.79	0.00	0.00
1	1028	131416496	1187	404	1208	402	21.10	0	-3.26	-3.79	0.00	0.00
1	1029	131416536	1187	404	1208	402	21.10	0	-3.26	-3.79	0.00	0.00
1	1030	131416577	1187	403	1208	402	21.02	0	-3.27	-3.78	0.00	0.00
1	1031	131416618	1186	403	1208	402	22.02	0	-3.27	-3.78	0.00	0.00
1	1032	131416659	1186	403	1208	402	22.02	0	-3.27	-3.78	0.00	0.00
1	1033	131416699	1186	403	1208	402	22.02	0	-3.28	-3.78	0.00	0.00
1	1034	131416740	1186	403	1208	402	22.02	0	-3.28	-3.78	0.00	0.00
1	1035	131416780	1186	403	1208	402	22.02	0	-3.28	-3.77	0.00	0.00
1	1036	131416821	1186	403	1208	402	22.02	0	-3.28	-3.77	0.00	0.00
1	1037	131416861	1186	402	1208	402	22.00	0	-3.29	-3.77	0.00	0.00
1	1038	131416902	1186	402	1208	402	22.00	0	-3.29	-3.77	0.00	0.00
1	1039	131416942	1185	402	1208	402	23.00	0	-3.29	-3.76	0.00	0.00
1	1040	131416983	1185	402	1208	402	23.00	0	-3.29	-3.76	0.00	0.00
1	1041	131417024	1185	402	1208	402	23.00	0	-3.30	-3.76	0.00	0.00
1	1042	131417065	1185	402	1208	402	23.00	0	-3.30	-3.76	0.00	0.00
1	1043	131417105	1185	401	1208	402	23.02	0	-3.30	-3.76	0.00	0.00
1	1044	131417146	1185	401	1208	402	23.02	0	-3.30	-3.75	0.00	0.00
1	1045	131417187	1185	401	1208	402	23.02	0	-3.31	-3.75	0.00	0.00
1	1046	131417228	1184	401	1208	402	24.02	0	-3.31	-3.75	0.00	0.00
1	1047	131417269	1184	401	1208	402	24.02	0	-3.31	-3.75	0.00	0.00
1	1048	131417310	1184	401	1208	402	24.02	0	-3.31	-3.74	0.00	0.00
1	1049	131417350	1184	401	1208	402	24.02	0	-3.32	-3.74	0.00	0.00
1	1050	131417391	1184	400	1208	402	24.08	0	-3.32	-3.74	0.00	0.00
1	1051	131417432	1184	400	1208	402	24.08	0	-3.32	-3.74	0.00	0.00
1	1052	131417473	1184	400	1208	402	24.08	0	-3.32	-3.74	0.00	0.00
1	1053	131417514	1183	400	1208	402	25.08	0	-3.33	-3.73	0.00	0.00
1	1054	131417555	1183	400	1208	402	25.08	0	-3.33	-3.73	0.00	0.00
1	1055	131417596	1183	400	1208	402	25.08	0	-3.33	-3.73	0.00	0.00
1	1056	131417637	1183	399	1208	402	25.18	0	-3.33	-3.73	0.00	0.00
1	1057	131417678	1183	399	1208	402	25.18	0	-3.34	-3.72	0.00	0.00
1	1058	131417719	1183	399	1208	402	25.18	0	-3.34	-3.72	0.00	0.00
1	1059	131417759	1183	399	1208	402	25.18	0	-3.34	-3.72	0.00	0.00
1	1060	131417800	1183	399	1208	402	25.18	0	-3.34	-3.72	0.00	0.00
1	1061	131417840	1182	399	1208	402	26.17	0	-3.35	-3.71	0.00	0.00
1	1062	131417881	1182	399	1208	402	26.17	0	-3.35	-3.71	0.00	0.00
1	1063	131417922	1182	398	1208	402	26.31	0	-3.35	-3.71	0.00	0.00
1	1064	131417963	1182	398	1208	402	26.31	0	-3.35	-3.71	0.00	0.00
1	1065	131418004	1182	398	1208	402	26.31	0	-3.36	-3.71	0.00	0.00
1	1066	131418045	1182	398	1208	402	26.31	0	-3.36	-3.70	0.00	0.00
1	1067	131418085	1182	398	1208	402	26.31	0	-3.36	-3.70	0.00	0.00
1	1068	131418126	1181	398	1208	402	27.29	0	-3.36	-3.70	0.00	0.00
1	1069	131418167	1181	397	1208	402	27.46	0	-3.37	-3.70	0.00	0.00
1	1070	131418207	1181	397	1208	402	27.46	0	-3.37	-3.69	0.00	0.00
1	1071	131418247	1181	397	1208	402	27.46	0	-3.37	-3.69	0.00	0.00
1	1072	131418288	1181	397	1208	402	27.46	0	-3.37	-3.69	0.00	0.00
1	1073	131418329	1181	397	1208	402	27.46	0	-3.38	-3.69	0.00	0.00
1	1074	131418370	1181	397	1208	402	27.46	0	-3.38	-3.68	0.00	0.00
1	1075	131418410	1180	397	1208	402	28.44	0	-3.38	-3.68	0.00	0.00
1	1076	131418451	1180	396	1208	402	28.64	0	-3.38	-3.68	0.00	0.00
1	1077	131418491	1180	396	1208	402	28.64	0	-3.39	-3.68	0.00	0.00
1	1078	131418532	1180	396	1208	402	28.64	0	-3.39	-3.68	0.00	0.00
1	1079	131418572	1180	396	1208	402	28.64	0	-3.39	-3.67	0.00	0.00
1	1080	131418613	1180	396	1208	402	28.64	0	-3.39	-3.67	0.00	0.00
1	1081	131418654	1180	396	1208	402	28.64	0	-3.40	-3.67	0.00	0.00
1	1082	131418694	1179	396	1208	402	29.61	0	-3.40	-3.67	0.00	0.00
1	1083	131418735	1179	395	1208	402	29.83	0	-3.40	-3.66	0.00	0.00
1	1084	131418776	1179	395	1208	402	29.83	0	-3.40	-3.66	0.00	0.00
1	1085	131418816	1179	395	1208	402	29.83	0	-3.41	-3.66	0.00	0.00
1	1086	131418857	1179	395	1208	402	29.83	0	-3.41	-3.66	0.00	0.00
1	1087	131418898	1179	395	1208	402	29.83	0	-3.41	-3.65	0.00	0.00
1	1088	131418939	1179	395	1208	402	29.83	0	-3.41	-3.65	0.00	0.00
1	1089	131418980	1178	394	1208	402	31.05	0	-3.42	-3.65	0.00	0.00
1	1090	131419020	1178	394	1208	402	31.05	0	-3.42	-3.65	0.00	0.00
1	1091	131419061	1178	394	1208	402	31.05	0	-3.42	-3.64	0.00	0.00
1	1092	131419101	1178	394	1208	402	31.05	0	-3.42	-3.64	0.00	0.00
1	1093	131419141	1178	394	1208	402	31.05	0	-3.43	-3.64	0.00	0.00
1	1094	131419182	1178	394	1208	402	31.05	0	-3.43	-3.64	0.00	0.00
1	1095	131419222	1178	394	1208	402	31.05	0	-3.43	-3.64	0.00	0.00
1	1096	131419263	1178	393	1208	402	31.32	0	-3.43	-3.63	0.00	0.00
1	1097	131419303	1177	393	1208	402	32.28	0	-3.44	-3.63	0.00	0.00
1	1098	131419344	1177	393	1208	402	32.28	0	-3.44	-3.63	0.00	0.00
1	1099	131419384	1177	393	1208	402	32.28	0	-3.44	-3.63	0.00	0.00
1	1100	131419425	1177	393	1208	402	32.28	0	-3.44	-3.62	0.00	0.00
1	1101	131419466	1177	393	1208	402	32.28	0	-3.45	-3.62	0.00	0.00
1	1102	131419506	1177	393	1208	402	32.28	0	-3.45	-3.62	0.00	0.00
1	1103	131419547	1177	392	1208	402	32.57	0	-3.45	-3.62	0.00	0.00
1	1104	131419588	1176	392	1208	402	33.53	0	-3.45	-3.61	0.00	0.00
1	1105	131419628	1176	392	1208	402	33.53	0	-3.46	-3.61	0.00	0.00
1	1106	131419668	1176	392	1208	402	33.53	0	-3.46	-3.61	0.00	0.00
1	1107	131419709	1176	392	1208	402	33.53	0	-3.46	-3.61	0.00	0.00
1	1108	131419750	1176	392	1208	402	33.53	0	-3.46	-3.61	0.00	0.00
1	1109	131419790	1176	391	1208	402	33.84	0	-3.47	-3.60	0.00	0.00
1	1110	131419831	1176	391	1208	402	33.84	0	-3.47	-3.60	0.00	0.00
1	1111	131419871	1175	391	1208	402	34.79	0	-3.47	-3.60	0.00	0.00
1	1112	131419912	1175	391	1208	402	34.79	0	-3.47	-3.60	0.00	0.00
1	1113	131419953	1175	391	1208	402	34.79	0	-3.48	-3.59	0.00	0.00
1	1114	131419993	1175	391	1208	402	34.79	0	-3.48	-3.59	0.00	0.00
1	1115	131420034	1175	391	1208	402	34.79	0	-3.48	-3.59	0.00	0.00
1	1116	131420074	1175	390	1208	402	35.11	0	-3.48	-3.59	0.00	0.00
1	1117	131420115	1175	390	1208	402	35.11	0	-3.49	-3.58	0.00	0.00
1	1118	131420156	1174	390	1208	402	36.06	0	-3.49	-3.58	0.00	0.00
1	1119	131420196	1174	390	1208	402	36.06	0	-3.49	-3.58	0.00	0.00
1	1120	131420237	1174	390	1208	402	36.06	0	-3.49	-3.58	0.00	0.00
1	1121	131420277	1174	390	1208	402	36.06	0	-3.50	-3.57	0.00	0.00
1	1122	131420318	1174	390	1208	402	36.06	0	-3.50	-3.57	0.00	0.00
1	1123	131420359	1174	389	1208	402	36.40	0	-3.50	-3.57	0.00	0.00
1	1124	131420399	1174	389	1208	402	36.40	0	-3.50	-3.57	0.00	0.00
1	1125	131420440	1173	389	1208	402	37.34	0	-3.51	-3.56	0.00	0.00
1	1126	131420481	1173	389	1208	402	37.34	0	-3.51	-3.56	0.00	0.00
1	1127	131420521	1173	389	1208	402	37.34	0	-3.51	-3.56	0.00	0.00
1	1128	131420562	1173	389	1208	402	37.34	0	-3.51	-3.56	0.00	0.00
1	1129	131420602	1173	389	1208	402	37.34	0	-3.52	-3.56	0.00	0.00
1	1130	131420643	1173	388	1208	402	37.70	0	-3.52	-3.55	0.00	0.00
1	1131	131420684	1172	388	1208	402	38.63	0	-3.52	-3.55	0.00	0.00
1	1132	131420725	1172	388	1208	402	38.63	0	-3.52	-3.55	0.00	0.00
1	1133	131420766	1172	388	1208	402	38.63	0	-3.53	-3.55	0.00	0.00
1	1134	131420807	1172	388	1208	402	38.63	0	-3.53	-3.54	0.00	0.00
1	1135	131420847	1172	388	1208	402	38.63	0	-3.53	-3.54	0.00	0.00
1	1136	131420888	1172	388	1208	402	38.63	0	-3.53	-3.54	0.00	0.00
1	1137	131420929	1172	387	1208	402	39.00	0	-3.54	-3.54	0.00	0.00
1	1138	131420970	1171	387	1208	402	39.92	0	-3.54	-3.53	0.00	0.00
1	1139	131421010	1171	387	1208	402	39.92	0	-3.54	-3.53	0.00	0.00
1	1140	131421051	1171	387	1208	402	39.92	0	-3.54	-3.53	0.00	0.00
1	1141	131421092	1171	387	1208	402	39.92	0	-3.54	-3.53	0.00	0.00
1	1142	131421133	1171	387	1208	402	39.92	0	-3.55	-3.52	0.00	0.00
1	1143	131421173	1171	387	1208	402	39.92	0	-3.55	-3.52	0.00	0.00
1	1144	131421214	1171	386	1208	402	40.31	0	-3.55	-3.52	0.00	0.00
1	1145	131421254	1171	386	1208	402	40.31	0	-3.55	-3.52	0.00	0.00
1	1146	131421295	1170	386	1208	402	41.23	0	-3.56	-3.51	0.00	0.00
1	1147	131421336	1170	386	1208	402	41.23	0	-3.56	-3.51	0.00	0.00
1	1148	131421377	1170	386	1208	402	41.23	0	-3.56	-3.51	0.00	0.00
1	1149	131421417	1170	386	1208	402	41.23	0	-3.56	-3.51	0.00	0.00
1	1150	131421458	1170	386	1208	402	41.23	0	-3.57	-3.50	0.00	0.00
1	1151	131421499	1170	385	1208	402	41.63	0	-3.57	-3.50	0.00	0.00
1	1152	131421540	1169	385	1208	402	42.54	0	-3.57	-3.50	0.00	0.00
1	1153	131421581	1169	385	1208	402	42.54	0	-3.57	-3.50	0.00	0.00
1	1154	131421622	1169	385	1208	402	42.54	0	-3.58	-3.49	0.00	0.00
1	1155	131421663	1169	385	1208	402	42.54	0	-3.58	-3.49	0.00	0.00
1	1156	131421704	1169	385	1208	402	42.54	0	-3.58	-3.49	0.00	0.00
1	1157	131421745	1169	384	1208	402	42.95	0	-3.58	-3.49	0.00	0.00
1	1158	131421785	1169	384	1208	402	42.95	0	-3.59	-3.48	0.00	0.00
1	1159	131421826	1168	384	1208	402	43.86	0	-3.59	-3.48	0.00	0.00
1	1160	131421867	1168	384	1208	402	43.86	0	-3.59	-3.48	0.00	0.00
1	1161	131421907	1168	384	1208	402	43.86	0	-3.59	-3.48	0.00	0.00
1	1162	131421948	1168	384	1208	402	43.86	0	-3.60	-3.47	0.00	0.00
1	1163	131421988	1168	384	1208	402	43.86	0	-3.60	-3.47	0.00	0.00
1	1164	131422029	1168	383	1208	402	44.28	0	-3.60	-3.47	0.00	0.00
1	1165	131422069	1168	383	1208	402	44.28	0	-3.60	-3.47	0.00	0.00
1	1166	131422110	1167	383	1208	402	45.19	0	-3.60	-3.46	0.00	0.00
1	1167	131422151	1167	383	1208	402	45.19	0	-3.61	-3.46	0.00	0.00
1	1168	131422191	1167	383	1208	402	45.19	0	-3.61	-3.46	0.00	0.00
1	1169	131422232	1167	383	1208	402	45.19	0	-3.61	-3.46	0.00	0.00
1	1170	131422273	1167	383	1208	402	45.19	0	-3.61	-3.46	0.00	0.00
1	1171	131422314	1167	383	1208	402	45.19	0	-3.62	-3.45	0.00	0.00
1	1172	131422355	1167	382	1208	402	45.62	0	-3.62	-3.45	0.00	0.00
1	1173	131422396	1166	382	1208	402	46.52	0	-3.62	-3.45	0.00	0.00
1	1174	131422437	1166	382	1208	402	46.52	0	-3.62	-3.45	0.00	0.00
1	1175	131422478	1166	382	1208	402	46.52	0	-3.63	-3.44	0.00	0.00
1	1176	131422519	1166	382	1208	402	46.52	0	-3.63	-3.44	0.00	0.00
1	1177	131422560	1166	382	1208	402	46.52	0	-3.63	-3.44	0.00	0.00
1	1178	131422601	1166	382	1208	402	46.52	0	-3.63	-3.44	0.00	0.00
1	1179	131422642	1165	381	1208	402	47.85	0	-3.64	-3.43	0.00	0.00
1	1180	131422682	1165	381	1208	402	47.85	0	-3.64	-3.43	0.00	0.00
1	1181	131422723	1165	381	1208	402	47.85	0	-3.64	-3.43	0.00	0.00
1	1182	131422764	1165	381	1208	402	47.85	0	-3.64	-3.43	0.00	0.00
1	1183	131422804	1165	381	1208	402	47.85	0	-3.64	-3.42	0.00	0.00
1	1184	131422845	1165	381	1208	402	47.85	0	-3.65	-3.42	0.00	0.00
1	1185	131422886	1165	381	1208	402	47.85	0	-3.65	-3.42	0.00	0.00
1	1186	131422927	1164	380	1208	402	49.19	0	-3.65	-3.42	0.00	0.00
1	1187	131422967	1164	380	1208	402	49.19	0	-3.65	-3.41	0.00	0.00
1	1188	131423008	1164	380	1208	402	49.19	0	-3.66	-3.41	0.00	0.00
1	1189	131423049	1164	380	1208	402	49.19	0	-3.66	-3.41	0.00	0.00
1	1190	131423090	1164	380	1208	402	49.19	0	-3.66	-3.41	0.00	0.00
1	1191	131423131	1164	380	1208	402	49.19	0	-3.66	-3.40	0.00	0.00
1	1192	131423172	1164	380	1208	402	49.19	0	-3.67	-3.40	0.00	0.00
1	1193	131423213	1163	379	1208	402	50.54	0	-3.67	-3.40	0.00	0.00
1	1194	131423254	1163	379	1208	402	50.54	0	-3.67	-3.40	0.00	0.00
1	1195	131423294	1163	379	1208	402	50.54	0	-3.67	-3.39	0.00	0.00
1	1196	131423335	1163	379	1208	402	50.54	0	-3.68	-3.39	0.00	0.00
1	1197	131423376	1163	379	1208	402	50.54	0	-3.68	-3.39	0.00	0.00
1	1198	131423416	1163	379	1208	402	50.54	0	-3.68	-3.39	0.00	0.00
1	1199	131423456	1162	379	1208	402	51.43	0	-3.68	-3.38	0.00	0.00
1	1200	131423497	1162	378	1208	402	51.88	0	-3.68	-3.38	0.00	0.00
1	1201	131423538	1162	378	1208	402	51.88	0	-3.69	-3.38	0.00	0.00
1	1202	131423578	1162	378	1208	402	51.88	0	-3.69	-3.38	0.00	0.00
1	1203	131423618	1162	378	1208	402	51.88	0	-3.69	-3.37	0.00	0.00
1	1204	131423659	1162	378	1208	402	51.88	0	-3.69	-3.37	0.00	0.00
1	1205	131423700	1162	378	1208	402	51.88	0	-3.70	-3.37	0.00	0.00
1	1206	131423741	1161	378	1208	402	52.77	0	-3.70	-3.37	0.00	0.00
1	1207	131423782	1161	377	1208	402	53.24	0	-3.70	-3.36	0.00	0.00
1	1208	131423823	1161	377	1208	402	53.24	0	-3.70	-3.36	0.00	0.00
1	1209	131423864	1161	377	1208	402	53.24	0	-3.71	-3.36	0.00	0.00
1	1210	131423904	1161	377	1208	402	53.24	0	-3.71	-3.36	0.00	0.00
1	1211	131423945	1161	377	1208	402	53.24	0	-3.71	-3.35	0.00	0.00
1	1212	131423985	1160	377	1208	402	54.12	0	-3.71	-3.35	0.00	0.00
1	1213	131424026	1160	377	1208	402	54.12	0	-3.71	-3.35	0.00	0.00
1	1214	131424067	1160	377	1208	402	54.12	0	-3.72	-3.34	0.00	0.00
1	1215	131424108	1160	376	1208	402	54.59	0	-3.72	-3.34	0.00	0.00
1	1216	131424148	1160	376	1208	402	54.59	0	-3.72	-3.34	0.00	0.00
1	1217	131424189	1160	376	1208	402	54.59	0	-3.72	-3.34	0.00	0.00
1	1218	131424229	1160	376	1208	402	54.59	0	-3.73	-3.33	0.00	0.00
1	1219	131424270	1159	376	1208	402	55.47	0	-3.73	-3.33	0.00	0.00
1	1220	131424311	1159	376	1208	402	55.47	0	-3.73	-3.33	0.00	0.00
1	1221	131424352	1159	376	1208	402	55.47	0	-3.73	-3.33	0.00	0.00
1	1222	131424393	1159	375	1208	402	55.95	0	-3.73	-3.32	0.00	0.00
1	1223	131424434	1159	375	1208	402	55.95	0	-3.74	-3.32	0.00	0.00
1	1224	131424475	1159	375	1208	402	55.95	0	-3.74	-3.32	0.00	0.00
1	1225	131424515	1159	375	1208	402	55.95	0	-3.74	-3.32	0.00	0.00
1	1226	131424556	1158	375	1208	402	56.82	0	-3.74	-3.31	0.00	0.00
1	1227	131424596	1158	375	1208	402	56.82	0	-3.75	-3.31	0.00	0.00
1	1228	131424637	1158	375	1208	402	56.82	0	-3.75	-3.31	0.00	0.00
1	1229	131424678	1158	374	1208	402	57.31	0	-3.75	-3.31	0.00	0.00
1	1230	131424718	1158	374	1208	402	57.31	0	-3.75	-3.30	0.00	0.00
1	1231	131424759	1158	374	1208	402	57.31	0	-3.75	-3.30	0.00	0.00
1	1232	131424800	1157	374	1208	402	58.18	0	-3.76	-3.30	0.00	0.00
1	1233	131424841	1157	374	1208	402	58.18	0	-3.76	-3.30	0.00	0.00
1	1234	131424882	1157	374	1208	402	58.18	0	-3.76	-3.29	0.00	0.00
1	1235	131424923	1157	374	1208	402	58.18	0	-3.76	-3.29	0.00	0.00
1	1236	131424964	1157	374	1208	402	58.18	0	-3.77	-3.29	0.00	0.00
1	1237	131425005	1157	373	1208	402	58.67	0	-3.77	-3.29	0.00	0.00
1	1238	131425046	1157	373	1208	402	58.67	0	-3.77	-3.28	0.00	0.00
1	1239	131425087	1156	373	1208	402	59.54	0	-3.77	-3.28	0.00	0.00
1	1240	131425128	1156	373	1208	402	59.54	0	-3.78	-3.28	0.00	0.00
1	1241	131425168	1156	373	1208	402	59.54	0	-3.78	-3.28	0.00	0.00
1	1242	131425209	1156	373	1208	402	59.54	0	-3.78	-3.27	0.00	0.00
1	1243	131425250	1156	373	1208	402	59.54	0	-3.78	-3.27	0.00	0.00
1	1244	131425291	1156	372	1208	402	60.03	0	-3.78	-3.27	0.00	0.00
1	1245	131425332	1155	372	1208	402	60.90	0	-3.79	-3.27	0.00	0.00
1	1246	131425372	1155	372	1208	402	60.90	0	-3.79	-3.26	0.00	0.00
1	1247	131425413	1155	372	1208	402	60.90	0	-3.79	-3.26	0.00	0.00
1	1248	131425454	1155	372	1208	402	60.90	0	-3.79	-3.26	0.00	0.00
1	1249	131425495	1155	372	1208	402	60.90	0	-3.80	-3.26	0.00	0.00
1	1250	131425536	1155	372	1208	402	60.90	0	-3.80	-3.25	0.00	0.00
1	1251	131425576	1155	372	1208	402	60.90	0	-3.80	-3.25	0.00	0.00
1	1252	131425617	1154	371	1208	402	62.27	0	-3.80	-3.25	0.00	0.00
1	1253	131425657	1154	371	1208	402	62.27	0	-3.80	-3.24	0.00	0.00
1	1254	131425698	1154	371	1208	402	62.27	0	-3.81	-3.24	0.00	0.00
1	1255	131425739	1154	371	1208	402	62.27	0	-3.81	-3.24	0.00	0.00
1	1256	131425780	1154	371	1208	402	62.27	0	-3.81	-3.24	0.00	0.00
1	1257	131425821	1154	371	1208	402	62.27	0	-3.81	-3.23	0.00	0.00
1	1258	131425862	1153	371	1208	402	63.13	0	-3.82	-3.23	0.00	0.00
1	1259	131425902	1153	370	1208	402	63.63	0	-3.82	-3.23	0.00	0.00
1	1260	131425943	1153	370	1208	402	63.63	0	-3.82	-3.23	0.00	0.00
1	1261	131425983	1153	370	1208	402	63.63	0	-3.82	-3.22	0.00	0.00
1	1262	131426024	1153	370	1208	402	63.63	0	-3.82	-3.22	0.00	0.00
1	1263	131426065	1153	370	1208	402	63.63	0	-3.83	-3.22	0.00	0.00
1	1264	131426105	1152	370	1208	402	64.50	0	-3.83	-3.22	0.00	0.00
1	1265	131426145	1152	370	1208	402	64.50	0	-3.83	-3.21	0.00	0.00
1	1266	131426186	1152	370	1208	402	64.50	0	-3.83	-3.21	0.00	0.00
1	1267	131426227	1152	369	1208	402	65.00	0	-3.83	-3.21	0.00	0.00
1	1268	131426268	1152	369	1208	402	65.00	0	-3.84	-3.21	0.00	0.00
1	1269	131426309	1152	369	1208	402	65.00	0	-3.84	-3.20	0.00	0.00
1	1270	131426350	1152	369	1208	402	65.00	0	-3.84	-3.20	0.00	0.00
1	1271	131426391	1151	369	1208	402	65.86	0	-3.84	-3.20	0.00	0.00
1	1272	131426432	1151	369	1208	402	65.86	0	-3.85	-3.19	0.00	0.00
1	1273	131426473	1151	369	1208	402	65.86	0	-3.85	-3.19	0.00	0.00
1	1274	131426514	1151	368	1208	402	66.37	0	-3.85	-3.19	0.00	0.00
1	1275	131426555	1151	368	1208	402	66.37	0	-3.85	-3.19	0.00	0.00
1	1276	131426596	1151	368	1208	402	66.37	0	-3.85	-3.18	0.00	0.00
1	1277	131426636	1150	368	1208	402	67.23	0	-3.86	-3.18	0.00	0.00
1	1278	131426677	1150	368	1208	402	67.23	0	-3.86	-3.18	0.00	0.00
1	1279	131426718	1150	368	1208	402	67.23	0	-3.86	-3.18	0.00	0.00
1	1280	131426759	1150	368	1208	402	67.23	0	-3.86	-3.17	0.00	0.00
1	1281	131426800	1150	368	1208	402	67.23	0	-3.87	-3.17	0.00	0.00
1	1282	131426841	1150	367	1208	402	67.74	0	-3.87	-3.17	0.00	0.00
1	1283	131426882	1149	367	1208	402	68.60	0	-3.87	-3.17	0.00	0.00
1	1284	131426923	1149	367	1208	402	68.60	0	-3.87	-3.16	0.00	0.00
1	1285	131426964	1149	367	1208	402	68.60	0	-3.87	-3.16	0.00	0.00
1	1286	131427005	1149	367	1208	402	68.60	0	-3.88	-3.16	0.00	0.00
1	1287	131427046	1149	367	1208	402	68.60	0	-3.88	-3.16	0.00	0.00
1	1288	131427087	1149	367	1208	402	68.60	0	-3.88	-3.15	0.00	0.00
1	1289	131427128	1149	367	1208	402	68.60	0	-3.88	-3.15	0.00	0.00
1	1290	131427169	1148	366	1208	402	69.97	0	-3.89	-3.15	0.00	0.00
1	1291	131427209	1148	366	1208	402	69.97	0	-3.89	-3.15	0.00	0.00
1	1292	131427250	1148	366	1208	402	69.97	0	-3.89	-3.14	0.00	0.00
1	1293	131427291	1148	366	1208	402	69.97	0	-3.89	-3.14	0.00	0.00
1	1294	131427331	1148	366	1208	402	69.97	0	-3.89	-3.14	0.00	0.00
1	1295	131427371	1148	366	1208	402	69.97	0	-3.90	-3.13	0.00	0.00
1	1296	131427412	1147	366	1208	402	70.83	0	-3.90	-3.13	0.00	0.00
1	1297	131427453	1147	366	1208	402	70.83	0	-3.90	-3.13	0.00	0.00
1	1298	131427494	1147	365	1208	402	71.34	0	-3.90	-3.13	0.00	0.00
1	1299	131427535	1147	365	1208	402	71.34	0	-3.90	-3.12	0.00	0.00
1	1300	131427576	1147	365	1208	402	71.34	0	-3.91	-3.12	0.00	0.00
1	1301	131427616	1147	365	1208	402	71.34	0	-3.91	-3.12	0.00	0.00
1	1302	131427657	1146	365	1208	402	72.20	0	-3.91	-3.12	0.00	0.00
1	1303	131427697	1146	365	1208	402	72.20	0	-3.91	-3.11	0.00	0.00
1	1304	131427738	1146	365	1208	402	72.20	0	-3.92	-3.11	0.00	0.00
1	1305	131427778	1146	364	1208	402	72.72	0	-3.92	-3.11	0.00	0.00
1	1306	131427819	1146	364	1208	402	72.72	0	-3.92	-3.10	0.00	0.00
1	1307	131427860	1146	364	1208	402	72.72	0	-3.92	-3.10	0.00	0.00
1	1308	131427901	1145	364	1208	402	73.57	0	-3.92	-3.10	0.00	0.00
1	1309	131427941	1145	364	1208	402	73.57	0	-3.93	-3.10	0.00	0.00
1	1310	131427982	1145	364	1208	402	73.57	0	-3.93	-3.09	0.00	0.00
1	1311	131428023	1145	364	1208	402	73.57	0	-3.93	-3.09	0.00	0.00
1	1312	131428063	1145	364	1208	402	73.57	0	-3.93	-3.09	0.00	0.00
1	1313	131428104	1145	363	1208	402	74.09	0	-3.93	-3.09	0.00	0.00
1	1314	131428145	1145	363	1208	402	74.09	0	-3.94	-3.08	0.00	0.00
1	1315	131428186	1144	363	1208	402	74.95	0	-3.94	-3.08	0.00	0.00
1	1316	131428227	1144	363	1208	402	74.95	0	-3.94	-3.08	0.00	0.00
1	1317	131428268	1144	363	1208	402	74.95	0	-3.94	-3.08	0.00	0.00
1	1318	131428309	1144	363	1208	402	74.95	0	-3.94	-3.07	0.00	0.00
1	1319	131428350	1144	363	1208	402	74.95	0	-3.95	-3.07	0.00	0.00
1	1320	131428391	1144	363	1208	402	74.95	0	-3.95	-3.07	0.00	0.00
1	1321	131428431	1143	362	1208	402	76.32	0	-3.95	-3.06	0.00	0.00
1	1322	131428472	1143	362	1208	402	76.32	0	-3.95	-3.06	0.00	0.00
1	1323	131428513	1143	362	1208	402	76.32	0	-3.96	-3.06	0.00	0.00
1	1324	131428554	1143	362	1208	402	76.32	0	-3.96	-3.06	0.00	0.00
1	1325	131428595	1143	362	1208	402	76.32	0	-3.96	-3.05	0.00	0.00
1	1326	131428636	1143	362	1208	402	76.32	0	-3.96	-3.05	0.00	0.00
1	1327	131428677	1142	362	1208	402	77.18	0	-3.96	-3.05	0.00	0.00
1	1328	131428718	1142	362	1208	402	77.18	0	-3.97	-3.05	0.00	0.00
1	1329	131428758	1142	361	1208	402	77.70	0	-3.97	-3.04	0.00	0.00
1	1330	131428799	1142	361	1208	402	77.70	0	-3.97	-3.04	0.00	0.00
1	1331	131428840	1142	361	1208	402	77.70	0	-3.97	-3.04	0.00	0.00
1	1332	131428881	1142	361	1208	402	77.70	0	-3.97	-3.03	0.00	0.00
1	1333	131428922	1141	361	1208	402	78.55	0	-3.98	-3.03	0.00	0.00
1	1334	131428962	1141	361	1208	402	78.55	0	-3.98	-3.03	0.00	0.00
1	1335	131429003	1141	361	1208	402	78.55	0	-3.98	-3.03	0.00	0.00
1	1336	131429044	1141	361	1208	402	78.55	0	-3.98	-3.02	0.00	0.00
1	1337	131429085	1141	360	1208	402	79.08	0	-3.98	-3.02	0.00	0.00
1	1338	131429126	1141	360	1208	402	79.08	0	-3.99	-3.02	0.00	0.00
1	1339	131429166	1140	360	1208	402	79.92	0	-3.99	-3.02	0.00	0.00
1	1340	131429206	1140	360	1208	402	79.92	0	-3.99	-3.01	0.00	0.00
1	1341	131429247	1140	360	1208	402	79.92	0	-3.99	-3.01	0.00	0.00
1	1342	131429288	1140	360	1208	402	79.92	0	-3.99	-3.01	0.00	0.00
1	1343	131429328	1140	360	1208	402	79.92	0	-4.00	-3.00	0.00	0.00
1	1344	131429369	1140	360	1208	402	79.92	0	-4.00	-3.00	0.00	0.00
1	1345	131429409	1139	359	1208	402	81.30	0	-4.00	-3.00	0.00	0.00
1	1346	131429450	1139	359	1208	402	81.30	0	-4.00	-3.00	0.00	0.00
1	1347	131429491	1139	359	1208	402	81.30	0	-4.00	-2.99	0.00	0.00
1	1348	131429532	1139	359	1208	402	81.30	0	-4.01	-2.99	0.00	0.00
1	1349	131429573	1139	359	1208	402	81.30	0	-4.01	-2.99	0.00	0.00
1	1350	131429614	1139	359	1208	402	81.30	0	-4.01	-2.99	0.00	0.00
1	1351	131429654	1138	359	1208	402	82.15	0	-4.01	-2.98	0.00	0.00
1	1352	131429695	1138	359	1208	402	82.15	0	-4.01	-2.98	0.00	0.00
1	1353	131429736	1138	358	1208	402	82.68	0	-4.02	-2.98	0.00	0.00
1	1354	131429777	1138	358	1208	402	82.68	0	-4.02	-2.97	0.00	0.00
1	1355	131429818	1138	358	1208	402	82.68	0	-4.02	-2.97	0.00	0.00
1	1356	131429859	1138	358	1208	402	82.68	0	-4.02	-2.97	0.00	0.00
1	1357	131429900	1137	358	1208	402	83.53	0	-4.03	-2.97	0.00	0.00
1	1358	131429941	1137	358	1208	402	83.53	0	-4.03	-2.96	0.00	0.00
1	1359	131429982	1137	358	1208	402	83.53	0	-4.03	-2.96	0.00	0.00
1	1360	131430023	1137	358	1208	402	83.53	0	-4.03	-2.96	0.00	0.00
1	1361	131430063	1137	358	1208	402	83.53	0	-4.03	-2.96	0.00	0.00
1	1362	131430104	1137	357	1208	402	84.06	0	-4.04	-2.95	0.00	0.00
1	1363	131430145	1136	357	1208	402	84.91	0	-4.04	-2.95	0.00	0.00
1	1364	131430186	1136	357	1208	402	84.91	0	-4.04	-2.95	0.00	0.00
1	1365	131430227	1136	357	1208	402	84.91	0	-4.04	-2.94	0.00	0.00
1	1366	131430268	1136	357	1208	402	84.91	0	-4.04	-2.94	0.00	0.00
1	1367	131430308	1136	357	1208	402	84.91	0	-4.05	-2.94	0.00	0.00
1	1368	131430349	1136	357	1208	402	84.91	0	-4.05	-2.94	0.00	0.00
1	1369	131430390	1135	357	1208	402	85.76	0	-4.05	-2.93	0.00	0.00
1	1370	131430431	1135	356	1208	402	86.28	0	-4.05	-2.93	0.00	0.00
1	1371	131430472	1135	356	1208	402	86.28	0	-4.05	-2.93	0.00	0.00
1	1372	131430513	1135	356	1208	402	86.28	0	-4.06	-2.93	0.00	0.00
1	1373	131430554	1135	356	1208	402	86.28	0	-4.06	-2.92	0.00	0.00
1	1374	131430595	1135	356	1208	402	86.28	0	-4.06	-2.92	0.00	0.00
1	1375	131430635	1134	356	1208	402	87.13	0	-4.06	-2.92	0.00	0.00
1	1376	131430676	1134	356	1208	402	87.13	0	-4.06	-2.91	0.00	0.00
1	1377	131430717	1134	356	1208	402	87.13	0	-4.07	-2.91	0.00	0.00
1	1378	131430758	1134	355	1208	402	87.66	0	-4.07	-2.91	0.00	0.00
1	1379	131430799	1134	355	1208	402	87.66	0	-4.07	-2.91	0.00	0.00
1	1380	131430840	1134	355	1208	402	87.66	0	-4.07	-2.90	0.00	0.00
1	1381	131430881	1133	355	1208	402	88.51	0	-4.07	-2.90	0.00	0.00
1	1382	131430922	1133	355	1208	402	88.51	0	-4.07	-2.90	0.00	0.00
1	1383	131430963	1133	355	1208	402	88.51	0	-4.08	-2.89	0.00	0.00
1	1384	131431004	1133	355	1208	402	88.51	0	-4.08	-2.89	0.00	0.00
1	1385	131431045	1133	355	1208	402	88.51	0	-4.08	-2.89	0.00	0.00
1	1386	131431086	1133	355	1208	402	88.51	0	-4.08	-2.89	0.00	0.00
1	1387	131431127	1132	354	1208	402	89.89	0	-4.09	-2.88	0.00	0.00
1	1388	131431168	1132	354	1208	402	89.89	0	-4.09	-2.88	0.00	0.00
1	1389	131431208	1132	354	1208	402	89.89	0	-4.09	-2.88	0.00	0.00
1	1390	131431249	1132	354	1208	402	89.89	0	-4.09	-2.87	0.00	0.00
1	1391	131431290	1132	354	1208	402	89.89	0	-4.09	-2.87	0.00	0.00
1	1392	131431330	1132	354	1208	402	89.89	0	-4.09	-2.87	0.00	0.00
1	1393	131431371	1131	354	1208	402	90.74	0	-4.10	-2.87	0.00	0.00
1	1394	131431412	1131	354	1208	402	90.74	0	-4.10	-2.86	0.00	0.00
1	1395	131431453	1131	353	1208	402	91.27	0	-4.10	-2.86	0.00	0.00
1	1396	131431494	1131	353	1208	402	91.27	0	-4.10	-2.86	0.00	0.00
1	1397	131431535	1131	353	1208	402	91.27	0	-4.10	-2.85	0.00	0.00
1	1398	131431576	1131	353	1208	402	91.27	0	-4.11	-2.85	0.00	0.00
1	1399	131431617	1130	353	1208	402	92.11	0	-4.11	-2.85	0.00	0.00
1	1400	131431658	1130	353	1208	402	92.11	0	-4.11	-2.85	0.00	0.00
1	1401	131431698	1130	353	1208	402	92.11	0	-4.11	-2.84	0.00	0.00
1	1402	131431739	1130	353	1208	402	92.11	0	-4.11	-2.84	0.00	0.00
1	1403	131431780	1130	353	1208	402	92.11	0	-4.12	-2.84	0.00	0.00
1	1404	131431821	1130	352	1208	402	92.65	0	-4.12	-2.84	0.00	0.00
1	1405	131431862	1129	352	1208	402	93.49	0	-4.12	-2.83	0.00	0.00
1	1406	131431903	1129	352	1208	402	93.49	0	-4.12	-2.83	0.00	0.00
1	1407	131431944	1129	352	1208	402	93.49	0	-4.12	-2.83	0.00	0.00
1	1408	131431985	1129	352	1208	402	93.49	0	-4.13	-2.82	0.00	0.00
1	1409	131432025	1129	352	1208	402	93.49	0	-4.13	-2.82	0.00	0.00
1	1410	131432066	1129	352	1208	402	93.49	0	-4.13	-2.82	0.00	0.00
1	1411	131432107	1128	352	1208	402	94.34	0	-4.13	-2.82	0.00	0.00
1	1412	131432148	1128	351	1208	402	94.87	0	-4.13	-2.81	0.00	0.00
1	1413	131432189	1128	351	1208	402	94.87	0	-4.14	-2.81	0.00	0.00
1	1414	131432230	1128	351	1208	402	94.87	0	-4.14	-2.81	0.00	0.00
1	1415	131432271	1128	351	1208	402	94.87	0	-4.14	-2.80	0.00	0.00
1	1416	131432312	1128	351	1208	402	94.87	0	-4.14	-2.80	0.00	0.00
1	1417	131432353	1127	351	1208	402	95.72	0	-4.14	-2.80	0.00	0.00
1	1418	131432394	1127	351	1208	402	95.72	0	-4.15	-2.80	0.00	0.00
1	1419	131432435	1127	351	1208	402	95.72	0	-4.15	-2.79	0.00	0.00
1	1420	131432476	1127	351	1208	402	95.72	0	-4.15	-2.79	0.00	0.00
1	1421	131432517	1127	350	1208	402	96.25	0	-4.15	-2.79	0.00	0.00
1	1422	131432557	1127	350	1208	402	96.25	0	-4.15	-2.78	0.00	0.00
1	1423	131432598	1126	350	1208	402	97.10	0	-4.15	-2.78	0.00	0.00
1	1424	131432639	1126	350	1208	402	97.10	0	-4.16	-2.78	0.00	0.00
1	1425	131432680	1126	350	1208	402	97.10	0	-4.16	-2.78	0.00	0.00
1	1426	131432721	1126	350	1208	402	97.10	0	-4.16	-2.77	0.00	0.00
1	1427	131432762	1126	350	1208	402	97.10	0	-4.16	-2.77	0.00	0.00
1	1428	131432803	1126	350	1208	402	97.10	0	-4.16	-2.77	0.00	0.00
1	1429	131432844	1125	350	1208	402	97.94	0	-4.17	-2.76	0.00	0.00
1	1430	131432885	1125	349	1208	402	98.48	0	-4.17	-2.76	0.00	0.00
1	1431	131432926	1125	349	1208	402	98.48	0	-4.17	-2.76	0.00	0.00
1	1432	131432967	1125	349	1208	402	98.48	0	-4.17	-2.76	0.00	0.00
1	1433	131433008	1125	349	1208	402	98.48	0	-4.17	-2.75	0.00	0.00
1	1434	131433048	1125	349	1208	402	98.48	0	-4.18	-2.75	0.00	0.00
1	1435	131433089	1124	349	1208	402	99.32	0	-4.18	-2.75	0.00	0.00
1	1436	131433130	1124	349	1208	402	99.32	0	-4.18	-2.74	0.00	0.00
1	1437	131433171	1124	349	1208	402	99.32	0	-4.18	-2.74	0.00	0.00
1	1438	131433212	1124	349	1208	402	99.32	0	-4.18	-2.74	0.00	0.00
1	1439	131433253	1124	348	1208	402	99.86	0	-4.19	-2.74	0.00	0.00
1	1440	131433294	1124	348	1208	402	99.86	0	-4.19	-2.73	0.00	0.00
1	1441	131433335	1123	348	1208	402	100.70	0	-4.19	-2.73	0.00	0.00
1	1442	131433376	1123	348	1208	402	100.70	0	-4.19	-2.73	0.00	0.00
1	1443	131433417	1123	348	1208	402	100.70	0	-4.19	-2.72	0.00	0.00
1	1444	131433458	1123	348	1208	402	100.70	0	-4.19	-2.72	500.00	0.00
1	1445	131433499	1123	348	1231	402	120.75	0	-4.20	-2.72	500.00	-500.00
1	1446	131433540	1122	348	1249	384	132.00	0	-4.20	-2.72	500.00	-500.00
1	1447	131433581	1122	348	1272	361	150.56	0	-4.20	-2.71	500.00	-500.00
1	1448	131433622	1122	347	1290	343	168.05	0	-4.20	-2.71	500.00	-500.00
1	1449	131433663	1122	347	1313	320	192.90	0	-4.20	-2.71	0.00	0.00
1	1450	131433704	1122	347	1313	320	192.90	0	-4.21	-2.70	0.00	0.00
1	1451	131433745	1122	347	1313	320	192.90	0	-4.21	-2.70	0.00	0.00
1	1452	131433786	1121	347	1313	320	193.89	0	-4.21	-2.70	0.00	0.00
1	1453	131433827	1121	347	1313	320	193.89	0	-4.21	-2.70	-500.00	0.00
1	1454	131433867	1121	347	1296	320	177.07	0	-4.21	-2.69	-500.00	0.00
1	1455	131433908	1121	347	1272	320	153.39	0	-4.21	-2.69	-500.00	500.00
1	1456	131433949	1121	347	1255	337	134.37	0	-4.22	-2.69	-500.00	500.00
1	1457	131433989	1121	346	1231	361	111.02	0	-4.22	-2.68	-500.00	500.00
1	1458	131434030	1120	346	1214	378	99.30	0	-4.22	-2.68	-500.00	500.00
1	1459	131434071	1120	346	1190	402	89.64	0	-4.22	-2.68	-500.00	500.00
1	1460	131434112	1120	346	1173	419	90.21	0	-4.22	-2.68	0.00	0.00
1	1461	131434153	1120	346	1173	419	90.21	0	-4.23	-2.67	0.00	0.00
1	1462	131434194	1120	346	1173	419	90.21	0	-4.23	-2.67	0.00	0.00
1	1463	131434235	1120	346	1173	419	90.21	0	-4.23	-2.67	0.00	0.00
