Pra_Test	PointNum	PointTime	ObjPointX	ObjPointY	PostPointX	PostPointY	Distance	Hit	ObjSpeedX	ObjSpeedY	PostSpeedX	PostSpeedY
1	1	130925439	1259	597	960	600	299.02	0	-0.04	-5.00	0.00	-500.00
1	2	130925481	1259	597	960	583	299.33	0	-0.05	-5.00	0.00	-500.00
1	3	130925522	1259	596	960	559	301.28	0	-0.05	-5.00	0.00	-500.00
1	4	130925563	1259	596	960	542	303.84	0	-0.05	-5.00	0.00	-500.00
1	5	130925604	1259	596	960	519	308.76	0	-0.06	-5.00	0.00	-500.00
1	6	130925644	1259	596	960	501	313.73	0	-0.06	-5.00	0.00	-500.00
1	7	130925684	1259	596	960	477	321.81	0	-0.06	-5.00	0.00	-500.00
1	8	130925725	1259	595	960	461	327.65	0	-0.07	-5.00	0.00	0.00
1	9	130925766	1259	595	960	461	327.65	0	-0.07	-5.00	0.00	0.00
1	10	130925806	1259	595	960	461	327.65	0	-0.07	-5.00	0.00	0.00
1	11	130925847	1259	595	960	461	327.65	0	-0.08	-5.00	0.00	0.00
1	12	130925887	1259	595	960	461	327.65	0	-0.08	-5.00	0.00	500.00
1	13	130925928	1259	594	960	484	318.59	0	-0.08	-5.00	500.00	500.00
1	14	130925969	1259	594	977	502	296.63	0	-0.09	-5.00	500.00	500.00
1	15	130926010	1259	594	1001	525	267.07	0	-0.09	-5.00	500.00	500.00
1	16	130926051	1259	594	1017	542	247.52	0	-0.09	-5.00	500.00	500.00
1	17	130926092	1259	594	1042	566	218.80	0	-0.10	-5.00	500.00	500.00
1	18	130926133	1259	593	1058	583	201.25	0	-0.10	-5.00	500.00	500.00
1	19	130926174	1259	593	1083	607	176.56	0	-0.10	-5.00	500.00	500.00
1	20	130926215	1259	593	1100	625	162.19	0	-0.11	-5.00	500.00	500.00
1	21	130926256	1259	593	1124	648	145.77	0	-0.11	-5.00	500.00	500.00
1	22	130926297	1259	593	1141	666	138.76	0	-0.11	-5.00	500.00	500.00
1	23	130926338	1259	592	1164	688	135.06	0	-0.12	-5.00	500.00	0.00
1	24	130926379	1259	592	1182	688	123.07	0	-0.12	-5.00	500.00	-500.00
1	25	130926420	1259	592	1205	666	91.61	0	-0.13	-5.00	500.00	-500.00
1	26	130926460	1259	592	1222	648	67.12	0	-0.13	-5.00	500.00	-500.00
1	27	130926501	1259	592	1247	624	34.18	0	-0.13	-5.00	0.00	-500.00
1	28	130926541	1259	591	1247	606	19.21	0	-0.14	-5.00	0.00	-500.00
1	29	130926582	1259	591	1247	584	13.89	0	-0.14	-5.00	0.00	-500.00
1	30	130926622	1259	591	1247	566	27.73	0	-0.14	-5.00	0.00	-500.00
1	31	130926663	1259	591	1247	542	50.45	0	-0.15	-5.00	-500.00	-500.00
1	32	130926703	1259	591	1229	524	73.41	0	-0.15	-5.00	-500.00	-500.00
1	33	130926744	1259	590	1206	501	103.59	0	-0.15	-5.00	0.00	0.00
1	34	130926785	1259	590	1206	501	103.59	0	-0.16	-5.00	0.00	0.00
1	35	130926826	1259	590	1206	501	103.59	0	-0.16	-5.00	500.00	500.00
1	36	130926867	1259	590	1222	517	81.84	0	-0.16	-5.00	500.00	500.00
1	37	130926908	1259	590	1246	541	50.70	0	-0.17	-5.00	500.00	500.00
1	38	130926948	1259	589	1264	559	30.41	0	-0.17	-5.00	500.00	500.00
1	39	130926989	1259	589	1288	583	29.61	0	-0.17	-5.00	500.00	500.00
1	40	130927029	1259	589	1305	601	47.54	0	-0.18	-5.00	500.00	0.00
1	41	130927070	1259	589	1329	601	71.02	0	-0.18	-5.00	500.00	-500.00
1	42	130927110	1259	589	1345	584	86.15	0	-0.18	-5.00	500.00	-500.00
1	43	130927150	1259	588	1369	560	113.51	0	-0.19	-5.00	0.00	0.00
1	44	130927192	1259	588	1369	560	113.51	0	-0.19	-5.00	0.00	0.00
1	45	130927233	1259	588	1369	560	113.51	0	-0.19	-5.00	0.00	0.00
1	46	130927273	1259	588	1369	560	113.51	0	-0.20	-5.00	-500.00	0.00
1	47	130927314	1259	587	1345	560	90.14	0	-0.20	-5.00	-500.00	0.00
1	48	130927354	1259	587	1327	560	73.16	0	-0.20	-5.00	-500.00	0.00
1	49	130927396	1259	587	1304	560	52.48	0	-0.21	-5.00	-500.00	0.00
1	50	130927436	1259	587	1287	560	38.90	0	-0.21	-5.00	0.00	0.00
1	51	130927477	1259	587	1287	560	38.90	0	-0.21	-5.00	0.00	0.00
1	52	130927518	1259	586	1287	560	38.21	0	-0.22	-5.00	0.00	0.00
1	53	130927559	1259	586	1287	560	38.21	0	-0.22	-5.00	0.00	0.00
1	54	130927600	1259	586	1287	560	38.21	0	-0.22	-4.99	0.00	0.00
1	55	130927641	1259	586	1287	560	38.21	0	-0.23	-4.99	0.00	0.00
1	56	130927682	1259	586	1287	560	38.21	0	-0.23	-4.99	0.00	500.00
1	57	130927723	1259	585	1287	583	28.07	0	-0.23	-4.99	-500.00	500.00
1	58	130927764	1259	585	1268	601	18.36	0	-0.24	-4.99	-500.00	500.00
1	59	130927805	1259	585	1245	625	42.38	0	-0.24	-4.99	-500.00	500.00
1	60	130927846	1259	585	1227	643	66.24	0	-0.24	-4.99	-500.00	500.00
1	61	130927887	1259	585	1204	666	97.91	0	-0.25	-4.99	-500.00	500.00
1	62	130927928	1259	584	1187	683	122.41	0	-0.25	-4.99	0.00	0.00
1	63	130927969	1259	584	1187	683	122.41	0	-0.26	-4.99	0.00	0.00
1	64	130928010	1259	584	1187	683	122.41	0	-0.26	-4.99	0.00	0.00
1	65	130928051	1259	584	1187	683	122.41	0	-0.26	-4.99	0.00	-500.00
1	66	130928092	1259	584	1187	666	109.12	0	-0.26	-4.99	0.00	-500.00
1	67	130928133	1259	583	1187	642	93.09	0	-0.27	-4.99	0.00	-500.00
1	68	130928174	1259	583	1187	624	82.86	0	-0.27	-4.99	0.00	-500.00
1	69	130928214	1259	583	1187	601	74.22	0	-0.28	-4.99	0.00	0.00
1	70	130928255	1259	583	1187	601	74.22	0	-0.28	-4.99	0.00	0.00
1	71	130928296	1259	583	1187	601	74.22	0	-0.28	-4.99	0.00	0.00
1	72	130928336	1259	582	1187	601	74.46	0	-0.29	-4.99	0.00	0.00
1	73	130928377	1259	582	1187	601	74.46	0	-0.29	-4.99	0.00	0.00
1	74	130928417	1259	582	1187	601	74.46	0	-0.29	-4.99	0.00	0.00
1	75	130928458	1259	582	1187	601	74.46	0	-0.30	-4.99	0.00	0.00
1	76	130928498	1259	582	1187	601	74.46	0	-0.30	-4.99	0.00	0.00
1	77	130928540	1259	581	1187	601	74.73	0	-0.30	-4.99	0.00	0.00
1	78	130928580	1259	581	1187	601	74.73	0	-0.31	-4.99	500.00	0.00
1	79	130928621	1259	581	1205	601	57.58	0	-0.31	-4.99	500.00	0.00
1	80	130928661	1259	581	1228	601	36.89	0	-0.31	-4.99	500.00	-500.00
1	81	130928702	1259	580	1251	578	8.25	1	-0.32	-4.99	500.00	-500.00
1	82	130928742	1259	580	1270	559	23.71	0	-0.32	-4.99	500.00	-500.00
1	83	130928783	1259	580	1288	541	48.60	0	-0.32	-4.99	500.00	-500.00
1	84	130928823	1259	580	1311	517	81.69	0	-0.33	-4.99	500.00	-500.00
1	85	130928864	1259	580	1329	500	106.30	0	-0.33	-4.99	0.00	-500.00
1	86	130928904	1259	579	1329	476	124.54	0	-0.33	-4.99	-500.00	0.00
1	87	130928945	1259	579	1311	476	115.38	0	-0.34	-4.99	-500.00	0.00
1	88	130928985	1259	579	1288	476	107.00	0	-0.34	-4.99	-500.00	0.00
1	89	130929026	1259	579	1270	476	103.59	0	-0.34	-4.99	-500.00	500.00
1	90	130929066	1259	579	1248	499	80.75	0	-0.35	-4.99	-500.00	500.00
1	91	130929106	1259	578	1229	517	67.98	0	-0.35	-4.99	-500.00	500.00
1	92	130929147	1259	578	1206	541	64.64	0	-0.35	-4.99	0.00	500.00
1	93	130929188	1259	578	1206	558	56.65	0	-0.36	-4.99	0.00	500.00
1	94	130929228	1259	578	1206	581	53.08	0	-0.36	-4.99	0.00	0.00
1	95	130929269	1259	578	1206	581	53.08	0	-0.36	-4.99	0.00	0.00
1	96	130929309	1259	577	1206	581	53.15	0	-0.37	-4.99	0.00	0.00
1	97	130929350	1259	577	1206	581	53.15	0	-0.37	-4.99	0.00	0.00
1	98	130929390	1259	577	1206	581	53.15	0	-0.37	-4.99	0.00	0.00
1	99	130929431	1259	577	1206	581	53.15	0	-0.38	-4.99	500.00	0.00
1	100	130929471	1259	577	1229	581	30.27	0	-0.38	-4.99	500.00	0.00
1	101	130929512	1259	576	1247	581	13.00	0	-0.38	-4.99	500.00	-500.00
1	102	130929552	1259	576	1270	558	21.10	0	-0.39	-4.98	500.00	-500.00
1	103	130929593	1259	576	1288	540	46.23	0	-0.39	-4.98	0.00	0.00
1	104	130929634	1259	576	1288	540	46.23	0	-0.40	-4.98	0.00	0.00
1	105	130929675	1259	576	1288	540	46.23	0	-0.40	-4.98	0.00	0.00
1	106	130929715	1259	575	1288	540	45.45	0	-0.40	-4.98	0.00	0.00
1	107	130929755	1259	575	1288	540	45.45	0	-0.40	-4.98	0.00	0.00
1	108	130929796	1258	575	1288	540	46.10	0	-0.41	-4.98	-500.00	500.00
1	109	130929837	1258	575	1270	558	20.81	0	-0.41	-4.98	-500.00	500.00
1	110	130929878	1258	575	1247	581	12.53	0	-0.42	-4.98	-500.00	500.00
1	111	130929919	1258	574	1229	599	38.29	0	-0.42	-4.98	-500.00	500.00
1	112	130929959	1258	574	1206	622	70.77	0	-0.42	-4.98	0.00	0.00
1	113	130930000	1258	574	1206	622	70.77	0	-0.43	-4.98	0.00	0.00
1	114	130930040	1258	574	1206	622	70.77	0	-0.43	-4.98	0.00	0.00
1	115	130930081	1258	574	1206	622	70.77	0	-0.43	-4.98	0.00	0.00
1	116	130930121	1258	573	1206	622	71.45	0	-0.44	-4.98	0.00	0.00
1	117	130930162	1258	573	1206	622	71.45	0	-0.44	-4.98	0.00	0.00
1	118	130930202	1258	573	1206	622	71.45	0	-0.44	-4.98	0.00	-500.00
1	119	130930243	1258	573	1206	603	60.03	0	-0.45	-4.98	0.00	-500.00
1	120	130930283	1258	573	1206	580	52.47	0	-0.45	-4.98	0.00	-500.00
1	121	130930324	1258	572	1206	562	52.95	0	-0.45	-4.98	0.00	-500.00
1	122	130930365	1258	572	1206	539	61.59	0	-0.46	-4.98	0.00	0.00
1	123	130930406	1258	572	1206	539	61.59	0	-0.46	-4.98	0.00	0.00
1	124	130930446	1258	572	1206	539	61.59	0	-0.46	-4.98	0.00	0.00
1	125	130930487	1258	572	1206	539	61.59	0	-0.47	-4.98	0.00	0.00
1	126	130930527	1258	571	1206	539	61.06	0	-0.47	-4.98	0.00	0.00
1	127	130930568	1258	571	1206	539	61.06	0	-0.47	-4.98	500.00	500.00
1	128	130930608	1258	571	1229	562	30.36	0	-0.48	-4.98	500.00	500.00
1	129	130930649	1258	571	1247	580	14.21	0	-0.48	-4.98	500.00	500.00
1	130	130930689	1258	570	1270	603	35.11	0	-0.48	-4.98	0.00	0.00
1	131	130930730	1258	570	1270	603	35.11	0	-0.49	-4.98	0.00	0.00
1	132	130930770	1258	570	1270	603	35.11	0	-0.49	-4.98	0.00	0.00
1	133	130930811	1258	570	1270	603	35.11	0	-0.49	-4.98	0.00	0.00
1	134	130930851	1258	570	1270	603	35.11	0	-0.50	-4.98	0.00	0.00
1	135	130930892	1258	569	1270	603	36.06	0	-0.50	-4.97	-500.00	0.00
1	136	130930933	1258	569	1247	603	35.74	0	-0.50	-4.97	-500.00	-500.00
1	137	130930973	1258	569	1229	586	33.62	0	-0.51	-4.97	-500.00	-500.00
1	138	130931014	1258	569	1206	562	52.47	0	-0.51	-4.97	0.00	0.00
1	139	130931055	1258	569	1206	562	52.47	0	-0.51	-4.97	0.00	0.00
1	140	130931096	1258	568	1206	562	52.35	0	-0.52	-4.97	0.00	0.00
1	141	130931137	1258	568	1206	562	52.35	0	-0.52	-4.97	0.00	0.00
1	142	130931178	1258	568	1206	562	52.35	0	-0.52	-4.97	0.00	0.00
1	143	130931219	1258	568	1206	562	52.35	0	-0.53	-4.97	500.00	0.00
1	144	130931260	1258	568	1229	562	29.61	0	-0.53	-4.97	500.00	0.00
1	145	130931301	1258	567	1247	562	12.08	0	-0.53	-4.97	500.00	0.00
1	146	130931342	1258	567	1270	562	13.00	0	-0.54	-4.97	0.00	0.00
1	147	130931383	1258	567	1270	562	13.00	0	-0.54	-4.97	0.00	0.00
1	148	130931424	1258	567	1270	562	13.00	0	-0.54	-4.97	0.00	0.00
1	149	130931465	1258	567	1270	562	13.00	0	-0.55	-4.97	0.00	0.00
1	150	130931506	1258	566	1270	562	12.65	0	-0.55	-4.97	0.00	0.00
1	151	130931547	1258	566	1270	562	12.65	0	-0.55	-4.97	0.00	0.00
1	152	130931588	1258	566	1270	562	12.65	0	-0.56	-4.97	-500.00	500.00
1	153	130931629	1258	566	1252	580	15.23	0	-0.56	-4.97	-500.00	500.00
1	154	130931670	1258	566	1229	603	47.01	0	-0.57	-4.97	-500.00	500.00
1	155	130931711	1258	565	1211	621	73.11	0	-0.57	-4.97	0.00	0.00
1	156	130931752	1258	565	1211	621	73.11	0	-0.57	-4.97	0.00	0.00
1	157	130931793	1258	565	1211	621	73.11	0	-0.57	-4.97	0.00	0.00
1	158	130931834	1257	565	1211	621	72.47	0	-0.58	-4.97	0.00	0.00
1	159	130931875	1257	565	1211	621	72.47	0	-0.58	-4.97	0.00	0.00
1	160	130931916	1257	564	1211	621	73.25	0	-0.59	-4.97	0.00	-500.00
1	161	130931957	1257	564	1211	603	60.31	0	-0.59	-4.97	500.00	-500.00
1	162	130931997	1257	564	1234	581	28.60	0	-0.59	-4.96	500.00	-500.00
1	163	130932037	1257	564	1252	562	5.39	1	-0.60	-4.96	0.00	0.00
1	164	130932077	1257	564	1252	562	5.39	1	-0.60	-4.96	0.00	0.00
1	165	130932117	1257	563	1252	562	5.10	1	-0.60	-4.96	0.00	0.00
1	166	130932159	1257	563	1252	562	5.10	1	-0.61	-4.96	0.00	0.00
1	167	130932200	1257	563	1252	562	5.10	1	-0.61	-4.96	0.00	0.00
1	168	130932240	1257	563	1252	562	5.10	1	-0.61	-4.96	0.00	0.00
1	169	130932281	1257	563	1252	562	5.10	1	-0.62	-4.96	0.00	0.00
1	170	130932321	1257	562	1252	562	5.00	1	-0.62	-4.96	0.00	0.00
1	171	130932361	1257	562	1252	562	5.00	1	-0.62	-4.96	0.00	0.00
1	172	130932403	1257	562	1252	562	5.00	1	-0.63	-4.96	0.00	0.00
1	173	130932444	1257	562	1252	562	5.00	1	-0.63	-4.96	0.00	0.00
1	174	130932485	1257	562	1252	562	5.00	1	-0.63	-4.96	0.00	0.00
1	175	130932525	1257	561	1252	562	5.10	1	-0.64	-4.96	-500.00	0.00
1	176	130932565	1257	561	1229	562	28.02	0	-0.64	-4.96	-500.00	0.00
1	177	130932606	1257	561	1211	562	46.01	0	-0.64	-4.96	-500.00	0.00
1	178	130932647	1257	561	1188	562	69.01	0	-0.65	-4.96	0.00	0.00
1	179	130932688	1257	561	1188	562	69.01	0	-0.65	-4.96	0.00	0.00
1	180	130932729	1257	560	1188	562	69.03	0	-0.65	-4.96	0.00	0.00
1	181	130932770	1257	560	1188	562	69.03	0	-0.66	-4.96	0.00	0.00
1	182	130932810	1257	560	1188	562	69.03	0	-0.66	-4.96	0.00	0.00
1	183	130932851	1257	560	1188	562	69.03	0	-0.66	-4.96	500.00	-500.00
1	184	130932892	1257	559	1211	539	50.16	0	-0.67	-4.96	0.00	0.00
1	185	130932933	1257	559	1211	539	50.16	0	-0.67	-4.95	0.00	0.00
1	186	130932974	1257	559	1211	539	50.16	0	-0.67	-4.95	0.00	0.00
1	187	130933015	1257	559	1211	539	50.16	0	-0.68	-4.95	0.00	0.00
1	188	130933056	1257	559	1211	539	50.16	0	-0.68	-4.95	0.00	0.00
1	189	130933097	1257	558	1211	539	49.77	0	-0.68	-4.95	0.00	0.00
1	190	130933138	1257	558	1211	539	49.77	0	-0.69	-4.95	0.00	0.00
1	191	130933179	1257	558	1211	539	49.77	0	-0.69	-4.95	0.00	0.00
1	192	130933220	1257	558	1211	539	49.77	0	-0.69	-4.95	0.00	0.00
1	193	130933261	1257	558	1211	539	49.77	0	-0.70	-4.95	0.00	0.00
1	194	130933302	1257	557	1211	539	49.40	0	-0.70	-4.95	0.00	0.00
1	195	130933344	1257	557	1211	539	49.40	0	-0.70	-4.95	0.00	0.00
1	196	130933385	1256	557	1211	539	48.47	0	-0.71	-4.95	500.00	-500.00
1	197	130933426	1256	557	1230	520	45.22	0	-0.71	-4.95	500.00	-500.00
1	198	130933467	1256	557	1253	497	60.07	0	-0.71	-4.95	500.00	-500.00
1	199	130933508	1256	556	1271	479	78.45	0	-0.72	-4.95	0.00	0.00
1	200	130933549	1256	556	1271	479	78.45	0	-0.72	-4.95	0.00	0.00
1	201	130933590	1256	556	1271	479	78.45	0	-0.72	-4.95	0.00	0.00
1	202	130933631	1256	556	1271	479	78.45	0	-0.73	-4.95	0.00	0.00
1	203	130933672	1256	556	1271	479	78.45	0	-0.73	-4.95	-500.00	500.00
1	204	130933713	1256	555	1248	503	52.61	0	-0.73	-4.95	-500.00	500.00
1	205	130933754	1256	555	1225	525	43.14	0	-0.74	-4.95	-500.00	500.00
1	206	130933794	1256	555	1207	544	50.22	0	-0.74	-4.94	-500.00	500.00
1	207	130933834	1256	555	1189	561	67.27	0	-0.74	-4.94	0.00	0.00
1	208	130933875	1256	555	1189	561	67.27	0	-0.75	-4.94	0.00	0.00
1	209	130933916	1256	554	1189	561	67.36	0	-0.75	-4.94	0.00	0.00
1	210	130933956	1256	554	1189	561	67.36	0	-0.75	-4.94	0.00	0.00
1	211	130933996	1256	554	1189	561	67.36	0	-0.76	-4.94	0.00	0.00
1	212	130934037	1256	554	1189	561	67.36	0	-0.76	-4.94	500.00	-500.00
1	213	130934077	1256	554	1208	543	49.24	0	-0.76	-4.94	500.00	-500.00
1	214	130934118	1256	553	1230	520	42.01	0	-0.77	-4.94	500.00	-500.00
1	215	130934159	1256	553	1249	502	51.48	0	-0.77	-4.94	500.00	-500.00
1	216	130934200	1256	553	1272	478	76.69	0	-0.78	-4.94	0.00	0.00
1	217	130934241	1256	553	1272	478	76.69	0	-0.78	-4.94	0.00	0.00
1	218	130934281	1256	553	1272	478	76.69	0	-0.78	-4.94	0.00	0.00
1	219	130934321	1256	552	1272	478	75.71	0	-0.78	-4.94	0.00	0.00
1	220	130934362	1256	552	1272	478	75.71	0	-0.79	-4.94	0.00	0.00
1	221	130934403	1256	552	1272	478	75.71	0	-0.79	-4.94	0.00	0.00
1	222	130934444	1256	552	1272	478	75.71	0	-0.80	-4.94	0.00	0.00
1	223	130934485	1256	552	1272	478	75.71	0	-0.80	-4.94	0.00	0.00
1	224	130934526	1256	551	1272	478	74.73	0	-0.80	-4.94	0.00	0.00
1	225	130934567	1256	551	1272	478	74.73	0	-0.81	-4.93	0.00	0.00
1	226	130934607	1256	551	1272	478	74.73	0	-0.81	-4.93	0.00	500.00
1	227	130934648	1256	551	1272	496	57.28	0	-0.81	-4.93	0.00	500.00
1	228	130934688	1255	551	1272	519	36.24	0	-0.82	-4.93	-500.00	500.00
1	229	130934728	1255	550	1254	537	13.04	0	-0.82	-4.93	-500.00	500.00
1	230	130934769	1255	550	1231	560	26.00	0	-0.82	-4.93	0.00	0.00
1	231	130934809	1255	550	1231	560	26.00	0	-0.83	-4.93	0.00	0.00
1	232	130934850	1255	550	1231	560	26.00	0	-0.83	-4.93	0.00	0.00
1	233	130934891	1255	550	1231	560	26.00	0	-0.83	-4.93	0.00	0.00
1	234	130934932	1255	549	1231	560	26.40	0	-0.84	-4.93	0.00	0.00
1	235	130934973	1255	549	1231	560	26.40	0	-0.84	-4.93	0.00	0.00
1	236	130935014	1255	549	1231	560	26.40	0	-0.84	-4.93	-500.00	500.00
1	237	130935055	1255	549	1214	577	49.65	0	-0.85	-4.93	-500.00	500.00
1	238	130935096	1255	549	1190	601	83.24	0	-0.85	-4.93	-500.00	500.00
1	239	130935137	1255	548	1172	619	109.22	0	-0.85	-4.93	0.00	0.00
1	240	130935178	1255	548	1172	619	109.22	0	-0.86	-4.93	0.00	0.00
1	241	130935219	1255	548	1172	619	109.22	0	-0.86	-4.93	0.00	0.00
1	242	130935259	1255	548	1172	619	109.22	0	-0.86	-4.92	0.00	0.00
1	243	130935300	1255	548	1172	619	109.22	0	-0.87	-4.92	500.00	-500.00
1	244	130935341	1255	547	1197	595	75.29	0	-0.87	-4.92	500.00	-500.00
1	245	130935381	1255	547	1214	577	50.80	0	-0.87	-4.92	500.00	-500.00
1	246	130935422	1255	547	1238	554	18.38	0	-0.88	-4.92	500.00	-500.00
1	247	130935463	1255	547	1255	536	11.00	0	-0.88	-4.92	500.00	0.00
1	248	130935504	1255	547	1279	536	26.40	0	-0.88	-4.92	0.00	0.00
1	249	130935545	1255	546	1279	536	26.00	0	-0.89	-4.92	0.00	0.00
1	250	130935586	1255	546	1279	536	26.00	0	-0.89	-4.92	0.00	0.00
1	251	130935626	1255	546	1279	536	26.00	0	-0.89	-4.92	0.00	0.00
1	252	130935667	1255	546	1279	536	26.00	0	-0.90	-4.92	0.00	0.00
1	253	130935708	1255	546	1279	536	26.00	0	-0.90	-4.92	0.00	0.00
1	254	130935749	1255	545	1279	536	25.63	0	-0.90	-4.92	0.00	0.00
1	255	130935790	1255	545	1279	536	25.63	0	-0.91	-4.92	0.00	0.00
1	256	130935830	1254	545	1279	536	26.57	0	-0.91	-4.92	0.00	0.00
1	257	130935871	1254	545	1279	536	26.57	0	-0.91	-4.92	0.00	0.00
1	258	130935912	1254	545	1279	536	26.57	0	-0.92	-4.92	0.00	0.00
1	259	130935953	1254	544	1279	536	26.25	0	-0.92	-4.91	0.00	0.00
1	260	130935994	1254	544	1279	536	26.25	0	-0.92	-4.91	0.00	0.00
1	261	130936035	1254	544	1279	536	26.25	0	-0.93	-4.91	0.00	0.00
1	262	130936076	1254	544	1279	536	26.25	0	-0.93	-4.91	0.00	0.00
1	263	130936117	1254	543	1279	536	25.96	0	-0.93	-4.91	0.00	0.00
1	264	130936157	1254	543	1279	536	25.96	0	-0.94	-4.91	0.00	0.00
1	265	130936198	1254	543	1279	536	25.96	0	-0.94	-4.91	0.00	0.00
1	266	130936239	1254	543	1279	536	25.96	0	-0.94	-4.91	0.00	0.00
1	267	130936280	1254	543	1279	536	25.96	0	-0.95	-4.91	0.00	0.00
1	268	130936321	1254	542	1279	536	25.71	0	-0.95	-4.91	0.00	0.00
1	269	130936361	1254	542	1279	536	25.71	0	-0.95	-4.91	0.00	0.00
1	270	130936402	1254	542	1279	536	25.71	0	-0.96	-4.91	0.00	0.00
1	271	130936443	1254	542	1279	536	25.71	0	-0.96	-4.91	0.00	-500.00
1	272	130936484	1254	542	1279	517	35.36	0	-0.96	-4.91	0.00	-500.00
1	273	130936525	1254	542	1279	501	48.02	0	-0.97	-4.91	0.00	0.00
1	274	130936566	1254	541	1279	501	47.17	0	-0.97	-4.90	0.00	0.00
1	275	130936607	1254	541	1279	501	47.17	0	-0.97	-4.90	0.00	0.00
1	276	130936648	1254	541	1279	501	47.17	0	-0.98	-4.90	0.00	0.00
1	277	130936689	1254	541	1279	501	47.17	0	-0.98	-4.90	0.00	500.00
1	278	130936730	1254	540	1279	524	29.68	0	-0.98	-4.90	0.00	500.00
1	279	130936771	1254	540	1279	542	25.08	0	-0.99	-4.90	0.00	500.00
1	280	130936812	1254	540	1279	564	34.66	0	-0.99	-4.90	0.00	0.00
1	281	130936853	1254	540	1279	564	34.66	0	-0.99	-4.90	0.00	0.00
1	282	130936894	1253	540	1279	564	35.38	0	-1.00	-4.90	0.00	0.00
1	283	130936935	1253	539	1279	564	36.07	0	-1.00	-4.90	0.00	0.00
1	284	130936976	1253	539	1279	564	36.07	0	-1.00	-4.90	0.00	0.00
1	285	130937017	1253	539	1279	564	36.07	0	-1.01	-4.90	0.00	-500.00
1	286	130937058	1253	539	1279	541	26.08	0	-1.01	-4.90	-500.00	-500.00
1	287	130937099	1253	539	1261	523	17.89	0	-1.01	-4.90	-500.00	-500.00
1	288	130937140	1253	538	1238	500	40.85	0	-1.02	-4.90	0.00	0.00
1	289	130937181	1253	538	1238	500	40.85	0	-1.02	-4.89	0.00	0.00
1	290	130937222	1253	538	1238	500	40.85	0	-1.02	-4.89	0.00	0.00
1	291	130937263	1253	538	1238	500	40.85	0	-1.03	-4.89	0.00	0.00
1	292	130937304	1253	538	1238	500	40.85	0	-1.03	-4.89	0.00	0.00
1	293	130937345	1253	537	1238	500	39.92	0	-1.03	-4.89	0.00	0.00
1	294	130937386	1253	537	1238	500	39.92	0	-1.04	-4.89	0.00	500.00
1	295	130937427	1253	537	1238	517	25.00	0	-1.04	-4.89	0.00	500.00
1	296	130937468	1253	537	1238	540	15.30	0	-1.04	-4.89	0.00	500.00
1	297	130937509	1253	537	1238	563	30.02	0	-1.05	-4.89	0.00	0.00
1	298	130937549	1253	536	1238	563	30.89	0	-1.05	-4.89	0.00	0.00
1	299	130937590	1253	536	1238	563	30.89	0	-1.05	-4.89	0.00	0.00
1	300	130937631	1253	536	1238	563	30.89	0	-1.06	-4.89	0.00	0.00
1	301	130937672	1253	536	1238	563	30.89	0	-1.06	-4.89	0.00	0.00
1	302	130937712	1253	536	1238	563	30.89	0	-1.06	-4.89	0.00	0.00
1	303	130937753	1253	535	1238	563	31.76	0	-1.07	-4.88	0.00	0.00
1	304	130937794	1253	535	1238	563	31.76	0	-1.07	-4.88	500.00	-500.00
1	305	130937835	1252	535	1260	541	10.00	0	-1.07	-4.88	500.00	-500.00
1	306	130937875	1252	535	1279	522	29.97	0	-1.08	-4.88	500.00	0.00
1	307	130937916	1252	535	1296	522	45.88	0	-1.08	-4.88	0.00	0.00
1	308	130937956	1252	534	1296	522	45.61	0	-1.08	-4.88	0.00	0.00
1	309	130937997	1252	534	1296	522	45.61	0	-1.09	-4.88	0.00	0.00
1	310	130938037	1252	534	1296	522	45.61	0	-1.09	-4.88	0.00	0.00
1	311	130938078	1252	534	1296	522	45.61	0	-1.09	-4.88	0.00	0.00
1	312	130938118	1252	534	1296	522	45.61	0	-1.10	-4.88	0.00	0.00
1	313	130938159	1252	533	1296	522	45.35	0	-1.10	-4.88	-500.00	0.00
1	314	130938200	1252	533	1274	522	24.60	0	-1.10	-4.88	-500.00	500.00
1	315	130938240	1252	533	1255	541	8.54	1	-1.11	-4.88	-500.00	500.00
1	316	130938281	1252	533	1232	564	36.89	0	-1.11	-4.88	0.00	0.00
1	317	130938322	1252	533	1232	564	36.89	0	-1.11	-4.87	0.00	0.00
1	318	130938363	1252	532	1232	564	37.74	0	-1.12	-4.87	0.00	0.00
1	319	130938404	1252	532	1232	564	37.74	0	-1.12	-4.87	0.00	0.00
1	320	130938445	1252	532	1232	564	37.74	0	-1.12	-4.87	0.00	0.00
1	321	130938486	1252	532	1232	564	37.74	0	-1.13	-4.87	0.00	0.00
1	322	130938527	1252	532	1232	564	37.74	0	-1.13	-4.87	0.00	0.00
1	323	130938568	1252	531	1232	564	38.59	0	-1.13	-4.87	0.00	-500.00
1	324	130938609	1252	531	1232	542	22.83	0	-1.14	-4.87	0.00	-500.00
1	325	130938650	1252	531	1232	523	21.54	0	-1.14	-4.87	0.00	0.00
1	326	130938691	1252	531	1232	523	21.54	0	-1.14	-4.87	0.00	0.00
1	327	130938731	1252	531	1232	523	21.54	0	-1.15	-4.87	0.00	0.00
1	328	130938772	1251	530	1232	523	20.25	0	-1.15	-4.87	0.00	0.00
1	329	130938813	1251	530	1232	523	20.25	0	-1.15	-4.87	0.00	0.00
1	330	130938854	1251	530	1232	523	20.25	0	-1.16	-4.86	0.00	0.00
1	331	130938895	1251	530	1232	523	20.25	0	-1.16	-4.86	0.00	0.00
1	332	130938936	1251	530	1232	523	20.25	0	-1.16	-4.86	0.00	0.00
1	333	130938977	1251	529	1232	523	19.92	0	-1.17	-4.86	0.00	0.00
1	334	130939018	1251	529	1232	523	19.92	0	-1.17	-4.86	0.00	0.00
1	335	130939058	1251	529	1232	523	19.92	0	-1.17	-4.86	0.00	0.00
1	336	130939099	1251	529	1232	523	19.92	0	-1.18	-4.86	500.00	0.00
1	337	130939140	1251	529	1251	523	6.00	1	-1.18	-4.86	500.00	0.00
1	338	130939181	1251	528	1274	523	23.54	0	-1.18	-4.86	0.00	0.00
1	339	130939221	1251	528	1274	523	23.54	0	-1.19	-4.86	0.00	0.00
1	340	130939262	1251	528	1274	523	23.54	0	-1.19	-4.86	0.00	0.00
1	341	130939302	1251	528	1274	523	23.54	0	-1.19	-4.86	0.00	0.00
1	342	130939343	1251	528	1274	523	23.54	0	-1.20	-4.85	0.00	0.00
1	343	130939384	1251	527	1274	523	23.35	0	-1.20	-4.85	0.00	0.00
1	344	130939425	1251	527	1274	523	23.35	0	-1.20	-4.85	0.00	0.00
1	345	130939466	1251	527	1274	523	23.35	0	-1.21	-4.85	0.00	0.00
1	346	130939507	1251	527	1274	523	23.35	0	-1.21	-4.85	0.00	0.00
1	347	130939548	1251	527	1274	523	23.35	0	-1.21	-4.85	-500.00	0.00
1	348	130939589	1250	526	1250	523	3.00	1	-1.22	-4.85	-500.00	0.00
1	349	130939630	1250	526	1233	523	17.26	0	-1.22	-4.85	-500.00	0.00
1	350	130939671	1250	526	1209	523	41.11	0	-1.22	-4.85	0.00	0.00
1	351	130939712	1250	526	1209	523	41.11	0	-1.23	-4.85	0.00	0.00
1	352	130939753	1250	526	1209	523	41.11	0	-1.23	-4.85	0.00	0.00
1	353	130939794	1250	526	1209	523	41.11	0	-1.23	-4.85	0.00	0.00
1	354	130939835	1250	525	1209	523	41.05	0	-1.24	-4.84	0.00	0.00
1	355	130939876	1250	525	1209	523	41.05	0	-1.24	-4.84	0.00	0.00
1	356	130939917	1250	525	1209	523	41.05	0	-1.24	-4.84	0.00	0.00
1	357	130939958	1250	525	1209	523	41.05	0	-1.25	-4.84	500.00	0.00
1	358	130939999	1250	524	1234	523	16.03	0	-1.25	-4.84	500.00	0.00
1	359	130940040	1250	524	1251	523	1.41	1	-1.25	-4.84	500.00	0.00
1	360	130940080	1250	524	1274	523	24.02	0	-1.26	-4.84	0.00	0.00
1	361	130940121	1250	524	1274	523	24.02	0	-1.26	-4.84	0.00	0.00
1	362	130940161	1250	524	1274	523	24.02	0	-1.26	-4.84	0.00	0.00
1	363	130940202	1250	524	1274	523	24.02	0	-1.27	-4.84	0.00	0.00
1	364	130940242	1250	523	1274	523	24.00	0	-1.27	-4.84	0.00	0.00
1	365	130940282	1250	523	1274	523	24.00	0	-1.27	-4.83	0.00	0.00
1	366	130940323	1250	523	1274	523	24.00	0	-1.28	-4.83	0.00	0.00
1	367	130940364	1250	523	1274	523	24.00	0	-1.28	-4.83	0.00	0.00
1	368	130940405	1249	523	1274	523	25.00	0	-1.28	-4.83	-500.00	0.00
1	369	130940446	1249	522	1255	523	6.08	1	-1.29	-4.83	-500.00	0.00
1	370	130940487	1249	522	1232	523	17.03	0	-1.29	-4.83	0.00	0.00
1	371	130940528	1249	522	1232	523	17.03	0	-1.29	-4.83	0.00	0.00
1	372	130940569	1249	522	1232	523	17.03	0	-1.30	-4.83	0.00	0.00
1	373	130940610	1249	522	1232	523	17.03	0	-1.30	-4.83	0.00	0.00
1	374	130940651	1249	521	1232	523	17.12	0	-1.30	-4.83	0.00	0.00
1	375	130940692	1249	521	1232	523	17.12	0	-1.31	-4.83	0.00	0.00
1	376	130940733	1249	521	1232	523	17.12	0	-1.31	-4.83	0.00	0.00
1	377	130940774	1249	521	1232	523	17.12	0	-1.31	-4.82	0.00	0.00
1	378	130940815	1249	521	1232	523	17.12	0	-1.32	-4.82	0.00	0.00
1	379	130940856	1249	520	1232	523	17.26	0	-1.32	-4.82	0.00	0.00
1	380	130940897	1249	520	1232	523	17.26	0	-1.32	-4.82	0.00	0.00
1	381	130940938	1249	520	1232	523	17.26	0	-1.33	-4.82	0.00	0.00
1	382	130940979	1249	520	1232	523	17.26	0	-1.33	-4.82	0.00	0.00
1	383	130941020	1249	520	1232	523	17.26	0	-1.33	-4.82	0.00	0.00
1	384	130941061	1249	519	1232	523	17.46	0	-1.34	-4.82	0.00	0.00
1	385	130941102	1249	519	1232	523	17.46	0	-1.34	-4.82	0.00	0.00
1	386	130941143	1248	519	1232	523	16.49	0	-1.34	-4.82	0.00	0.00
1	387	130941184	1248	519	1232	523	16.49	0	-1.35	-4.82	0.00	0.00
1	388	130941225	1248	519	1232	523	16.49	0	-1.35	-4.81	0.00	0.00
1	389	130941266	1248	518	1232	523	16.76	0	-1.35	-4.81	0.00	-500.00
1	390	130941308	1248	518	1232	500	24.08	0	-1.36	-4.81	0.00	-500.00
1	391	130941350	1248	518	1232	476	44.94	0	-1.36	-4.81	0.00	-500.00
1	392	130941391	1248	518	1232	460	60.17	0	-1.36	-4.81	0.00	0.00
1	393	130941432	1248	518	1232	460	60.17	0	-1.37	-4.81	0.00	0.00
1	394	130941473	1248	517	1232	460	59.20	0	-1.37	-4.81	0.00	0.00
1	395	130941514	1248	517	1232	460	59.20	0	-1.37	-4.81	0.00	0.00
1	396	130941555	1248	517	1232	460	59.20	0	-1.38	-4.81	0.00	0.00
1	397	130941595	1248	517	1232	460	59.20	0	-1.38	-4.81	0.00	500.00
1	398	130941636	1248	517	1232	478	42.15	0	-1.38	-4.81	0.00	500.00
1	399	130941676	1248	516	1232	502	21.26	0	-1.39	-4.80	0.00	500.00
1	400	130941716	1248	516	1232	518	16.12	0	-1.39	-4.80	0.00	0.00
1	401	130941757	1248	516	1232	518	16.12	0	-1.39	-4.80	0.00	0.00
1	402	130941798	1248	516	1232	518	16.12	0	-1.40	-4.80	0.00	0.00
1	403	130941838	1248	516	1232	518	16.12	0	-1.40	-4.80	0.00	0.00
1	404	130941879	1247	515	1232	518	15.30	0	-1.40	-4.80	0.00	0.00
1	405	130941920	1247	515	1232	518	15.30	0	-1.41	-4.80	0.00	0.00
1	406	130941961	1247	515	1232	518	15.30	0	-1.41	-4.80	0.00	0.00
1	407	130942002	1247	515	1232	518	15.30	0	-1.41	-4.80	500.00	0.00
1	408	130942043	1247	515	1250	518	4.24	1	-1.41	-4.80	500.00	0.00
1	409	130942084	1247	514	1273	518	26.31	0	-1.42	-4.79	500.00	0.00
1	410	130942125	1247	514	1290	518	43.19	0	-1.42	-4.79	500.00	0.00
1	411	130942166	1247	514	1314	518	67.12	0	-1.43	-4.79	0.00	0.00
1	412	130942207	1247	514	1314	518	67.12	0	-1.43	-4.79	0.00	0.00
1	413	130942248	1247	514	1314	518	67.12	0	-1.43	-4.79	0.00	0.00
1	414	130942289	1247	513	1314	518	67.19	0	-1.43	-4.79	0.00	0.00
1	415	130942330	1247	513	1314	518	67.19	0	-1.44	-4.79	0.00	0.00
1	416	130942371	1247	513	1314	518	67.19	0	-1.44	-4.79	-500.00	0.00
1	417	130942412	1247	513	1291	518	44.28	0	-1.44	-4.79	-500.00	0.00
1	418	130942453	1247	513	1273	518	26.48	0	-1.45	-4.79	-500.00	0.00
1	419	130942494	1247	512	1250	518	6.71	1	-1.45	-4.78	0.00	0.00
1	420	130942535	1247	512	1250	518	6.71	1	-1.45	-4.78	0.00	0.00
1	421	130942575	1246	512	1250	518	7.21	1	-1.46	-4.78	0.00	0.00
1	422	130942616	1246	512	1250	518	7.21	1	-1.46	-4.78	0.00	0.00
1	423	130942657	1246	512	1250	518	7.21	1	-1.46	-4.78	0.00	0.00
1	424	130942698	1246	511	1250	518	8.06	1	-1.47	-4.78	0.00	0.00
1	425	130942738	1246	511	1250	518	8.06	1	-1.47	-4.78	0.00	0.00
1	426	130942779	1246	511	1250	518	8.06	1	-1.47	-4.78	0.00	0.00
1	427	130942820	1246	511	1250	518	8.06	1	-1.48	-4.78	0.00	0.00
1	428	130942861	1246	511	1250	518	8.06	1	-1.48	-4.78	0.00	0.00
1	429	130942901	1246	510	1250	518	8.94	1	-1.48	-4.77	0.00	0.00
1	430	130942942	1246	510	1250	518	8.94	1	-1.49	-4.77	0.00	0.00
1	431	130942983	1246	510	1250	518	8.94	1	-1.49	-4.77	0.00	0.00
1	432	130943024	1246	510	1250	518	8.94	1	-1.49	-4.77	0.00	0.00
1	433	130943065	1246	510	1250	518	8.94	1	-1.50	-4.77	0.00	0.00
1	434	130943106	1246	510	1250	518	8.94	1	-1.50	-4.77	0.00	0.00
1	435	130943147	1246	509	1250	518	9.85	1	-1.50	-4.77	0.00	0.00
1	436	130943188	1246	509	1250	518	9.85	1	-1.51	-4.77	0.00	0.00
1	437	130943229	1245	509	1250	518	10.30	0	-1.51	-4.77	0.00	0.00
1	438	130943270	1245	509	1250	518	10.30	0	-1.51	-4.77	0.00	0.00
1	439	130943311	1245	508	1250	518	11.18	0	-1.52	-4.76	0.00	0.00
1	440	130943352	1245	508	1250	518	11.18	0	-1.52	-4.76	0.00	0.00
1	441	130943393	1245	508	1250	518	11.18	0	-1.52	-4.76	0.00	0.00
1	442	130943434	1245	508	1250	518	11.18	0	-1.53	-4.76	0.00	0.00
1	443	130943475	1245	508	1250	518	11.18	0	-1.53	-4.76	0.00	0.00
1	444	130943516	1245	508	1250	518	11.18	0	-1.53	-4.76	0.00	0.00
1	445	130943557	1245	507	1250	518	12.08	0	-1.54	-4.76	0.00	0.00
1	446	130943598	1245	507	1250	518	12.08	0	-1.54	-4.76	0.00	0.00
1	447	130943639	1245	507	1250	518	12.08	0	-1.54	-4.76	0.00	0.00
1	448	130943680	1245	507	1250	518	12.08	0	-1.55	-4.76	0.00	0.00
1	449	130943720	1245	507	1250	518	12.08	0	-1.55	-4.75	0.00	0.00
1	450	130943761	1245	506	1250	518	13.00	0	-1.55	-4.75	0.00	0.00
1	451	130943801	1245	506	1250	518	13.00	0	-1.56	-4.75	0.00	0.00
1	452	130943842	1245	506	1250	518	13.00	0	-1.56	-4.75	0.00	0.00
1	453	130943883	1244	506	1250	518	13.42	0	-1.56	-4.75	0.00	0.00
1	454	130943924	1244	506	1250	518	13.42	0	-1.57	-4.75	0.00	0.00
1	455	130943965	1244	505	1250	518	14.32	0	-1.57	-4.75	0.00	0.00
1	456	130944006	1244	505	1250	518	14.32	0	-1.57	-4.75	0.00	0.00
1	457	130944047	1244	505	1250	518	14.32	0	-1.58	-4.75	0.00	-500.00
1	458	130944088	1244	505	1250	502	6.71	1	-1.58	-4.74	0.00	-500.00
1	459	130944129	1244	505	1250	477	28.64	0	-1.58	-4.74	0.00	-500.00
1	460	130944170	1244	504	1250	460	44.41	0	-1.58	-4.74	0.00	-500.00
1	461	130944211	1244	504	1250	436	68.26	0	-1.59	-4.74	0.00	0.00
1	462	130944252	1244	504	1250	436	68.26	0	-1.59	-4.74	0.00	0.00
1	463	130944293	1244	504	1250	436	68.26	0	-1.59	-4.74	0.00	0.00
1	464	130944334	1244	504	1250	436	68.26	0	-1.60	-4.74	0.00	0.00
1	465	130944374	1244	503	1250	436	67.27	0	-1.60	-4.74	0.00	0.00
1	466	130944415	1244	503	1250	436	67.27	0	-1.60	-4.74	0.00	0.00
1	467	130944456	1244	503	1250	436	67.27	0	-1.61	-4.73	0.00	0.00
1	468	130944497	1244	503	1250	436	67.27	0	-1.61	-4.73	0.00	0.00
1	469	130944537	1243	503	1250	436	67.36	0	-1.61	-4.73	0.00	500.00
1	470	130944578	1243	502	1250	454	48.51	0	-1.62	-4.73	0.00	500.00
1	471	130944619	1243	502	1250	477	25.96	0	-1.62	-4.73	0.00	500.00
1	472	130944660	1243	502	1250	495	9.90	1	-1.62	-4.73	0.00	500.00
1	473	130944700	1243	502	1250	517	16.55	0	-1.63	-4.73	0.00	0.00
1	474	130944741	1243	502	1250	517	16.55	0	-1.63	-4.73	0.00	0.00
1	475	130944781	1243	501	1250	517	17.46	0	-1.63	-4.73	0.00	0.00
1	476	130944822	1243	501	1250	517	17.46	0	-1.64	-4.72	0.00	0.00
1	477	130944862	1243	501	1250	517	17.46	0	-1.64	-4.72	0.00	0.00
1	478	130944903	1243	501	1250	517	17.46	0	-1.64	-4.72	0.00	0.00
1	479	130944943	1243	501	1250	517	17.46	0	-1.65	-4.72	0.00	0.00
1	480	130944984	1243	501	1250	517	17.46	0	-1.65	-4.72	0.00	0.00
1	481	130945025	1243	500	1250	517	18.38	0	-1.65	-4.72	0.00	0.00
1	482	130945066	1243	500	1250	517	18.38	0	-1.66	-4.72	0.00	0.00
1	483	130945107	1242	500	1250	517	18.79	0	-1.66	-4.72	0.00	0.00
1	484	130945148	1242	500	1250	517	18.79	0	-1.66	-4.72	0.00	0.00
1	485	130945188	1242	500	1250	517	18.79	0	-1.67	-4.71	0.00	-500.00
1	486	130945229	1242	499	1250	499	8.00	1	-1.67	-4.71	0.00	-500.00
1	487	130945270	1242	499	1250	475	25.30	0	-1.67	-4.71	0.00	0.00
1	488	130945311	1242	499	1250	475	25.30	0	-1.67	-4.71	0.00	0.00
1	489	130945351	1242	499	1250	475	25.30	0	-1.68	-4.71	0.00	0.00
1	490	130945392	1242	499	1250	475	25.30	0	-1.68	-4.71	0.00	0.00
1	491	130945432	1242	498	1250	475	24.35	0	-1.69	-4.71	0.00	0.00
1	492	130945473	1242	498	1250	475	24.35	0	-1.69	-4.71	0.00	0.00
1	493	130945513	1242	498	1250	475	24.35	0	-1.69	-4.71	0.00	0.00
1	494	130945554	1242	498	1250	475	24.35	0	-1.69	-4.70	-500.00	0.00
1	495	130945594	1242	498	1226	475	28.02	0	-1.70	-4.70	-500.00	500.00
1	496	130945635	1242	497	1209	493	33.24	0	-1.70	-4.70	-500.00	500.00
1	497	130945676	1242	497	1185	516	60.08	0	-1.70	-4.70	0.00	0.00
1	498	130945717	1241	497	1185	516	59.14	0	-1.71	-4.70	0.00	0.00
1	499	130945757	1241	497	1185	516	59.14	0	-1.71	-4.70	0.00	0.00
1	500	130945798	1241	497	1185	516	59.14	0	-1.71	-4.70	0.00	0.00
1	501	130945838	1241	496	1185	516	59.46	0	-1.72	-4.70	0.00	0.00
1	502	130945879	1241	496	1185	516	59.46	0	-1.72	-4.69	0.00	0.00
1	503	130945920	1241	496	1185	516	59.46	0	-1.72	-4.69	0.00	0.00
1	504	130945961	1241	496	1185	516	59.46	0	-1.73	-4.69	0.00	0.00
1	505	130946001	1241	496	1185	516	59.46	0	-1.73	-4.69	0.00	0.00
1	506	130946042	1241	496	1185	516	59.46	0	-1.73	-4.69	0.00	0.00
1	507	130946082	1241	495	1185	516	59.81	0	-1.74	-4.69	0.00	0.00
1	508	130946123	1241	495	1185	516	59.81	0	-1.74	-4.69	500.00	-500.00
1	509	130946163	1241	495	1209	493	32.06	0	-1.74	-4.69	500.00	-500.00
1	510	130946204	1241	495	1226	475	25.00	0	-1.75	-4.69	500.00	-500.00
1	511	130946244	1241	495	1250	452	43.93	0	-1.75	-4.68	0.00	0.00
1	512	130946285	1240	494	1250	452	43.17	0	-1.75	-4.68	0.00	0.00
1	513	130946325	1240	494	1250	452	43.17	0	-1.76	-4.68	0.00	0.00
1	514	130946365	1240	494	1250	452	43.17	0	-1.76	-4.68	0.00	0.00
1	515	130946406	1240	494	1250	452	43.17	0	-1.76	-4.68	0.00	0.00
1	516	130946447	1240	494	1250	452	43.17	0	-1.76	-4.68	-500.00	0.00
1	517	130946488	1240	493	1226	452	43.32	0	-1.77	-4.68	-500.00	500.00
1	518	130946528	1240	493	1209	470	38.60	0	-1.77	-4.68	0.00	500.00
1	519	130946569	1240	493	1209	494	31.02	0	-1.77	-4.67	0.00	0.00
1	520	130946610	1240	493	1209	494	31.02	0	-1.78	-4.67	0.00	0.00
1	521	130946651	1240	493	1209	494	31.02	0	-1.78	-4.67	0.00	0.00
1	522	130946692	1240	492	1209	494	31.06	0	-1.78	-4.67	0.00	0.00
1	523	130946733	1240	492	1209	494	31.06	0	-1.79	-4.67	0.00	0.00
1	524	130946773	1240	492	1209	494	31.06	0	-1.79	-4.67	0.00	0.00
1	525	130946814	1240	492	1209	494	31.06	0	-1.79	-4.67	500.00	0.00
1	526	130946855	1239	492	1226	494	13.15	0	-1.80	-4.67	500.00	0.00
1	527	130946896	1239	491	1250	494	11.40	0	-1.80	-4.66	500.00	0.00
1	528	130946937	1239	491	1267	494	28.16	0	-1.80	-4.66	500.00	0.00
1	529	130946978	1239	491	1291	494	52.09	0	-1.81	-4.66	0.00	0.00
1	530	130947019	1239	491	1291	494	52.09	0	-1.81	-4.66	0.00	0.00
1	531	130947060	1239	491	1291	494	52.09	0	-1.81	-4.66	0.00	0.00
1	532	130947101	1239	491	1291	494	52.09	0	-1.82	-4.66	0.00	0.00
1	533	130947141	1239	490	1291	494	52.15	0	-1.82	-4.66	0.00	0.00
1	534	130947182	1239	490	1291	494	52.15	0	-1.82	-4.66	0.00	0.00
1	535	130947223	1239	490	1291	494	52.15	0	-1.83	-4.65	-500.00	0.00
1	536	130947263	1239	490	1273	494	34.23	0	-1.83	-4.65	-500.00	0.00
1	537	130947304	1239	490	1251	494	12.65	0	-1.83	-4.65	500.00	0.00
1	538	130947345	1239	489	1269	494	30.41	0	-1.83	-4.65	0.00	0.00
1	539	130947386	1238	489	1269	494	31.40	0	-1.84	-4.65	0.00	0.00
1	540	130947427	1238	489	1269	494	31.40	0	-1.84	-4.65	0.00	0.00
1	541	130947467	1238	489	1269	494	31.40	0	-1.84	-4.65	0.00	0.00
1	542	130947508	1238	489	1269	494	31.40	0	-1.85	-4.65	0.00	0.00
1	543	130947548	1238	488	1269	494	31.58	0	-1.85	-4.64	-500.00	0.00
1	544	130947589	1238	488	1252	494	15.23	0	-1.85	-4.64	-500.00	-500.00
1	545	130947629	1238	488	1228	470	20.59	0	-1.86	-4.64	-500.00	0.00
1	546	130947670	1238	488	1210	470	33.29	0	-1.86	-4.64	0.00	0.00
1	547	130947710	1238	488	1210	470	33.29	0	-1.86	-4.64	0.00	0.00
1	548	130947751	1238	487	1210	470	32.76	0	-1.87	-4.64	0.00	0.00
1	549	130947791	1238	487	1210	470	32.76	0	-1.87	-4.64	0.00	0.00
1	550	130947832	1238	487	1210	470	32.76	0	-1.87	-4.64	0.00	0.00
1	551	130947873	1238	487	1210	470	32.76	0	-1.88	-4.63	0.00	0.00
1	552	130947914	1237	487	1210	470	31.91	0	-1.88	-4.63	0.00	0.00
1	553	130947954	1237	487	1210	470	31.91	0	-1.88	-4.63	0.00	0.00
1	554	130947995	1237	486	1210	470	31.38	0	-1.89	-4.63	500.00	0.00
1	555	130948035	1237	486	1235	470	16.12	0	-1.89	-4.63	0.00	0.00
1	556	130948076	1237	486	1235	470	16.12	0	-1.89	-4.63	0.00	0.00
1	557	130948116	1237	486	1235	470	16.12	0	-1.90	-4.63	0.00	0.00
1	558	130948157	1237	486	1235	470	16.12	0	-1.90	-4.63	0.00	0.00
1	559	130948198	1237	485	1235	470	15.13	0	-1.90	-4.62	0.00	0.00
1	560	130948238	1237	485	1235	470	15.13	0	-1.90	-4.62	0.00	500.00
1	561	130948279	1237	485	1235	493	8.25	1	-1.91	-4.62	0.00	500.00
1	562	130948320	1237	485	1235	511	26.08	0	-1.91	-4.62	0.00	500.00
1	563	130948361	1237	485	1235	534	49.04	0	-1.91	-4.62	0.00	0.00
1	564	130948402	1237	484	1235	534	50.04	0	-1.92	-4.62	0.00	0.00
1	565	130948443	1236	484	1235	534	50.01	0	-1.92	-4.62	0.00	0.00
1	566	130948484	1236	484	1235	534	50.01	0	-1.92	-4.62	0.00	0.00
1	567	130948525	1236	484	1235	534	50.01	0	-1.93	-4.61	0.00	0.00
1	568	130948566	1236	484	1235	534	50.01	0	-1.93	-4.61	0.00	-500.00
1	569	130948607	1236	483	1235	511	28.02	0	-1.93	-4.61	0.00	-500.00
1	570	130948648	1236	483	1235	492	9.06	1	-1.94	-4.61	0.00	0.00
1	571	130948689	1236	483	1235	492	9.06	1	-1.94	-4.61	0.00	0.00
1	572	130948729	1236	483	1235	492	9.06	1	-1.94	-4.61	0.00	0.00
1	573	130948770	1236	483	1235	492	9.06	1	-1.95	-4.61	0.00	0.00
1	574	130948811	1236	483	1235	492	9.06	1	-1.95	-4.60	0.00	0.00
1	575	130948852	1236	482	1235	492	10.05	0	-1.95	-4.60	0.00	0.00
1	576	130948893	1236	482	1235	492	10.05	0	-1.96	-4.60	0.00	0.00
1	577	130948934	1236	482	1235	492	10.05	0	-1.96	-4.60	0.00	0.00
1	578	130948975	1235	482	1235	492	10.00	0	-1.96	-4.60	0.00	0.00
1	579	130949016	1235	482	1235	492	10.00	0	-1.96	-4.60	0.00	0.00
1	580	130949057	1235	481	1235	492	11.00	0	-1.97	-4.60	0.00	0.00
1	581	130949098	1235	481	1235	492	11.00	0	-1.97	-4.59	0.00	-500.00
1	582	130949139	1235	481	1235	474	7.00	1	-1.97	-4.59	0.00	-500.00
1	583	130949179	1235	481	1235	452	29.00	0	-1.98	-4.59	0.00	-500.00
1	584	130949220	1235	481	1235	433	48.00	0	-1.98	-4.59	0.00	0.00
1	585	130949261	1235	480	1235	433	47.00	0	-1.98	-4.59	0.00	0.00
1	586	130949301	1235	480	1235	433	47.00	0	-1.99	-4.59	0.00	0.00
1	587	130949341	1235	480	1235	433	47.00	0	-1.99	-4.59	0.00	0.00
1	588	130949382	1235	480	1235	433	47.00	0	-1.99	-4.59	-500.00	500.00
1	589	130949422	1235	480	1212	456	33.24	0	-2.00	-4.58	-500.00	500.00
1	590	130949463	1234	480	1194	474	40.45	0	-2.00	-4.58	0.00	500.00
1	591	130949503	1234	479	1194	498	44.28	0	-2.00	-4.58	0.00	0.00
1	592	130949543	1234	479	1194	498	44.28	0	-2.01	-4.58	0.00	0.00
1	593	130949583	1234	479	1194	498	44.28	0	-2.01	-4.58	0.00	0.00
1	594	130949624	1234	479	1194	498	44.28	0	-2.01	-4.58	0.00	0.00
1	595	130949666	1234	479	1194	498	44.28	0	-2.02	-4.58	0.00	0.00
1	596	130949707	1234	478	1194	498	44.72	0	-2.02	-4.57	0.00	-500.00
1	597	130949747	1234	478	1194	473	40.31	0	-2.02	-4.57	0.00	-500.00
1	598	130949788	1234	478	1194	457	45.18	0	-2.02	-4.57	500.00	-500.00
1	599	130949828	1234	478	1218	432	48.70	0	-2.03	-4.57	0.00	0.00
1	600	130949869	1234	478	1218	432	48.70	0	-2.03	-4.57	0.00	0.00
1	601	130949910	1234	477	1218	432	47.76	0	-2.03	-4.57	0.00	0.00
1	602	130949951	1233	477	1218	432	47.43	0	-2.04	-4.57	0.00	0.00
1	603	130949991	1233	477	1218	432	47.43	0	-2.04	-4.56	0.00	0.00
1	604	130950032	1233	477	1218	432	47.43	0	-2.04	-4.56	0.00	500.00
1	605	130950072	1233	477	1218	457	25.00	0	-2.05	-4.56	0.00	500.00
1	606	130950113	1233	477	1218	474	15.30	0	-2.05	-4.56	0.00	500.00
1	607	130950153	1233	476	1218	498	26.63	0	-2.05	-4.56	0.00	500.00
1	608	130950194	1233	476	1218	515	41.79	0	-2.06	-4.56	0.00	0.00
1	609	130950235	1233	476	1218	515	41.79	0	-2.06	-4.56	0.00	0.00
1	610	130950275	1233	476	1218	515	41.79	0	-2.06	-4.56	0.00	0.00
1	611	130950315	1233	476	1218	515	41.79	0	-2.07	-4.55	0.00	0.00
1	612	130950356	1233	475	1218	515	42.72	0	-2.07	-4.55	0.00	0.00
1	613	130950397	1233	475	1218	515	42.72	0	-2.07	-4.55	0.00	-500.00
1	614	130950437	1232	475	1218	498	26.93	0	-2.07	-4.55	0.00	-500.00
1	615	130950477	1232	475	1218	475	14.00	0	-2.08	-4.55	0.00	-500.00
1	616	130950518	1232	475	1218	457	22.80	0	-2.08	-4.55	0.00	0.00
1	617	130950558	1232	474	1218	457	22.02	0	-2.08	-4.55	0.00	0.00
1	618	130950599	1232	474	1218	457	22.02	0	-2.09	-4.54	0.00	0.00
1	619	130950639	1232	474	1218	457	22.02	0	-2.09	-4.54	0.00	0.00
1	620	130950680	1232	474	1218	457	22.02	0	-2.09	-4.54	0.00	0.00
1	621	130950720	1232	474	1218	457	22.02	0	-2.10	-4.54	0.00	500.00
1	622	130950761	1232	474	1218	474	14.00	0	-2.10	-4.54	0.00	500.00
1	623	130950801	1232	473	1218	498	28.65	0	-2.10	-4.54	0.00	500.00
1	624	130950842	1232	473	1218	515	44.27	0	-2.11	-4.54	0.00	500.00
1	625	130950882	1232	473	1218	538	66.49	0	-2.11	-4.53	0.00	500.00
1	626	130950923	1231	473	1218	556	84.01	0	-2.11	-4.53	0.00	0.00
1	627	130950963	1231	473	1218	556	84.01	0	-2.11	-4.53	0.00	0.00
1	628	130951004	1231	472	1218	556	85.00	0	-2.12	-4.53	0.00	0.00
1	629	130951044	1231	472	1218	556	85.00	0	-2.12	-4.53	0.00	-500.00
1	630	130951085	1231	472	1218	539	68.25	0	-2.12	-4.53	0.00	-500.00
1	631	130951126	1231	472	1218	515	44.92	0	-2.13	-4.52	0.00	-500.00
1	632	130951167	1231	472	1218	499	29.97	0	-2.13	-4.52	0.00	-500.00
1	633	130951207	1231	471	1218	474	13.34	0	-2.13	-4.52	-500.00	-500.00
1	634	130951248	1231	471	1201	457	33.11	0	-2.14	-4.52	-500.00	-500.00
1	635	130951289	1231	471	1177	433	66.03	0	-2.14	-4.52	-500.00	0.00
1	636	130951330	1231	471	1160	433	80.53	0	-2.14	-4.52	-500.00	500.00
1	637	130951370	1230	471	1136	457	95.04	0	-2.15	-4.52	-500.00	500.00
1	638	130951411	1230	471	1119	474	111.04	0	-2.15	-4.51	-500.00	500.00
1	639	130951452	1230	470	1095	498	137.87	0	-2.15	-4.51	0.00	0.00
1	640	130951493	1230	470	1095	498	137.87	0	-2.15	-4.51	0.00	0.00
1	641	130951533	1230	470	1095	498	137.87	0	-2.16	-4.51	500.00	0.00
1	642	130951574	1230	470	1113	498	120.30	0	-2.16	-4.51	500.00	0.00
1	643	130951614	1230	470	1136	498	98.08	0	-2.16	-4.51	500.00	0.00
1	644	130951655	1230	469	1154	498	81.34	0	-2.17	-4.51	500.00	0.00
1	645	130951696	1230	469	1177	498	60.42	0	-2.17	-4.50	500.00	0.00
1	646	130951737	1230	469	1195	498	45.45	0	-2.17	-4.50	500.00	-500.00
1	647	130951778	1230	469	1218	474	13.00	0	-2.18	-4.50	500.00	-500.00
1	648	130951819	1230	469	1236	457	13.42	0	-2.18	-4.50	0.00	-500.00
1	649	130951859	1229	469	1236	433	36.67	0	-2.18	-4.50	-500.00	-500.00
1	650	130951900	1229	468	1218	416	53.15	0	-2.19	-4.50	-500.00	-500.00
1	651	130951941	1229	468	1195	392	83.26	0	-2.19	-4.50	-500.00	-500.00
1	652	130951982	1229	468	1177	375	106.55	0	-2.19	-4.49	-500.00	-500.00
1	653	130952023	1229	468	1154	351	138.97	0	-2.20	-4.49	-500.00	0.00
1	654	130952064	1229	468	1136	351	149.46	0	-2.20	-4.49	0.00	500.00
1	655	130952104	1229	467	1136	375	130.82	0	-2.20	-4.49	500.00	500.00
1	656	130952145	1229	467	1154	392	106.07	0	-2.20	-4.49	500.00	500.00
1	657	130952186	1229	467	1176	415	74.25	0	-2.21	-4.49	500.00	500.00
1	658	130952227	1229	467	1194	432	49.50	0	-2.21	-4.49	500.00	500.00
1	659	130952267	1229	467	1217	456	16.28	0	-2.21	-4.48	500.00	500.00
1	660	130952308	1228	467	1236	474	10.63	0	-2.22	-4.48	500.00	0.00
1	661	130952348	1228	466	1258	474	31.05	0	-2.22	-4.48	500.00	-500.00
1	662	130952389	1228	466	1276	457	48.84	0	-2.22	-4.48	500.00	-500.00
1	663	130952429	1228	466	1300	432	79.62	0	-2.23	-4.48	0.00	-500.00
1	664	130952470	1228	466	1300	416	87.66	0	-2.23	-4.48	-500.00	-500.00
1	665	130952511	1228	466	1276	391	89.04	0	-2.23	-4.47	0.00	0.00
1	666	130952551	1228	465	1276	391	88.20	0	-2.23	-4.47	500.00	500.00
1	667	130952592	1228	465	1299	415	86.84	0	-2.24	-4.47	500.00	500.00
1	668	130952633	1228	465	1317	432	94.92	0	-2.24	-4.47	500.00	500.00
1	669	130952674	1228	465	1340	456	112.36	0	-2.24	-4.47	500.00	500.00
1	670	130952715	1228	465	1358	473	130.25	0	-2.25	-4.47	500.00	500.00
1	671	130952756	1227	464	1381	497	157.50	0	-2.25	-4.47	500.00	0.00
1	672	130952797	1227	464	1399	497	175.14	0	-2.25	-4.46	500.00	-500.00
1	673	130952838	1227	464	1422	473	195.21	0	-2.26	-4.46	0.00	0.00
1	674	130952879	1227	464	1422	473	195.21	0	-2.26	-4.46	0.00	0.00
1	675	130952920	1227	464	1422	473	195.21	0	-2.26	-4.46	0.00	0.00
1	676	130952961	1227	464	1422	473	195.21	0	-2.26	-4.46	0.00	0.00
1	677	130953002	1227	463	1422	473	195.26	0	-2.27	-4.46	0.00	0.00
1	678	130953043	1227	463	1422	473	195.26	0	-2.27	-4.45	-500.00	-500.00
1	679	130953084	1227	463	1399	450	172.49	0	-2.27	-4.45	-500.00	-500.00
1	680	130953125	1227	463	1381	432	157.09	0	-2.28	-4.45	-500.00	-500.00
1	681	130953166	1226	463	1358	409	142.62	0	-2.28	-4.45	-500.00	0.00
1	682	130953207	1226	463	1340	409	126.14	0	-2.28	-4.45	-500.00	0.00
1	683	130953247	1226	462	1317	409	105.31	0	-2.29	-4.45	-500.00	500.00
1	684	130953288	1226	462	1299	427	80.96	0	-2.29	-4.45	-500.00	500.00
1	685	130953329	1226	462	1276	450	51.42	0	-2.29	-4.44	-500.00	500.00
1	686	130953369	1226	462	1258	468	32.56	0	-2.30	-4.44	-500.00	500.00
1	687	130953410	1226	462	1235	491	30.36	0	-2.30	-4.44	0.00	500.00
1	688	130953451	1226	461	1235	508	47.85	0	-2.30	-4.44	0.00	500.00
1	689	130953492	1226	461	1235	532	71.57	0	-2.30	-4.44	500.00	500.00
1	690	130953533	1226	461	1252	550	92.72	0	-2.31	-4.44	500.00	500.00
1	691	130953574	1226	461	1275	572	121.33	0	-2.31	-4.43	500.00	0.00
1	692	130953615	1225	461	1293	572	130.17	0	-2.31	-4.43	500.00	0.00
1	693	130953656	1225	460	1316	572	144.31	0	-2.32	-4.43	0.00	-500.00
1	694	130953697	1225	460	1316	554	130.83	0	-2.32	-4.43	0.00	-500.00
1	695	130953738	1225	460	1316	531	115.42	0	-2.32	-4.43	-500.00	-500.00
1	696	130953779	1225	460	1298	514	90.80	0	-2.33	-4.43	-500.00	-500.00
1	697	130953820	1225	460	1275	490	58.31	0	-2.33	-4.42	-500.00	0.00
1	698	130953861	1225	460	1257	490	43.86	0	-2.33	-4.42	-500.00	0.00
1	699	130953902	1225	459	1234	490	32.28	0	-2.34	-4.42	-500.00	500.00
1	700	130953943	1225	459	1216	508	49.82	0	-2.34	-4.42	-500.00	500.00
1	701	130953984	1225	459	1192	532	80.11	0	-2.34	-4.42	-500.00	500.00
1	702	130954025	1225	459	1175	549	102.96	0	-2.34	-4.42	-500.00	500.00
1	703	130954066	1224	459	1151	573	135.37	0	-2.35	-4.41	-500.00	500.00
1	704	130954107	1224	459	1133	591	160.33	0	-2.35	-4.41	0.00	500.00
1	705	130954148	1224	458	1133	613	179.74	0	-2.35	-4.41	500.00	500.00
1	706	130954189	1224	458	1151	631	187.77	0	-2.36	-4.41	500.00	500.00
1	707	130954230	1224	458	1174	654	202.28	0	-2.36	-4.41	500.00	500.00
1	708	130954270	1224	458	1193	673	217.22	0	-2.36	-4.41	500.00	500.00
1	709	130954311	1224	458	1216	696	238.13	0	-2.37	-4.41	-500.00	0.00
1	710	130954352	1224	457	1200	696	240.20	0	-2.37	-4.40	-500.00	0.00
1	711	130954392	1224	457	1175	696	243.97	0	-2.37	-4.40	-500.00	0.00
1	712	130954433	1224	457	1159	696	247.68	0	-2.37	-4.40	-500.00	0.00
1	713	130954473	1223	457	1135	696	254.69	0	-2.38	-4.40	-500.00	0.00
1	714	130954513	1223	457	1117	696	261.45	0	-2.38	-4.40	-500.00	500.00
1	715	130954553	1223	456	1093	720	294.27	0	-2.38	-4.40	0.00	500.00
1	716	130954594	1223	456	1093	737	309.61	0	-2.39	-4.39	0.00	500.00
1	717	130954636	1223	456	1093	760	330.63	0	-2.39	-4.39	0.00	500.00
1	718	130954677	1223	456	1093	778	347.25	0	-2.39	-4.39	500.00	500.00
1	719	130954717	1223	456	1116	801	361.21	0	-2.40	-4.39	0.00	0.00
1	720	130954758	1223	456	1116	801	361.21	0	-2.40	-4.39	0.00	0.00
1	721	130954799	1223	455	1116	801	362.17	0	-2.40	-4.39	-500.00	0.00
1	722	130954840	1223	455	1097	801	368.23	0	-2.40	-4.38	-500.00	0.00
1	723	130954881	1222	455	1075	801	375.93	0	-2.41	-4.38	-500.00	0.00
1	724	130954922	1222	455	1057	801	383.33	0	-2.41	-4.38	-500.00	0.00
1	725	130954962	1222	455	1034	801	393.78	0	-2.41	-4.38	-500.00	0.00
1	726	130955003	1222	455	1015	801	403.19	0	-2.42	-4.38	-500.00	0.00
1	727	130955044	1222	454	992	801	416.30	0	-2.42	-4.38	-500.00	0.00
1	728	130955085	1222	454	974	801	426.51	0	-2.42	-4.37	-500.00	0.00
1	729	130955126	1222	454	951	801	440.28	0	-2.43	-4.37	-500.00	0.00
1	730	130955167	1222	454	933	801	451.59	0	-2.43	-4.37	-500.00	0.00
1	731	130955208	1222	454	910	801	466.64	0	-2.43	-4.37	-500.00	0.00
1	732	130955249	1222	453	893	801	478.90	0	-2.43	-4.37	-500.00	0.00
1	733	130955290	1221	453	869	801	494.98	0	-2.44	-4.37	-500.00	0.00
1	734	130955331	1221	453	851	801	507.94	0	-2.44	-4.36	-500.00	0.00
1	735	130955372	1221	453	828	801	524.93	0	-2.44	-4.36	-500.00	0.00
1	736	130955413	1221	453	810	801	538.54	0	-2.45	-4.36	-500.00	0.00
1	737	130955454	1221	453	787	801	556.29	0	-2.45	-4.36	-500.00	0.00
1	738	130955494	1221	452	770	801	570.26	0	-2.45	-4.36	-500.00	0.00
1	739	130955535	1221	452	747	801	588.62	0	-2.46	-4.36	-500.00	-500.00
1	740	130955576	1221	452	728	782	593.25	0	-2.46	-4.35	-500.00	-500.00
1	741	130955617	1221	452	705	759	600.42	0	-2.46	-4.35	-500.00	-500.00
1	742	130955658	1221	452	687	741	607.19	0	-2.46	-4.35	-500.00	-500.00
1	743	130955699	1220	451	665	719	616.32	0	-2.47	-4.35	-500.00	-500.00
1	744	130955740	1220	451	647	701	625.16	0	-2.47	-4.35	-500.00	-500.00
1	745	130955781	1220	451	624	678	637.77	0	-2.47	-4.35	-500.00	-500.00
1	746	130955822	1220	451	605	659	649.22	0	-2.48	-4.34	-500.00	-500.00
1	747	130955863	1220	451	582	636	664.28	0	-2.48	-4.34	0.00	-500.00
1	748	130955904	1220	451	582	618	659.49	0	-2.48	-4.34	0.00	-500.00
1	749	130955945	1220	450	582	595	654.27	0	-2.48	-4.34	0.00	-500.00
1	750	130955986	1220	450	582	577	650.52	0	-2.49	-4.34	0.00	-500.00
1	751	130956027	1220	450	582	554	646.42	0	-2.49	-4.34	0.00	-500.00
1	752	130956068	1220	450	582	536	643.77	0	-2.49	-4.33	0.00	-500.00
1	753	130956109	1219	450	582	513	640.11	0	-2.50	-4.33	500.00	-500.00
1	754	130956150	1219	450	599	495	621.63	0	-2.50	-4.33	500.00	-500.00
1	755	130956190	1219	449	623	472	596.44	0	-2.50	-4.33	500.00	-500.00
1	756	130956231	1219	449	639	455	580.03	0	-2.51	-4.33	500.00	-500.00
1	757	130956272	1219	449	664	430	555.33	0	-2.51	-4.33	500.00	-500.00
1	758	130956313	1219	449	680	414	540.14	0	-2.51	-4.32	500.00	-500.00
1	759	130956353	1219	449	705	389	517.49	0	-2.51	-4.32	500.00	-500.00
1	760	130956393	1219	448	722	372	502.78	0	-2.52	-4.32	500.00	-500.00
1	761	130956433	1219	448	745	349	484.23	0	-2.52	-4.32	500.00	-500.00
1	762	130956474	1219	448	762	332	471.49	0	-2.52	-4.32	500.00	-500.00
1	763	130956516	1218	448	786	308	454.12	0	-2.53	-4.31	500.00	-500.00
1	764	130956557	1218	448	803	291	443.70	0	-2.53	-4.31	500.00	-500.00
1	765	130956597	1218	448	828	266	430.38	0	-2.53	-4.31	500.00	-500.00
1	766	130956638	1218	447	844	250	422.71	0	-2.53	-4.31	500.00	-500.00
1	767	130956678	1218	447	869	225	413.62	0	-2.54	-4.31	500.00	-500.00
1	768	130956719	1218	447	886	216	404.46	0	-2.54	-4.31	500.00	-500.00
1	769	130956759	1218	447	909	216	385.80	0	-2.54	-4.30	500.00	-500.00
1	770	130956800	1218	447	927	216	371.54	0	-2.55	-4.30	500.00	-500.00
1	771	130956840	1218	447	950	216	353.81	0	-2.55	-4.30	500.00	-500.00
1	772	130956881	1217	446	968	216	338.97	0	-2.55	-4.30	500.00	-500.00
1	773	130956921	1217	446	992	216	321.75	0	-2.56	-4.30	500.00	0.00
1	774	130956962	1217	446	1009	216	310.10	0	-2.56	-4.30	500.00	0.00
1	775	130957002	1217	446	1033	216	294.54	0	-2.56	-4.29	500.00	0.00
1	776	130957043	1217	446	1049	216	284.82	0	-2.56	-4.29	500.00	0.00
1	777	130957083	1217	445	1073	216	270.51	0	-2.57	-4.29	500.00	0.00
1	778	130957124	1217	445	1091	216	261.38	0	-2.57	-4.29	500.00	500.00
1	779	130957165	1217	445	1115	239	229.87	0	-2.57	-4.29	500.00	500.00
1	780	130957207	1217	445	1131	256	207.65	0	-2.58	-4.29	500.00	500.00
1	781	130957248	1217	445	1155	279	177.20	0	-2.58	-4.28	500.00	500.00
1	782	130957289	1216	445	1178	302	147.96	0	-2.58	-4.28	500.00	500.00
1	783	130957329	1216	444	1197	321	124.46	0	-2.59	-4.28	500.00	500.00
1	784	130957370	1216	444	1214	339	105.02	0	-2.59	-4.28	500.00	500.00
1	785	130957411	1216	444	1237	361	85.62	0	-2.59	-4.28	500.00	500.00
1	786	130957452	1216	444	1260	384	74.40	0	-2.59	-4.27	500.00	500.00
1	787	130957493	1216	444	1279	403	75.17	0	-2.60	-4.27	500.00	500.00
1	788	130957534	1216	444	1301	425	87.10	0	-2.60	-4.27	500.00	500.00
1	789	130957575	1216	443	1320	444	104.00	0	-2.60	-4.27	500.00	500.00
1	790	130957616	1216	443	1337	462	122.48	0	-2.61	-4.27	500.00	500.00
1	791	130957657	1215	443	1360	484	150.69	0	-2.61	-4.27	500.00	500.00
1	792	130957698	1215	443	1377	502	172.41	0	-2.61	-4.26	-500.00	500.00
1	793	130957739	1215	443	1354	525	161.38	0	-2.61	-4.26	-500.00	500.00
1	794	130957779	1215	442	1331	549	157.81	0	-2.62	-4.26	-500.00	0.00
1	795	130957820	1215	442	1312	549	144.42	0	-2.62	-4.26	-500.00	0.00
1	796	130957861	1215	442	1294	549	133.00	0	-2.62	-4.26	-500.00	0.00
1	797	130957902	1215	442	1271	549	120.77	0	-2.63	-4.25	-500.00	0.00
1	798	130957943	1215	442	1253	549	113.55	0	-2.63	-4.25	-500.00	-500.00
1	799	130957984	1215	442	1230	525	84.34	0	-2.63	-4.25	-500.00	-500.00
1	800	130958025	1214	441	1212	507	66.03	0	-2.63	-4.25	-500.00	-500.00
1	801	130958066	1214	441	1189	484	49.74	0	-2.64	-4.25	0.00	-500.00
1	802	130958106	1214	441	1189	466	35.36	0	-2.64	-4.25	0.00	-500.00
1	803	130958147	1214	441	1189	443	25.08	0	-2.64	-4.24	0.00	-500.00
1	804	130958188	1214	441	1189	425	29.68	0	-2.65	-4.24	0.00	-500.00
1	805	130958229	1214	441	1189	402	46.32	0	-2.65	-4.24	0.00	0.00
1	806	130958270	1214	440	1189	402	45.49	0	-2.65	-4.24	0.00	0.00
1	807	130958311	1214	440	1189	402	45.49	0	-2.65	-4.24	0.00	0.00
1	808	130958352	1214	440	1189	402	45.49	0	-2.66	-4.24	0.00	0.00
1	809	130958393	1213	440	1189	402	44.94	0	-2.66	-4.23	0.00	0.00
1	810	130958434	1213	440	1189	402	44.94	0	-2.66	-4.23	0.00	0.00
1	811	130958475	1213	440	1189	402	44.94	0	-2.67	-4.23	0.00	0.00
1	812	130958516	1213	439	1189	402	44.10	0	-2.67	-4.23	0.00	500.00
1	813	130958557	1213	439	1189	425	27.78	0	-2.67	-4.23	0.00	500.00
1	814	130958598	1213	439	1189	443	24.33	0	-2.67	-4.22	0.00	500.00
1	815	130958639	1213	439	1189	466	36.12	0	-2.68	-4.22	0.00	0.00
1	816	130958680	1213	439	1189	466	36.12	0	-2.68	-4.22	0.00	0.00
1	817	130958720	1213	438	1189	466	36.88	0	-2.68	-4.22	0.00	0.00
1	818	130958761	1213	438	1189	466	36.88	0	-2.69	-4.22	0.00	0.00
1	819	130958802	1212	438	1189	466	36.24	0	-2.69	-4.21	0.00	0.00
1	820	130958842	1212	438	1189	466	36.24	0	-2.69	-4.21	0.00	0.00
1	821	130958883	1212	438	1189	466	36.24	0	-2.70	-4.21	0.00	0.00
1	822	130958924	1212	438	1189	466	36.24	0	-2.70	-4.21	0.00	0.00
1	823	130958965	1212	437	1189	466	37.01	0	-2.70	-4.21	0.00	0.00
1	824	130959006	1212	437	1189	466	37.01	0	-2.70	-4.21	0.00	0.00
1	825	130959047	1212	437	1189	466	37.01	0	-2.71	-4.20	0.00	0.00
1	826	130959088	1212	437	1189	466	37.01	0	-2.71	-4.20	0.00	0.00
1	827	130959129	1212	437	1189	466	37.01	0	-2.71	-4.20	500.00	-500.00
1	828	130959170	1211	437	1207	449	12.65	0	-2.72	-4.20	500.00	-500.00
1	829	130959211	1211	436	1229	426	20.59	0	-2.72	-4.20	500.00	-500.00
1	830	130959251	1211	436	1248	408	46.40	0	-2.72	-4.19	500.00	-500.00
1	831	130959292	1211	436	1271	384	79.40	0	-2.72	-4.19	0.00	0.00
1	832	130959333	1211	436	1271	384	79.40	0	-2.73	-4.19	0.00	0.00
1	833	130959374	1211	436	1271	384	79.40	0	-2.73	-4.19	0.00	0.00
1	834	130959415	1211	436	1271	384	79.40	0	-2.73	-4.19	0.00	500.00
1	835	130959456	1211	435	1271	408	65.80	0	-2.74	-4.19	-500.00	500.00
1	836	130959496	1211	435	1253	425	43.17	0	-2.74	-4.18	-500.00	500.00
1	837	130959537	1210	435	1230	449	24.41	0	-2.74	-4.18	-500.00	500.00
1	838	130959578	1210	435	1208	471	36.06	0	-2.74	-4.18	0.00	0.00
1	839	130959618	1210	435	1208	471	36.06	0	-2.75	-4.18	0.00	0.00
1	840	130959659	1210	435	1208	471	36.06	0	-2.75	-4.18	0.00	0.00
1	841	130959699	1210	434	1208	471	37.05	0	-2.75	-4.17	0.00	0.00
1	842	130959740	1210	434	1208	471	37.05	0	-2.76	-4.17	0.00	-500.00
1	843	130959780	1210	434	1208	453	19.10	0	-2.76	-4.17	0.00	-500.00
1	844	130959821	1210	434	1208	435	2.24	1	-2.76	-4.17	0.00	-500.00
1	845	130959862	1209	434	1208	412	22.02	0	-2.76	-4.17	0.00	0.00
1	846	130959903	1209	434	1208	412	22.02	0	-2.77	-4.16	0.00	0.00
1	847	130959944	1209	433	1208	412	21.02	0	-2.77	-4.16	0.00	0.00
1	848	130959985	1209	433	1208	412	21.02	0	-2.77	-4.16	0.00	0.00
1	849	130960026	1209	433	1208	412	21.02	0	-2.78	-4.16	0.00	0.00
1	850	130960067	1209	433	1208	412	21.02	0	-2.78	-4.16	0.00	0.00
1	851	130960108	1209	433	1208	412	21.02	0	-2.78	-4.16	0.00	500.00
1	852	130960149	1209	432	1208	434	2.24	1	-2.78	-4.15	0.00	500.00
1	853	130960190	1209	432	1208	453	21.02	0	-2.79	-4.15	0.00	500.00
1	854	130960231	1208	432	1208	475	43.00	0	-2.79	-4.15	0.00	0.00
1	855	130960271	1208	432	1208	475	43.00	0	-2.79	-4.15	0.00	0.00
1	856	130960312	1208	432	1208	475	43.00	0	-2.79	-4.15	0.00	0.00
1	857	130960353	1208	432	1208	475	43.00	0	-2.80	-4.14	0.00	0.00
1	858	130960394	1208	431	1208	475	44.00	0	-2.80	-4.14	0.00	0.00
1	859	130960435	1208	431	1208	475	44.00	0	-2.80	-4.14	-500.00	-500.00
1	860	130960476	1208	431	1185	453	31.83	0	-2.81	-4.14	-500.00	-500.00
1	861	130960516	1208	431	1167	434	41.11	0	-2.81	-4.14	-500.00	-500.00
1	862	130960557	1208	431	1149	417	60.64	0	-2.81	-4.13	0.00	0.00
1	863	130960598	1207	431	1149	417	59.67	0	-2.82	-4.13	0.00	0.00
1	864	130960639	1207	430	1149	417	59.44	0	-2.82	-4.13	0.00	0.00
1	865	130960679	1207	430	1149	417	59.44	0	-2.82	-4.13	0.00	0.00
1	866	130960720	1207	430	1149	417	59.44	0	-2.82	-4.13	0.00	0.00
1	867	130960761	1207	430	1149	417	59.44	0	-2.83	-4.12	0.00	0.00
1	868	130960802	1207	430	1149	417	59.44	0	-2.83	-4.12	0.00	0.00
1	869	130960843	1207	430	1149	417	59.44	0	-2.83	-4.12	500.00	0.00
1	870	130960884	1207	429	1167	417	41.76	0	-2.83	-4.12	500.00	0.00
1	871	130960925	1207	429	1190	417	20.81	0	-2.84	-4.12	500.00	0.00
1	872	130960966	1206	429	1212	417	13.42	0	-2.84	-4.11	0.00	0.00
1	873	130961006	1206	429	1212	417	13.42	0	-2.84	-4.11	0.00	0.00
1	874	130961047	1206	429	1212	417	13.42	0	-2.85	-4.11	0.00	0.00
1	875	130961088	1206	429	1212	417	13.42	0	-2.85	-4.11	0.00	0.00
1	876	130961129	1206	428	1212	417	12.53	0	-2.85	-4.11	0.00	0.00
1	877	130961170	1206	428	1212	417	12.53	0	-2.85	-4.11	0.00	0.00
1	878	130961211	1206	428	1212	417	12.53	0	-2.86	-4.10	0.00	0.00
1	879	130961252	1206	428	1212	417	12.53	0	-2.86	-4.10	-500.00	0.00
1	880	130961293	1205	428	1189	417	19.42	0	-2.86	-4.10	0.00	0.00
1	881	130961333	1205	428	1189	417	19.42	0	-2.87	-4.10	0.00	0.00
1	882	130961374	1205	427	1189	417	18.87	0	-2.87	-4.10	0.00	0.00
1	883	130961414	1205	427	1189	417	18.87	0	-2.87	-4.09	0.00	0.00
1	884	130961455	1205	427	1189	417	18.87	0	-2.87	-4.09	0.00	0.00
1	885	130961495	1205	427	1189	417	18.87	0	-2.88	-4.09	-500.00	0.00
1	886	130961536	1205	427	1167	417	39.29	0	-2.88	-4.09	-500.00	500.00
1	887	130961577	1205	427	1148	435	57.56	0	-2.88	-4.09	-500.00	500.00
1	888	130961617	1204	426	1126	458	84.31	0	-2.89	-4.08	0.00	0.00
1	889	130961658	1204	426	1126	458	84.31	0	-2.89	-4.08	0.00	0.00
1	890	130961699	1204	426	1126	458	84.31	0	-2.89	-4.08	0.00	0.00
1	891	130961740	1204	426	1126	458	84.31	0	-2.89	-4.08	0.00	0.00
1	892	130961781	1204	426	1126	458	84.31	0	-2.90	-4.08	0.00	0.00
1	893	130961822	1204	426	1126	458	84.31	0	-2.90	-4.07	500.00	0.00
1	894	130961863	1204	425	1143	458	69.35	0	-2.90	-4.07	500.00	0.00
1	895	130961904	1204	425	1167	458	49.58	0	-2.90	-4.07	500.00	0.00
1	896	130961945	1204	425	1183	458	39.12	0	-2.91	-4.07	500.00	0.00
1	897	130961986	1203	425	1208	458	33.38	0	-2.91	-4.07	0.00	0.00
1	898	130962027	1203	425	1208	458	33.38	0	-2.91	-4.06	0.00	0.00
1	899	130962068	1203	425	1208	458	33.38	0	-2.92	-4.06	0.00	0.00
1	900	130962109	1203	424	1208	458	34.37	0	-2.92	-4.06	0.00	0.00
1	901	130962150	1203	424	1208	458	34.37	0	-2.92	-4.06	0.00	0.00
1	902	130962191	1203	424	1208	458	34.37	0	-2.92	-4.06	0.00	0.00
1	903	130962231	1203	424	1208	458	34.37	0	-2.93	-4.05	0.00	0.00
1	904	130962272	1203	424	1208	458	34.37	0	-2.93	-4.05	0.00	0.00
1	905	130962313	1202	424	1208	458	34.53	0	-2.93	-4.05	0.00	0.00
1	906	130962354	1202	423	1208	458	35.51	0	-2.93	-4.05	0.00	0.00
1	907	130962395	1202	423	1208	458	35.51	0	-2.94	-4.05	0.00	0.00
1	908	130962435	1202	423	1208	458	35.51	0	-2.94	-4.04	0.00	0.00
1	909	130962476	1202	423	1208	458	35.51	0	-2.94	-4.04	0.00	0.00
1	910	130962517	1202	423	1208	458	35.51	0	-2.95	-4.04	0.00	0.00
1	911	130962558	1202	423	1208	458	35.51	0	-2.95	-4.04	0.00	-500.00
1	912	130962599	1202	422	1208	440	18.97	0	-2.95	-4.04	0.00	0.00
1	913	130962640	1202	422	1208	440	18.97	0	-2.95	-4.03	0.00	0.00
1	914	130962681	1201	422	1208	440	19.31	0	-2.96	-4.03	0.00	0.00
1	915	130962722	1201	422	1208	440	19.31	0	-2.96	-4.03	0.00	0.00
1	916	130962763	1201	422	1208	440	19.31	0	-2.96	-4.03	0.00	0.00
1	917	130962804	1201	422	1208	440	19.31	0	-2.97	-4.03	0.00	0.00
1	918	130962845	1201	421	1208	440	20.25	0	-2.97	-4.02	0.00	0.00
1	919	130962886	1201	421	1208	440	20.25	0	-2.97	-4.02	0.00	0.00
1	920	130962927	1201	421	1208	440	20.25	0	-2.97	-4.02	0.00	0.00
1	921	130962968	1201	421	1208	440	20.25	0	-2.98	-4.02	0.00	0.00
1	922	130963009	1200	421	1208	440	20.62	0	-2.98	-4.02	0.00	0.00
1	923	130963050	1200	421	1208	440	20.62	0	-2.98	-4.01	0.00	0.00
1	924	130963091	1200	420	1208	440	21.54	0	-2.98	-4.01	0.00	0.00
1	925	130963132	1200	420	1208	440	21.54	0	-2.99	-4.01	0.00	0.00
1	926	130963173	1200	420	1208	440	21.54	0	-2.99	-4.01	0.00	0.00
1	927	130963214	1200	420	1208	440	21.54	0	-2.99	-4.01	0.00	0.00
1	928	130963255	1200	420	1208	440	21.54	0	-3.00	-4.00	0.00	0.00
1	929	130963296	1200	420	1208	440	21.54	0	-3.00	-4.00	-500.00	-500.00
1	930	130963337	1199	419	1185	418	14.04	0	-3.00	-4.00	-500.00	-500.00
1	931	130963377	1199	419	1167	399	37.74	0	-3.00	-4.00	0.00	0.00
1	932	130963417	1199	419	1167	399	37.74	0	-3.01	-4.00	0.00	0.00
1	933	130963458	1199	419	1167	399	37.74	0	-3.01	-3.99	0.00	0.00
1	934	130963498	1199	419	1167	399	37.74	0	-3.01	-3.99	0.00	0.00
1	935	130963539	1199	419	1167	399	37.74	0	-3.02	-3.99	0.00	0.00
1	936	130963580	1199	418	1167	399	37.22	0	-3.02	-3.99	0.00	0.00
1	937	130963621	1199	418	1167	399	37.22	0	-3.02	-3.98	0.00	0.00
1	938	130963662	1198	418	1167	399	36.36	0	-3.02	-3.98	0.00	0.00
1	939	130963703	1198	418	1167	399	36.36	0	-3.03	-3.98	0.00	0.00
1	940	130963744	1198	418	1167	399	36.36	0	-3.03	-3.98	0.00	0.00
1	941	130963785	1198	418	1167	399	36.36	0	-3.03	-3.98	0.00	0.00
1	942	130963826	1198	417	1167	399	35.85	0	-3.03	-3.97	0.00	0.00
1	943	130963867	1198	417	1167	399	35.85	0	-3.04	-3.97	0.00	0.00
1	944	130963908	1198	417	1167	399	35.85	0	-3.04	-3.97	0.00	0.00
1	945	130963949	1198	417	1167	399	35.85	0	-3.04	-3.97	500.00	0.00
1	946	130963990	1197	417	1190	399	19.31	0	-3.05	-3.97	0.00	0.00
1	947	130964030	1197	417	1190	399	19.31	0	-3.05	-3.96	0.00	0.00
1	948	130964071	1197	417	1190	399	19.31	0	-3.05	-3.96	0.00	0.00
1	949	130964112	1197	416	1190	399	18.38	0	-3.05	-3.96	0.00	0.00
1	950	130964153	1197	416	1190	399	18.38	0	-3.06	-3.96	0.00	0.00
1	951	130964193	1197	416	1190	399	18.38	0	-3.06	-3.96	0.00	0.00
1	952	130964234	1197	416	1190	399	18.38	0	-3.06	-3.95	0.00	0.00
1	953	130964275	1197	416	1190	399	18.38	0	-3.06	-3.95	0.00	0.00
1	954	130964316	1196	415	1190	399	17.09	0	-3.07	-3.95	0.00	0.00
1	955	130964356	1196	415	1190	399	17.09	0	-3.07	-3.95	0.00	0.00
1	956	130964397	1196	415	1190	399	17.09	0	-3.07	-3.94	0.00	0.00
1	957	130964437	1196	415	1190	399	17.09	0	-3.07	-3.94	0.00	0.00
1	958	130964478	1196	415	1190	399	17.09	0	-3.08	-3.94	0.00	0.00
1	959	130964519	1196	415	1190	399	17.09	0	-3.08	-3.94	0.00	0.00
1	960	130964560	1196	415	1190	399	17.09	0	-3.08	-3.94	0.00	0.00
1	961	130964601	1196	414	1190	399	16.16	0	-3.09	-3.93	0.00	500.00
1	962	130964642	1195	414	1190	417	5.83	1	-3.09	-3.93	0.00	500.00
1	963	130964683	1195	414	1190	439	25.50	0	-3.09	-3.93	0.00	0.00
1	964	130964724	1195	414	1190	439	25.50	0	-3.09	-3.93	0.00	0.00
1	965	130964765	1195	414	1190	439	25.50	0	-3.10	-3.93	0.00	0.00
1	966	130964806	1195	414	1190	439	25.50	0	-3.10	-3.92	0.00	0.00
1	967	130964847	1195	413	1190	439	26.48	0	-3.10	-3.92	0.00	0.00
1	968	130964888	1195	413	1190	439	26.48	0	-3.10	-3.92	0.00	0.00
1	969	130964929	1195	413	1190	439	26.48	0	-3.11	-3.92	0.00	0.00
1	970	130964970	1194	413	1190	439	26.31	0	-3.11	-3.92	0.00	-500.00
1	971	130965011	1194	413	1190	415	4.47	1	-3.11	-3.91	0.00	-500.00
1	972	130965051	1194	413	1190	397	16.49	0	-3.11	-3.91	0.00	0.00
1	973	130965092	1194	412	1190	397	15.52	0	-3.12	-3.91	0.00	0.00
1	974	130965132	1194	412	1190	397	15.52	0	-3.12	-3.91	0.00	0.00
1	975	130965173	1194	412	1190	397	15.52	0	-3.12	-3.90	0.00	0.00
1	976	130965214	1194	412	1190	397	15.52	0	-3.13	-3.90	0.00	0.00
1	977	130965254	1194	412	1190	397	15.52	0	-3.13	-3.90	0.00	0.00
1	978	130965295	1193	412	1190	397	15.30	0	-3.13	-3.90	0.00	0.00
1	979	130965336	1193	411	1190	397	14.32	0	-3.13	-3.90	0.00	500.00
1	980	130965377	1193	411	1190	414	4.24	1	-3.14	-3.89	0.00	500.00
1	981	130965418	1193	411	1190	438	27.17	0	-3.14	-3.89	0.00	500.00
1	982	130965459	1193	411	1190	456	45.10	0	-3.14	-3.89	0.00	500.00
1	983	130965500	1193	411	1190	478	67.07	0	-3.14	-3.89	0.00	0.00
1	984	130965541	1193	411	1190	478	67.07	0	-3.15	-3.89	0.00	0.00
1	985	130965582	1193	411	1190	478	67.07	0	-3.15	-3.88	0.00	0.00
1	986	130965623	1192	410	1190	478	68.03	0	-3.15	-3.88	0.00	0.00
1	987	130965664	1192	410	1190	478	68.03	0	-3.15	-3.88	0.00	0.00
1	988	130965705	1192	410	1190	478	68.03	0	-3.16	-3.88	0.00	-500.00
1	989	130965746	1192	410	1190	460	50.04	0	-3.16	-3.87	0.00	-500.00
1	990	130965787	1192	410	1190	442	32.06	0	-3.16	-3.87	0.00	-500.00
1	991	130965828	1192	410	1190	419	9.22	1	-3.17	-3.87	0.00	0.00
1	992	130965869	1192	409	1190	419	10.20	0	-3.17	-3.87	0.00	0.00
1	993	130965910	1191	409	1190	419	10.05	0	-3.17	-3.87	0.00	0.00
1	994	130965951	1191	409	1190	419	10.05	0	-3.17	-3.86	0.00	0.00
1	995	130965992	1191	409	1190	419	10.05	0	-3.18	-3.86	0.00	0.00
1	996	130966033	1191	409	1190	419	10.05	0	-3.18	-3.86	0.00	0.00
1	997	130966074	1191	409	1190	419	10.05	0	-3.18	-3.86	0.00	0.00
1	998	130966115	1191	408	1190	419	11.05	0	-3.18	-3.86	0.00	0.00
1	999	130966156	1191	408	1190	419	11.05	0	-3.19	-3.85	0.00	0.00
1	1000	130966197	1191	408	1190	419	11.05	0	-3.19	-3.85	0.00	0.00
1	1001	130966238	1190	408	1190	419	11.00	0	-3.19	-3.85	0.00	0.00
1	1002	130966279	1190	408	1190	419	11.00	0	-3.19	-3.85	0.00	0.00
1	1003	130966320	1190	408	1190	419	11.00	0	-3.20	-3.84	0.00	0.00
1	1004	130966361	1190	408	1190	419	11.00	0	-3.20	-3.84	0.00	0.00
1	1005	130966402	1190	407	1190	419	12.00	0	-3.20	-3.84	0.00	0.00
1	1006	130966443	1190	407	1190	419	12.00	0	-3.20	-3.84	0.00	0.00
1	1007	130966484	1190	407	1190	419	12.00	0	-3.21	-3.84	0.00	0.00
1	1008	130966525	1190	407	1190	419	12.00	0	-3.21	-3.83	0.00	0.00
1	1009	130966566	1189	407	1190	419	12.04	0	-3.21	-3.83	0.00	0.00
1	1010	130966607	1189	407	1190	419	12.04	0	-3.22	-3.83	0.00	0.00
1	1011	130966648	1189	406	1190	419	13.04	0	-3.22	-3.83	0.00	0.00
1	1012	130966689	1189	406	1190	419	13.04	0	-3.22	-3.82	0.00	0.00
1	1013	130966730	1189	406	1190	419	13.04	0	-3.22	-3.82	0.00	0.00
1	1014	130966771	1189	406	1190	419	13.04	0	-3.23	-3.82	0.00	0.00
1	1015	130966812	1189	406	1190	419	13.04	0	-3.23	-3.82	0.00	0.00
1	1016	130966852	1188	406	1190	419	13.15	0	-3.23	-3.82	0.00	0.00
1	1017	130966893	1188	405	1190	419	14.14	0	-3.23	-3.81	0.00	0.00
1	1018	130966934	1188	405	1190	419	14.14	0	-3.24	-3.81	0.00	0.00
1	1019	130966975	1188	405	1190	419	14.14	0	-3.24	-3.81	0.00	-500.00
1	1020	130967016	1188	405	1190	401	4.47	1	-3.24	-3.81	500.00	-500.00
1	1021	130967057	1188	405	1213	378	36.80	0	-3.24	-3.80	0.00	0.00
1	1022	130967098	1188	405	1213	378	36.80	0	-3.25	-3.80	0.00	0.00
1	1023	130967139	1188	405	1213	378	36.80	0	-3.25	-3.80	0.00	0.00
1	1024	130967180	1187	404	1213	378	36.77	0	-3.25	-3.80	0.00	0.00
1	1025	130967220	1187	404	1213	378	36.77	0	-3.25	-3.80	0.00	0.00
1	1026	130967261	1187	404	1213	378	36.77	0	-3.26	-3.79	0.00	0.00
1	1027	130967302	1187	404	1213	378	36.77	0	-3.26	-3.79	0.00	500.00
1	1028	130967342	1187	404	1213	395	27.51	0	-3.26	-3.79	0.00	500.00
1	1029	130967383	1187	404	1213	419	30.02	0	-3.26	-3.79	-500.00	500.00
1	1030	130967424	1187	403	1196	436	34.21	0	-3.27	-3.78	-500.00	500.00
1	1031	130967465	1186	403	1172	460	58.69	0	-3.27	-3.78	0.00	0.00
1	1032	130967506	1186	403	1172	460	58.69	0	-3.27	-3.78	0.00	0.00
1	1033	130967547	1186	403	1172	460	58.69	0	-3.28	-3.78	0.00	0.00
1	1034	130967588	1186	403	1172	460	58.69	0	-3.28	-3.78	0.00	0.00
1	1035	130967629	1186	403	1172	460	58.69	0	-3.28	-3.77	0.00	-500.00
1	1036	130967669	1186	403	1172	442	41.44	0	-3.28	-3.77	0.00	-500.00
1	1037	130967710	1186	402	1172	419	22.02	0	-3.29	-3.77	0.00	-500.00
1	1038	130967751	1186	402	1172	401	14.04	0	-3.29	-3.77	0.00	-500.00
1	1039	130967792	1185	402	1172	378	27.29	0	-3.29	-3.76	0.00	0.00
1	1040	130967833	1185	402	1172	378	27.29	0	-3.29	-3.76	0.00	0.00
1	1041	130967874	1185	402	1172	378	27.29	0	-3.30	-3.76	0.00	0.00
1	1042	130967915	1185	402	1172	378	27.29	0	-3.30	-3.76	0.00	0.00
1	1043	130967956	1185	401	1172	378	26.42	0	-3.30	-3.76	0.00	0.00
1	1044	130967997	1185	401	1172	378	26.42	0	-3.30	-3.75	0.00	0.00
1	1045	130968038	1185	401	1172	378	26.42	0	-3.31	-3.75	0.00	0.00
1	1046	130968079	1184	401	1172	378	25.94	0	-3.31	-3.75	0.00	0.00
1	1047	130968120	1184	401	1172	378	25.94	0	-3.31	-3.75	0.00	500.00
1	1048	130968161	1184	401	1172	395	13.42	0	-3.31	-3.74	0.00	0.00
1	1049	130968202	1184	401	1172	395	13.42	0	-3.32	-3.74	0.00	0.00
1	1050	130968243	1184	400	1172	395	13.00	0	-3.32	-3.74	0.00	0.00
1	1051	130968284	1184	400	1172	395	13.00	0	-3.32	-3.74	0.00	0.00
1	1052	130968325	1184	400	1172	395	13.00	0	-3.32	-3.74	0.00	0.00
1	1053	130968366	1183	400	1172	395	12.08	0	-3.33	-3.73	0.00	0.00
1	1054	130968406	1183	400	1172	395	12.08	0	-3.33	-3.73	0.00	0.00
1	1055	130968447	1183	400	1172	395	12.08	0	-3.33	-3.73	0.00	0.00
1	1056	130968487	1183	399	1172	395	11.70	0	-3.33	-3.73	0.00	0.00
1	1057	130968528	1183	399	1172	395	11.70	0	-3.34	-3.72	0.00	0.00
1	1058	130968568	1183	399	1172	395	11.70	0	-3.34	-3.72	500.00	0.00
1	1059	130968609	1183	399	1195	395	12.65	0	-3.34	-3.72	500.00	0.00
1	1060	130968650	1183	399	1212	395	29.27	0	-3.34	-3.72	500.00	0.00
1	1061	130968690	1182	399	1237	395	55.15	0	-3.35	-3.71	0.00	0.00
1	1062	130968731	1182	399	1237	395	55.15	0	-3.35	-3.71	0.00	0.00
1	1063	130968772	1182	398	1237	395	55.08	0	-3.35	-3.71	0.00	0.00
1	1064	130968813	1182	398	1237	395	55.08	0	-3.35	-3.71	0.00	0.00
1	1065	130968854	1182	398	1237	395	55.08	0	-3.36	-3.71	0.00	0.00
1	1066	130968895	1182	398	1237	395	55.08	0	-3.36	-3.70	0.00	0.00
1	1067	130968936	1182	398	1237	395	55.08	0	-3.36	-3.70	-500.00	0.00
1	1068	130968977	1181	398	1214	395	33.14	0	-3.36	-3.70	-500.00	0.00
1	1069	130969018	1181	397	1197	395	16.12	0	-3.37	-3.70	0.00	0.00
1	1070	130969059	1181	397	1197	395	16.12	0	-3.37	-3.69	0.00	0.00
1	1071	130969100	1181	397	1197	395	16.12	0	-3.37	-3.69	0.00	0.00
1	1072	130969141	1181	397	1197	395	16.12	0	-3.37	-3.69	0.00	0.00
1	1073	130969182	1181	397	1197	395	16.12	0	-3.38	-3.69	0.00	0.00
1	1074	130969223	1181	397	1197	395	16.12	0	-3.38	-3.68	0.00	0.00
1	1075	130969264	1180	397	1197	395	17.12	0	-3.38	-3.68	0.00	0.00
1	1076	130969305	1180	396	1197	395	17.03	0	-3.38	-3.68	-500.00	0.00
1	1077	130969346	1180	396	1173	395	7.07	1	-3.39	-3.68	-500.00	0.00
1	1078	130969387	1180	396	1156	395	24.02	0	-3.39	-3.68	-500.00	0.00
1	1079	130969428	1180	396	1132	395	48.01	0	-3.39	-3.67	0.00	0.00
1	1080	130969469	1180	396	1132	395	48.01	0	-3.39	-3.67	0.00	0.00
1	1081	130969510	1180	396	1132	395	48.01	0	-3.40	-3.67	0.00	0.00
1	1082	130969550	1179	396	1132	395	47.01	0	-3.40	-3.67	0.00	0.00
1	1083	130969591	1179	395	1132	395	47.00	0	-3.40	-3.66	0.00	0.00
1	1084	130969631	1179	395	1132	395	47.00	0	-3.40	-3.66	0.00	0.00
1	1085	130969672	1179	395	1132	395	47.00	0	-3.41	-3.66	0.00	0.00
1	1086	130969713	1179	395	1132	395	47.00	0	-3.41	-3.66	0.00	0.00
1	1087	130969754	1179	395	1132	395	47.00	0	-3.41	-3.65	0.00	0.00
1	1088	130969795	1179	395	1132	395	47.00	0	-3.41	-3.65	0.00	0.00
1	1089	130969836	1178	394	1132	395	46.01	0	-3.42	-3.65	0.00	0.00
1	1090	130969877	1178	394	1132	395	46.01	0	-3.42	-3.65	0.00	0.00
1	1091	130969918	1178	394	1132	395	46.01	0	-3.42	-3.65	0.00	0.00
1	1092	130969959	1178	394	1132	395	46.01	0	-3.42	-3.64	500.00	0.00
1	1093	130970000	1178	394	1156	395	22.02	0	-3.43	-3.64	500.00	-500.00
1	1094	130970041	1178	394	1173	378	16.76	0	-3.43	-3.64	500.00	-500.00
1	1095	130970082	1178	394	1197	354	44.28	0	-3.43	-3.64	500.00	-500.00
1	1096	130970123	1178	393	1213	338	65.19	0	-3.43	-3.63	0.00	0.00
1	1097	130970164	1177	393	1213	338	65.73	0	-3.44	-3.63	0.00	0.00
1	1098	130970204	1177	393	1213	338	65.73	0	-3.44	-3.63	0.00	0.00
1	1099	130970245	1177	393	1213	338	65.73	0	-3.44	-3.63	0.00	0.00
1	1100	130970286	1177	393	1213	338	65.73	0	-3.44	-3.62	0.00	0.00
1	1101	130970326	1177	393	1213	338	65.73	0	-3.45	-3.62	-500.00	0.00
1	1102	130970367	1177	393	1195	338	57.87	0	-3.45	-3.62	-500.00	500.00
1	1103	130970408	1177	392	1171	361	31.58	0	-3.45	-3.62	-500.00	500.00
1	1104	130970449	1176	392	1155	378	25.24	0	-3.45	-3.62	-500.00	500.00
1	1105	130970490	1176	392	1130	402	47.07	0	-3.46	-3.61	0.00	0.00
1	1106	130970531	1176	392	1130	402	47.07	0	-3.46	-3.61	0.00	0.00
1	1107	130970572	1176	392	1130	402	47.07	0	-3.46	-3.61	0.00	0.00
1	1108	130970613	1176	392	1130	402	47.07	0	-3.46	-3.60	0.00	0.00
1	1109	130970654	1176	391	1130	402	47.30	0	-3.47	-3.60	0.00	0.00
1	1110	130970695	1176	391	1130	402	47.30	0	-3.47	-3.60	0.00	0.00
1	1111	130970736	1175	391	1130	402	46.32	0	-3.47	-3.60	0.00	0.00
1	1112	130970777	1175	391	1130	402	46.32	0	-3.47	-3.60	0.00	0.00
1	1113	130970818	1175	391	1130	402	46.32	0	-3.48	-3.59	0.00	0.00
1	1114	130970858	1175	391	1130	402	46.32	0	-3.48	-3.59	0.00	0.00
1	1115	130970899	1175	391	1130	402	46.32	0	-3.48	-3.59	0.00	0.00
1	1116	130970940	1175	390	1130	402	46.57	0	-3.48	-3.59	0.00	0.00
1	1117	130970981	1175	390	1130	402	46.57	0	-3.49	-3.58	0.00	0.00
1	1118	130971022	1174	390	1130	402	45.61	0	-3.49	-3.58	0.00	0.00
1	1119	130971063	1174	390	1130	402	45.61	0	-3.49	-3.58	0.00	0.00
1	1120	130971104	1174	390	1130	402	45.61	0	-3.49	-3.58	0.00	0.00
1	1121	130971145	1174	390	1130	402	45.61	0	-3.50	-3.57	0.00	0.00
1	1122	130971186	1174	390	1130	402	45.61	0	-3.50	-3.57	0.00	0.00
1	1123	130971226	1174	389	1130	402	45.88	0	-3.50	-3.57	0.00	0.00
1	1124	130971267	1174	389	1130	402	45.88	0	-3.50	-3.57	0.00	0.00
1	1125	130971307	1173	389	1130	402	44.92	0	-3.51	-3.56	0.00	0.00
1	1126	130971348	1173	389	1130	402	44.92	0	-3.51	-3.56	0.00	0.00
1	1127	130971389	1173	389	1130	402	44.92	0	-3.51	-3.56	0.00	0.00
1	1128	130971430	1173	389	1130	402	44.92	0	-3.51	-3.56	0.00	0.00
1	1129	130971471	1173	389	1130	402	44.92	0	-3.52	-3.56	0.00	0.00
1	1130	130971512	1173	388	1130	402	45.22	0	-3.52	-3.55	0.00	0.00
1	1131	130971553	1173	388	1130	402	45.22	0	-3.52	-3.55	0.00	0.00
1	1132	130971594	1172	388	1130	402	44.27	0	-3.52	-3.55	0.00	0.00
1	1133	130971635	1172	388	1130	402	44.27	0	-3.53	-3.55	0.00	0.00
1	1134	130971676	1172	388	1130	402	44.27	0	-3.53	-3.54	0.00	0.00
1	1135	130971717	1172	388	1130	402	44.27	0	-3.53	-3.54	0.00	0.00
1	1136	130971758	1172	388	1130	402	44.27	0	-3.53	-3.54	0.00	0.00
1	1137	130971799	1172	387	1130	402	44.60	0	-3.54	-3.54	0.00	0.00
1	1138	130971840	1172	387	1130	402	44.60	0	-3.54	-3.53	0.00	0.00
1	1139	130971881	1171	387	1130	402	43.66	0	-3.54	-3.53	0.00	0.00
1	1140	130971922	1171	387	1130	402	43.66	0	-3.54	-3.53	0.00	0.00
1	1141	130971963	1171	387	1130	402	43.66	0	-3.55	-3.53	0.00	0.00
1	1142	130972004	1171	387	1130	402	43.66	0	-3.55	-3.52	0.00	0.00
1	1143	130972045	1171	387	1130	402	43.66	0	-3.55	-3.52	0.00	0.00
1	1144	130972085	1171	386	1130	402	44.01	0	-3.55	-3.52	0.00	0.00
1	1145	130972126	1170	386	1130	402	43.08	0	-3.55	-3.52	0.00	0.00
1	1146	130972167	1170	386	1130	402	43.08	0	-3.56	-3.51	0.00	0.00
1	1147	130972208	1170	386	1130	402	43.08	0	-3.56	-3.51	0.00	0.00
1	1148	130972249	1170	386	1130	402	43.08	0	-3.56	-3.51	0.00	0.00
1	1149	130972290	1170	386	1130	402	43.08	0	-3.56	-3.51	0.00	0.00
1	1150	130972331	1170	386	1130	402	43.08	0	-3.57	-3.50	0.00	0.00
1	1151	130972372	1170	385	1130	402	43.46	0	-3.57	-3.50	0.00	0.00
1	1152	130972413	1169	385	1130	402	42.54	0	-3.57	-3.50	0.00	0.00
1	1153	130972454	1169	385	1130	402	42.54	0	-3.57	-3.50	0.00	0.00
1	1154	130972495	1169	385	1130	402	42.54	0	-3.58	-3.49	0.00	0.00
1	1155	130972536	1169	385	1130	402	42.54	0	-3.58	-3.49	0.00	0.00
1	1156	130972576	1169	385	1130	402	42.54	0	-3.58	-3.49	0.00	0.00
1	1157	130972617	1169	384	1130	402	42.95	0	-3.58	-3.49	0.00	0.00
1	1158	130972658	1169	384	1130	402	42.95	0	-3.59	-3.48	0.00	0.00
1	1159	130972699	1168	384	1130	402	42.05	0	-3.59	-3.48	0.00	0.00
1	1160	130972740	1168	384	1130	402	42.05	0	-3.59	-3.48	0.00	0.00
1	1161	130972780	1168	384	1130	402	42.05	0	-3.59	-3.48	0.00	0.00
1	1162	130972821	1168	384	1130	402	42.05	0	-3.59	-3.48	0.00	0.00
1	1163	130972862	1168	384	1130	402	42.05	0	-3.60	-3.47	0.00	0.00
1	1164	130972903	1168	384	1130	402	42.05	0	-3.60	-3.47	0.00	0.00
1	1165	130972943	1168	383	1130	402	42.49	0	-3.60	-3.47	0.00	0.00
1	1166	130972984	1167	383	1130	402	41.59	0	-3.60	-3.47	0.00	0.00
1	1167	130973025	1167	383	1130	402	41.59	0	-3.61	-3.46	0.00	0.00
1	1168	130973066	1167	383	1130	402	41.59	0	-3.61	-3.46	0.00	0.00
1	1169	130973106	1167	383	1130	402	41.59	0	-3.61	-3.46	0.00	0.00
1	1170	130973147	1167	383	1130	402	41.59	0	-3.61	-3.46	0.00	0.00
1	1171	130973188	1167	383	1130	402	41.59	0	-3.62	-3.45	0.00	0.00
1	1172	130973229	1166	382	1130	402	41.18	0	-3.62	-3.45	0.00	0.00
1	1173	130973269	1166	382	1130	402	41.18	0	-3.62	-3.45	0.00	0.00
1	1174	130973310	1166	382	1130	402	41.18	0	-3.62	-3.45	0.00	0.00
1	1175	130973351	1166	382	1130	402	41.18	0	-3.63	-3.44	0.00	0.00
1	1176	130973392	1166	382	1130	402	41.18	0	-3.63	-3.44	0.00	0.00
1	1177	130973433	1166	382	1130	402	41.18	0	-3.63	-3.44	0.00	0.00
1	1178	130973474	1166	382	1130	402	41.18	0	-3.63	-3.44	0.00	0.00
1	1179	130973515	1165	381	1130	402	40.82	0	-3.64	-3.43	0.00	0.00
1	1180	130973556	1165	381	1130	402	40.82	0	-3.64	-3.43	0.00	0.00
1	1181	130973597	1165	381	1130	402	40.82	0	-3.64	-3.43	0.00	0.00
1	1182	130973638	1165	381	1130	402	40.82	0	-3.64	-3.43	0.00	0.00
1	1183	130973679	1165	381	1130	402	40.82	0	-3.64	-3.42	0.00	0.00
1	1184	130973720	1165	381	1130	402	40.82	0	-3.65	-3.42	0.00	0.00
1	1185	130973761	1165	381	1130	402	40.82	0	-3.65	-3.42	0.00	0.00
1	1186	130973802	1164	380	1130	402	40.50	0	-3.65	-3.42	0.00	0.00
1	1187	130973843	1164	380	1130	402	40.50	0	-3.65	-3.41	0.00	0.00
1	1188	130973884	1164	380	1130	402	40.50	0	-3.66	-3.41	0.00	0.00
1	1189	130973925	1164	380	1130	402	40.50	0	-3.66	-3.41	0.00	0.00
1	1190	130973966	1164	380	1130	402	40.50	0	-3.66	-3.41	0.00	0.00
1	1191	130974007	1164	380	1130	402	40.50	0	-3.66	-3.40	0.00	0.00
1	1192	130974048	1164	380	1130	402	40.50	0	-3.67	-3.40	0.00	0.00
1	1193	130974088	1163	379	1130	402	40.22	0	-3.67	-3.40	0.00	0.00
1	1194	130974129	1163	379	1130	402	40.22	0	-3.67	-3.40	0.00	0.00
1	1195	130974170	1163	379	1130	402	40.22	0	-3.67	-3.39	0.00	0.00
1	1196	130974211	1163	379	1130	402	40.22	0	-3.67	-3.39	0.00	0.00
1	1197	130974252	1163	379	1130	402	40.22	0	-3.68	-3.39	0.00	0.00
1	1198	130974293	1163	379	1130	402	40.22	0	-3.68	-3.39	0.00	0.00
1	1199	130974334	1162	379	1130	402	39.41	0	-3.68	-3.38	0.00	0.00
1	1200	130974375	1162	378	1130	402	40.00	0	-3.68	-3.38	0.00	0.00
1	1201	130974416	1162	378	1130	402	40.00	0	-3.69	-3.38	0.00	0.00
1	1202	130974457	1162	378	1130	402	40.00	0	-3.69	-3.38	0.00	0.00
1	1203	130974498	1162	378	1130	402	40.00	0	-3.69	-3.37	0.00	0.00
1	1204	130974539	1162	378	1130	402	40.00	0	-3.69	-3.37	0.00	0.00
1	1205	130974579	1162	378	1130	402	40.00	0	-3.70	-3.37	500.00	0.00
1	1206	130974620	1161	378	1148	402	27.29	0	-3.70	-3.37	500.00	-500.00
1	1207	130974661	1161	377	1171	379	10.20	0	-3.70	-3.36	500.00	-500.00
1	1208	130974701	1161	377	1189	361	32.25	0	-3.70	-3.36	500.00	-500.00
1	1209	130974742	1161	377	1212	338	64.20	0	-3.71	-3.36	500.00	-500.00
1	1210	130974783	1161	377	1235	315	96.54	0	-3.71	-3.35	0.00	0.00
1	1211	130974823	1161	377	1235	315	96.54	0	-3.71	-3.35	0.00	0.00
1	1212	130974864	1161	377	1235	315	96.54	0	-3.71	-3.35	0.00	0.00
1	1213	130974904	1160	377	1235	315	97.31	0	-3.71	-3.35	0.00	0.00
1	1214	130974945	1160	377	1235	315	97.31	0	-3.72	-3.35	0.00	0.00
1	1215	130974986	1160	376	1235	315	96.67	0	-3.72	-3.34	-500.00	0.00
1	1216	130975026	1160	376	1217	315	83.49	0	-3.72	-3.34	-500.00	500.00
1	1217	130975067	1160	376	1194	339	50.25	0	-3.72	-3.34	-500.00	500.00
1	1218	130975108	1160	376	1176	356	25.61	0	-3.73	-3.34	-500.00	500.00
1	1219	130975149	1159	376	1153	380	7.21	1	-3.73	-3.33	0.00	0.00
1	1220	130975189	1159	376	1153	380	7.21	1	-3.73	-3.33	0.00	0.00
1	1221	130975230	1159	376	1153	380	7.21	1	-3.73	-3.33	0.00	0.00
1	1222	130975271	1159	375	1153	380	7.81	1	-3.73	-3.32	0.00	0.00
1	1223	130975312	1159	375	1153	380	7.81	1	-3.74	-3.32	0.00	0.00
1	1224	130975353	1159	375	1153	380	7.81	1	-3.74	-3.32	-500.00	0.00
1	1225	130975394	1159	375	1129	380	30.41	0	-3.74	-3.32	-500.00	0.00
1	1226	130975435	1158	375	1112	380	46.27	0	-3.74	-3.31	0.00	0.00
1	1227	130975476	1158	375	1112	380	46.27	0	-3.75	-3.31	0.00	0.00
1	1228	130975517	1158	375	1112	380	46.27	0	-3.75	-3.31	0.00	0.00
1	1229	130975558	1158	374	1112	380	46.39	0	-3.75	-3.31	0.00	0.00
1	1230	130975599	1158	374	1112	380	46.39	0	-3.75	-3.30	0.00	0.00
1	1231	130975640	1158	374	1112	380	46.39	0	-3.76	-3.30	0.00	0.00
1	1232	130975681	1157	374	1112	380	45.40	0	-3.76	-3.30	0.00	0.00
1	1233	130975721	1157	374	1112	380	45.40	0	-3.76	-3.30	0.00	0.00
1	1234	130975762	1157	374	1112	380	45.40	0	-3.76	-3.29	0.00	0.00
1	1235	130975803	1157	374	1112	380	45.40	0	-3.76	-3.29	0.00	0.00
1	1236	130975843	1157	374	1112	380	45.40	0	-3.77	-3.29	0.00	0.00
1	1237	130975884	1157	373	1112	380	45.54	0	-3.77	-3.29	0.00	0.00
1	1238	130975925	1157	373	1112	380	45.54	0	-3.77	-3.28	0.00	0.00
1	1239	130975966	1156	373	1112	380	44.55	0	-3.77	-3.28	0.00	0.00
1	1240	130976007	1156	373	1112	380	44.55	0	-3.77	-3.28	0.00	0.00
1	1241	130976048	1156	373	1112	380	44.55	0	-3.78	-3.28	0.00	0.00
1	1242	130976089	1156	373	1112	380	44.55	0	-3.78	-3.27	0.00	0.00
1	1243	130976130	1156	373	1112	380	44.55	0	-3.78	-3.27	500.00	-500.00
1	1244	130976171	1156	372	1129	362	28.79	0	-3.78	-3.27	500.00	-500.00
1	1245	130976212	1155	372	1153	339	33.06	0	-3.79	-3.27	500.00	-500.00
1	1246	130976253	1155	372	1170	321	53.16	0	-3.79	-3.26	500.00	-500.00
1	1247	130976294	1155	372	1194	298	83.65	0	-3.79	-3.26	0.00	0.00
1	1248	130976335	1155	372	1194	298	83.65	0	-3.79	-3.26	0.00	0.00
1	1249	130976376	1155	372	1194	298	83.65	0	-3.80	-3.25	0.00	0.00
1	1250	130976417	1155	372	1194	298	83.65	0	-3.80	-3.25	0.00	0.00
1	1251	130976457	1154	372	1194	298	84.12	0	-3.80	-3.25	0.00	500.00
1	1252	130976498	1154	371	1194	315	68.82	0	-3.80	-3.25	0.00	500.00
1	1253	130976539	1154	371	1194	339	51.22	0	-3.80	-3.24	0.00	500.00
1	1254	130976580	1154	371	1194	356	42.72	0	-3.81	-3.24	-500.00	500.00
1	1255	130976621	1154	371	1170	380	18.36	0	-3.81	-3.24	0.00	0.00
1	1256	130976662	1154	371	1170	380	18.36	0	-3.81	-3.24	0.00	0.00
1	1257	130976702	1154	371	1170	380	18.36	0	-3.81	-3.23	0.00	0.00
1	1258	130976743	1153	371	1170	380	19.24	0	-3.82	-3.23	0.00	0.00
1	1259	130976783	1153	370	1170	380	19.72	0	-3.82	-3.23	0.00	0.00
1	1260	130976823	1153	370	1170	380	19.72	0	-3.82	-3.23	0.00	0.00
1	1261	130976864	1153	370	1170	380	19.72	0	-3.82	-3.22	0.00	0.00
1	1262	130976905	1153	370	1170	380	19.72	0	-3.82	-3.22	0.00	0.00
1	1263	130976945	1153	370	1170	380	19.72	0	-3.83	-3.22	0.00	0.00
1	1264	130976986	1152	370	1170	380	20.59	0	-3.83	-3.22	0.00	-500.00
1	1265	130977027	1152	370	1170	356	22.80	0	-3.83	-3.21	0.00	-500.00
1	1266	130977067	1152	370	1170	339	35.85	0	-3.83	-3.21	0.00	-500.00
1	1267	130977108	1152	369	1170	315	56.92	0	-3.84	-3.21	0.00	-500.00
1	1268	130977149	1152	369	1170	298	73.25	0	-3.84	-3.21	0.00	-500.00
1	1269	130977190	1152	369	1170	274	96.69	0	-3.84	-3.20	0.00	-500.00
1	1270	130977231	1152	369	1170	257	113.44	0	-3.84	-3.20	0.00	0.00
1	1271	130977272	1151	369	1170	257	113.60	0	-3.84	-3.20	0.00	0.00
1	1272	130977313	1151	369	1170	257	113.60	0	-3.85	-3.20	0.00	0.00
1	1273	130977354	1151	369	1170	257	113.60	0	-3.85	-3.19	0.00	0.00
1	1274	130977395	1151	368	1170	257	112.61	0	-3.85	-3.19	0.00	0.00
1	1275	130977436	1151	368	1170	257	112.61	0	-3.85	-3.19	-500.00	500.00
1	1276	130977477	1151	368	1153	274	94.02	0	-3.85	-3.18	-500.00	500.00
1	1277	130977518	1150	368	1129	298	73.08	0	-3.86	-3.18	-500.00	500.00
1	1278	130977559	1150	368	1112	315	65.22	0	-3.86	-3.18	0.00	500.00
1	1279	130977600	1150	368	1112	339	47.80	0	-3.86	-3.18	0.00	0.00
1	1280	130977641	1150	368	1112	339	47.80	0	-3.86	-3.17	0.00	0.00
1	1281	130977681	1150	368	1112	339	47.80	0	-3.87	-3.17	0.00	0.00
1	1282	130977722	1150	367	1112	339	47.20	0	-3.87	-3.17	0.00	0.00
1	1283	130977762	1149	367	1112	339	46.40	0	-3.87	-3.17	0.00	0.00
1	1284	130977803	1149	367	1112	339	46.40	0	-3.87	-3.16	0.00	0.00
1	1285	130977844	1149	367	1112	339	46.40	0	-3.87	-3.16	0.00	0.00
1	1286	130977885	1149	367	1112	339	46.40	0	-3.88	-3.16	500.00	0.00
1	1287	130977926	1149	367	1134	339	31.76	0	-3.88	-3.16	500.00	0.00
1	1288	130977967	1149	367	1152	339	28.16	0	-3.88	-3.15	500.00	0.00
1	1289	130978008	1148	367	1176	339	39.60	0	-3.88	-3.15	500.00	0.00
1	1290	130978049	1148	366	1194	339	53.34	0	-3.88	-3.15	0.00	0.00
1	1291	130978090	1148	366	1194	339	53.34	0	-3.89	-3.14	0.00	0.00
1	1292	130978131	1148	366	1194	339	53.34	0	-3.89	-3.14	0.00	0.00
1	1293	130978171	1148	366	1194	339	53.34	0	-3.89	-3.14	0.00	0.00
1	1294	130978212	1148	366	1194	339	53.34	0	-3.89	-3.14	0.00	0.00
1	1295	130978253	1148	366	1194	339	53.34	0	-3.90	-3.13	-500.00	500.00
1	1296	130978294	1147	366	1177	355	31.95	0	-3.90	-3.13	-500.00	500.00
1	1297	130978335	1147	365	1153	380	16.16	0	-3.90	-3.13	-500.00	500.00
1	1298	130978376	1147	365	1130	402	40.72	0	-3.90	-3.13	0.00	0.00
1	1299	130978416	1147	365	1130	402	40.72	0	-3.90	-3.12	0.00	0.00
1	1300	130978457	1147	365	1130	402	40.72	0	-3.91	-3.12	0.00	0.00
1	1301	130978498	1147	365	1130	402	40.72	0	-3.91	-3.12	0.00	0.00
1	1302	130978539	1146	365	1130	402	40.31	0	-3.91	-3.12	0.00	0.00
1	1303	130978580	1146	365	1130	402	40.31	0	-3.91	-3.11	0.00	0.00
1	1304	130978621	1146	365	1130	402	40.31	0	-3.91	-3.11	0.00	-500.00
1	1305	130978662	1146	364	1130	379	21.93	0	-3.92	-3.11	0.00	-500.00
1	1306	130978703	1146	364	1130	361	16.28	0	-3.92	-3.11	500.00	-500.00
1	1307	130978744	1146	364	1154	338	27.20	0	-3.92	-3.10	0.00	-500.00
1	1308	130978785	1145	364	1154	320	44.91	0	-3.92	-3.10	0.00	0.00
1	1309	130978826	1145	364	1154	320	44.91	0	-3.93	-3.10	0.00	0.00
1	1310	130978867	1145	364	1154	320	44.91	0	-3.93	-3.09	0.00	0.00
1	1311	130978908	1145	364	1154	320	44.91	0	-3.93	-3.09	0.00	0.00
1	1312	130978948	1145	364	1154	320	44.91	0	-3.93	-3.09	0.00	0.00
1	1313	130978989	1145	363	1154	320	43.93	0	-3.93	-3.09	0.00	500.00
1	1314	130979030	1145	363	1154	338	26.57	0	-3.94	-3.08	-500.00	500.00
1	1315	130979071	1144	363	1130	361	14.14	0	-3.94	-3.08	-500.00	500.00
1	1316	130979112	1144	363	1113	379	34.89	0	-3.94	-3.08	0.00	0.00
1	1317	130979153	1144	363	1113	379	34.89	0	-3.94	-3.08	0.00	0.00
1	1318	130979194	1144	363	1113	379	34.89	0	-3.94	-3.07	0.00	0.00
1	1319	130979235	1144	363	1113	379	34.89	0	-3.95	-3.07	0.00	0.00
1	1320	130979276	1144	363	1113	379	34.89	0	-3.95	-3.07	0.00	0.00
1	1321	130979317	1143	362	1113	379	34.48	0	-3.95	-3.06	0.00	0.00
1	1322	130979358	1143	362	1113	379	34.48	0	-3.95	-3.06	500.00	0.00
1	1323	130979399	1143	362	1136	379	18.38	0	-3.96	-3.06	500.00	0.00
1	1324	130979440	1143	362	1154	379	20.25	0	-3.96	-3.06	500.00	0.00
1	1325	130979481	1143	362	1177	379	38.01	0	-3.96	-3.05	500.00	0.00
1	1326	130979522	1143	362	1195	379	54.71	0	-3.96	-3.05	0.00	0.00
1	1327	130979563	1142	362	1195	379	55.66	0	-3.96	-3.05	0.00	0.00
1	1328	130979604	1142	362	1195	379	55.66	0	-3.97	-3.05	0.00	0.00
1	1329	130979644	1142	361	1195	379	55.97	0	-3.97	-3.04	0.00	0.00
1	1330	130979685	1142	361	1195	379	55.97	0	-3.97	-3.04	0.00	0.00
1	1331	130979726	1142	361	1195	379	55.97	0	-3.97	-3.04	0.00	0.00
1	1332	130979767	1142	361	1195	379	55.97	0	-3.97	-3.03	0.00	0.00
1	1333	130979808	1141	361	1195	379	56.92	0	-3.98	-3.03	0.00	0.00
1	1334	130979849	1141	361	1195	379	56.92	0	-3.98	-3.03	0.00	0.00
1	1335	130979890	1141	361	1195	379	56.92	0	-3.98	-3.03	0.00	0.00
1	1336	130979931	1141	361	1195	379	56.92	0	-3.98	-3.02	0.00	0.00
1	1337	130979972	1141	360	1195	379	57.25	0	-3.98	-3.02	0.00	0.00
1	1338	130980013	1141	360	1195	379	57.25	0	-3.99	-3.02	0.00	0.00
1	1339	130980054	1140	360	1195	379	58.19	0	-3.99	-3.02	0.00	0.00
1	1340	130980095	1140	360	1195	379	58.19	0	-3.99	-3.01	0.00	0.00
1	1341	130980136	1140	360	1195	379	58.19	0	-3.99	-3.01	0.00	0.00
1	1342	130980176	1140	360	1195	379	58.19	0	-3.99	-3.01	0.00	0.00
1	1343	130980217	1140	360	1195	379	58.19	0	-4.00	-3.00	0.00	0.00
1	1344	130980257	1140	360	1195	379	58.19	0	-4.00	-3.00	-500.00	0.00
1	1345	130980298	1139	359	1171	379	37.74	0	-4.00	-3.00	-500.00	-500.00
1	1346	130980339	1139	359	1154	361	15.13	0	-4.00	-3.00	-500.00	0.00
1	1347	130980380	1139	359	1130	361	9.22	1	-4.00	-2.99	0.00	0.00
1	1348	130980420	1139	359	1130	361	9.22	1	-4.01	-2.99	0.00	0.00
1	1349	130980461	1139	359	1130	361	9.22	1	-4.01	-2.99	0.00	0.00
1	1350	130980502	1139	359	1130	361	9.22	1	-4.01	-2.99	0.00	0.00
1	1351	130980543	1138	359	1130	361	8.25	1	-4.01	-2.98	0.00	0.00
1	1352	130980584	1138	359	1130	361	8.25	1	-4.01	-2.98	0.00	0.00
1	1353	130980625	1138	358	1130	361	8.54	1	-4.02	-2.98	0.00	0.00
1	1354	130980666	1138	358	1130	361	8.54	1	-4.02	-2.97	0.00	0.00
1	1355	130980707	1138	358	1130	361	8.54	1	-4.02	-2.97	0.00	0.00
1	1356	130980748	1138	358	1130	361	8.54	1	-4.02	-2.97	0.00	0.00
1	1357	130980789	1137	358	1130	361	7.62	1	-4.03	-2.97	0.00	0.00
1	1358	130980830	1137	358	1130	361	7.62	1	-4.03	-2.96	0.00	0.00
1	1359	130980871	1137	358	1130	361	7.62	1	-4.03	-2.96	0.00	0.00
1	1360	130980912	1137	358	1130	361	7.62	1	-4.03	-2.96	0.00	0.00
1	1361	130980953	1137	358	1130	361	7.62	1	-4.03	-2.96	500.00	0.00
1	1362	130980994	1137	357	1149	361	12.65	0	-4.04	-2.95	500.00	0.00
1	1363	130981035	1136	357	1172	361	36.22	0	-4.04	-2.95	500.00	0.00
1	1364	130981076	1136	357	1190	361	54.15	0	-4.04	-2.95	500.00	0.00
1	1365	130981117	1136	357	1213	361	77.10	0	-4.04	-2.94	0.00	0.00
1	1366	130981158	1136	357	1213	361	77.10	0	-4.04	-2.94	0.00	0.00
1	1367	130981198	1136	357	1213	361	77.10	0	-4.05	-2.94	0.00	0.00
1	1368	130981238	1136	357	1213	361	77.10	0	-4.05	-2.94	0.00	0.00
1	1369	130981279	1135	357	1213	361	78.10	0	-4.05	-2.93	-500.00	0.00
1	1370	130981319	1135	356	1196	361	61.20	0	-4.05	-2.93	-500.00	0.00
1	1371	130981360	1135	356	1172	361	37.34	0	-4.05	-2.93	-500.00	0.00
1	1372	130981401	1135	356	1150	361	15.81	0	-4.06	-2.92	-500.00	0.00
1	1373	130981441	1135	356	1132	361	5.83	1	-4.06	-2.92	0.00	0.00
1	1374	130981482	1135	356	1132	361	5.83	1	-4.06	-2.92	0.00	0.00
1	1375	130981523	1134	356	1132	361	5.39	1	-4.06	-2.92	0.00	0.00
1	1376	130981564	1134	356	1132	361	5.39	1	-4.06	-2.91	0.00	0.00
1	1377	130981605	1134	356	1132	361	5.39	1	-4.07	-2.91	0.00	0.00
1	1378	130981646	1134	355	1132	361	6.32	1	-4.07	-2.91	0.00	0.00
1	1379	130981687	1134	355	1132	361	6.32	1	-4.07	-2.91	0.00	0.00
1	1380	130981728	1134	355	1132	361	6.32	1	-4.07	-2.90	0.00	0.00
1	1381	130981769	1133	355	1132	361	6.08	1	-4.07	-2.90	0.00	0.00
1	1382	130981810	1133	355	1132	361	6.08	1	-4.07	-2.90	0.00	0.00
1	1383	130981851	1133	355	1132	361	6.08	1	-4.08	-2.89	0.00	0.00
1	1384	130981892	1133	355	1132	361	6.08	1	-4.08	-2.89	0.00	0.00
1	1385	130981932	1133	355	1132	361	6.08	1	-4.08	-2.89	0.00	0.00
1	1386	130981973	1133	354	1132	361	7.07	1	-4.08	-2.89	0.00	0.00
1	1387	130982013	1132	354	1132	361	7.00	1	-4.09	-2.88	0.00	0.00
1	1388	130982054	1132	354	1132	361	7.00	1	-4.09	-2.88	0.00	-500.00
1	1389	130982094	1132	354	1132	344	10.00	0	-4.09	-2.88	0.00	-500.00
1	1390	130982135	1132	354	1132	326	28.00	0	-4.09	-2.88	0.00	-500.00
1	1391	130982176	1132	354	1132	303	51.00	0	-4.09	-2.87	0.00	500.00
1	1392	130982216	1132	354	1132	321	33.00	0	-4.09	-2.87	0.00	0.00
1	1393	130982257	1131	354	1132	321	33.02	0	-4.10	-2.87	0.00	0.00
1	1394	130982298	1131	354	1132	321	33.02	0	-4.10	-2.86	0.00	0.00
1	1395	130982339	1131	353	1132	321	32.02	0	-4.10	-2.86	0.00	0.00
1	1396	130982379	1131	353	1132	321	32.02	0	-4.10	-2.86	0.00	0.00
1	1397	130982420	1131	353	1132	321	32.02	0	-4.10	-2.85	0.00	0.00
1	1398	130982461	1131	353	1132	321	32.02	0	-4.11	-2.85	0.00	500.00
1	1399	130982502	1130	353	1132	340	13.15	0	-4.11	-2.85	0.00	500.00
1	1400	130982543	1130	353	1132	357	4.47	1	-4.11	-2.85	0.00	500.00
1	1401	130982584	1130	353	1132	381	28.07	0	-4.11	-2.84	0.00	500.00
1	1402	130982625	1130	353	1132	398	45.04	0	-4.11	-2.84	0.00	0.00
1	1403	130982666	1130	353	1132	398	45.04	0	-4.12	-2.84	0.00	0.00
1	1404	130982707	1130	352	1132	398	46.04	0	-4.12	-2.84	0.00	0.00
1	1405	130982748	1129	352	1132	398	46.10	0	-4.12	-2.83	0.00	0.00
1	1406	130982789	1129	352	1132	398	46.10	0	-4.12	-2.83	0.00	0.00
1	1407	130982830	1129	352	1132	398	46.10	0	-4.12	-2.83	0.00	0.00
1	1408	130982871	1129	352	1132	398	46.10	0	-4.13	-2.82	0.00	0.00
1	1409	130982912	1129	352	1132	398	46.10	0	-4.13	-2.82	0.00	-500.00
1	1410	130982953	1129	352	1132	381	29.15	0	-4.13	-2.82	0.00	-500.00
1	1411	130982993	1128	352	1132	358	7.21	1	-4.13	-2.82	0.00	500.00
1	1412	130983034	1128	351	1132	377	26.31	0	-4.13	-2.81	0.00	0.00
1	1413	130983075	1128	351	1132	377	26.31	0	-4.14	-2.81	0.00	0.00
1	1414	130983116	1128	351	1132	377	26.31	0	-4.14	-2.81	0.00	0.00
1	1415	130983156	1128	351	1132	377	26.31	0	-4.14	-2.80	0.00	0.00
1	1416	130983197	1128	351	1132	377	26.31	0	-4.14	-2.80	0.00	0.00
1	1417	130983237	1127	351	1132	377	26.48	0	-4.14	-2.80	0.00	0.00
1	1418	130983278	1127	351	1132	377	26.48	0	-4.15	-2.80	-500.00	-500.00
1	1419	130983319	1127	351	1115	359	14.42	0	-4.15	-2.79	-500.00	-500.00
1	1420	130983359	1127	351	1096	341	32.57	0	-4.15	-2.79	0.00	-500.00
1	1421	130983400	1127	350	1096	317	45.28	0	-4.15	-2.79	0.00	0.00
1	1422	130983440	1127	350	1096	317	45.28	0	-4.15	-2.78	0.00	0.00
1	1423	130983481	1126	350	1096	317	44.60	0	-4.15	-2.78	0.00	0.00
1	1424	130983522	1126	350	1096	317	44.60	0	-4.16	-2.78	0.00	0.00
1	1425	130983563	1126	350	1096	317	44.60	0	-4.16	-2.78	0.00	0.00
1	1426	130983603	1126	350	1096	317	44.60	0	-4.16	-2.77	0.00	0.00
1	1427	130983644	1126	350	1096	317	44.60	0	-4.16	-2.77	0.00	0.00
1	1428	130983685	1126	350	1096	317	44.60	0	-4.16	-2.77	0.00	0.00
1	1429	130983726	1125	350	1096	317	43.93	0	-4.17	-2.76	0.00	0.00
1	1430	130983767	1125	349	1096	317	43.19	0	-4.17	-2.76	0.00	0.00
1	1431	130983808	1125	349	1096	317	43.19	0	-4.17	-2.76	0.00	0.00
1	1432	130983849	1125	349	1096	317	43.19	0	-4.17	-2.76	0.00	0.00
1	1433	130983890	1125	349	1096	317	43.19	0	-4.17	-2.75	0.00	0.00
1	1434	130983931	1125	349	1096	317	43.19	0	-4.18	-2.75	0.00	0.00
1	1435	130983972	1124	349	1096	317	42.52	0	-4.18	-2.75	0.00	0.00
1	1436	130984013	1124	349	1096	317	42.52	0	-4.18	-2.74	0.00	0.00
1	1437	130984054	1124	349	1096	317	42.52	0	-4.18	-2.74	0.00	0.00
1	1438	130984095	1124	349	1096	317	42.52	0	-4.18	-2.74	0.00	0.00
1	1439	130984136	1124	348	1096	317	41.77	0	-4.19	-2.74	0.00	0.00
1	1440	130984177	1124	348	1096	317	41.77	0	-4.19	-2.73	0.00	0.00
1	1441	130984218	1123	348	1096	317	41.11	0	-4.19	-2.73	0.00	0.00
1	1442	130984259	1123	348	1096	317	41.11	0	-4.19	-2.73	0.00	0.00
1	1443	130984300	1123	348	1096	317	41.11	0	-4.19	-2.72	0.00	0.00
1	1444	130984341	1123	348	1096	317	41.11	0	-4.19	-2.72	0.00	0.00
1	1445	130984382	1123	348	1096	317	41.11	0	-4.20	-2.72	-500.00	500.00
1	1446	130984423	1122	348	1078	336	45.61	0	-4.20	-2.72	-500.00	500.00
1	1447	130984464	1122	348	1054	359	68.88	0	-4.20	-2.71	0.00	500.00
1	1448	130984505	1122	347	1054	376	73.93	0	-4.20	-2.71	0.00	0.00
1	1449	130984546	1122	347	1054	376	73.93	0	-4.20	-2.71	0.00	0.00
1	1450	130984587	1122	347	1054	376	73.93	0	-4.21	-2.70	0.00	0.00
1	1451	130984628	1122	347	1054	376	73.93	0	-4.21	-2.70	0.00	0.00
1	1452	130984668	1121	347	1054	376	73.01	0	-4.21	-2.70	0.00	0.00
1	1453	130984709	1121	347	1054	376	73.01	0	-4.21	-2.70	500.00	0.00
1	1454	130984750	1121	347	1072	376	56.94	0	-4.21	-2.69	500.00	-500.00
1	1455	130984791	1121	347	1095	353	26.68	0	-4.21	-2.69	500.00	-500.00
1	1456	130984832	1121	347	1113	329	19.70	0	-4.22	-2.69	500.00	-500.00
1	1457	130984873	1121	346	1135	313	35.85	0	-4.22	-2.68	500.00	-500.00
1	1458	130984914	1120	346	1153	295	60.75	0	-4.22	-2.68	-500.00	0.00
1	1459	130984954	1120	346	1128	295	51.62	0	-4.22	-2.68	0.00	0.00
1	1460	130984995	1120	346	1128	295	51.62	0	-4.22	-2.68	0.00	0.00
1	1461	130985036	1120	346	1128	295	51.62	0	-4.23	-2.67	0.00	0.00
1	1462	130985077	1120	346	1128	295	51.62	0	-4.23	-2.67	0.00	0.00
1	1463	130985118	1120	346	1128	295	51.62	0	-4.23	-2.67	0.00	500.00
